CS10- 3 sun compass orientation
      0  18.8  78.0  12.0  86.3   1.0
NRM    335.2  65.1 335.2  65.1 1.90E-04 000.3 159.8  28.2 0.139482 0.058091 0.127213 hargrave 2023-02-02 21:19:33 
LT     338.1  64.4 338.1  64.4 8.98E-05 001.3 158.3  27.6 0.177804 0.223825 0.157181 hargrave 2023-02-05 15:41:12 
TT 150 329.6  68.5 329.6  68.5 7.91E-05 001.0 164.3  27.7 0.091566 0.127535 0.089402 hargrave 2023-02-16 22:21:54 
TT 250 338.7  65.5 338.7  65.5 7.76E-05 004.1 159.2  26.8 0.169164 0.667598 0.088522 hargrave 2023-02-17 14:50:54 
TT 350 334.3  68.3 334.3  68.3 6.72E-05 002.3 162.8  26.5 0.120370 0.277940 0.057165 hargrave 2023-02-17 21:23:44 
TT 375 331.4  68.2 331.4  68.2 6.44E-05 003.4 163.6  27.4 0.121478 0.384481 0.067048 hargrave 2023-02-18 15:45:15 
TT 400 329.8  68.5 329.8  68.5 6.08E-05 001.1 164.3  27.6 0.121562 0.103935 0.065779 hargrave 2023-02-19 09:17:29 
TT 450 320.3  69.2 320.3  69.2 5.44E-05 004.0 167.7  29.4 0.068988 0.382889 0.050385 hargrave 2023-02-20 12:11:46 
TT 500 328.0  61.5 328.0  61.5 4.11E-05 002.1 159.0  33.0 0.095517 0.154985 0.044898 hargrave 2023-02-20 17:36:01 
TT 550 300.2  47.5 300.2  47.5 2.40E-05 002.2 167.1  53.3 0.094694 0.060519 0.033402 hargrave 2023-02-21 11:54:56 
TT 557 301.6  53.5 301.6  53.5 1.93E-05 002.4 168.8  47.2 0.084586 0.054188 0.038861 hargrave 2023-02-21 17:47:24 
TT 561 301.5  59.7 301.5  59.7 1.83E-05 003.3 171.5  41.3 0.095768 0.079012 0.040918 hargrave 2023-02-22 13:37:05 
TT 565 359.3  71.3 359.3  71.3 1.15E-05 005.8 161.5  17.6 0.092621 0.094743 0.057950 hargrave 2023-02-22 20:23:06 
TT 570 301.3  77.5 301.3  77.5 1.45E-05 003.5 177.0  24.2 0.092830 0.057924 0.065616 hargrave 2023-02-23 14:32:28 
TT 575 347.9  73.4 086.7  10.3 1.07E-05 004.2 164.9  20.0 0.062353 0.045792 0.071563 hargrave 2023-03-14 09:40:53 
TT 580 287.2  61.5 099.0  32.1 1.13E-05 005.4 181.0  40.5 0.061698 0.092989 0.074240 hargrave 2023-03-14 14:39:51 
TT 584 287.0  55.8 098.5  37.7 1.20E-05 002.8 181.5  46.1 0.060699 0.035466 0.071462 hargrave 2023-03-15 08:57:05 
TT 588 261.3  26.6 140.8  59.7 1.43E-05 003.1 236.4  60.3 0.057464 0.043893 0.076166 hargrave 2023-03-15 15:36:42 
TT 594 330.6  36.5 054.9  34.7 5.24E-06 005.7 130.5  45.2 0.030395 0.034599 0.066483 hargrave 2023-03-16 09:11:37 
TT 602 194.2  51.8 140.2  04.3 6.67E-06 007.1 218.3  06.6 0.052297 0.030045 0.068945 hargrave 2023-03-16 17:44:29 
TT 611 178.2  40.3 150.4 -08.1 1.12E-05 006.1 226.1 -07.4 0.079847 0.041955 0.090795 hargrave 2023-03-17 10:45:12 
TT 619 049.2 -49.8 316.9 -26.0 9.45E-06 007.6 039.3 -28.6 0.062376 0.041838 0.106023 hargrave 2023-03-17 18:48:28 
