CS10- 8 sun compass orientation
    0.1   1.9  78.0  12.0  86.3   1.0
NRM    031.8  53.5 031.8  53.5 1.08E-05 003.0 148.7 -07.0 0.060626 0.037318 0.010962 hargrave 2023-02-02 21:28:31 
LT     044.9  67.4 044.9  67.4 5.51E-06 005.4 163.6 -03.7 0.057227 0.053664 0.003439 hargrave 2023-02-05 15:48:17 
TT 150 040.0  63.1 040.0  63.1 5.06E-06 005.3 159.0 -05.1 0.040697 0.040754 0.006618 hargrave 2023-02-16 22:30:18 
TT 250 039.0  59.4 039.0  59.4 5.34E-06 002.9 155.9 -07.0 0.036619 0.019224 0.007095 hargrave 2023-02-17 14:59:24 
TT 350 034.9  58.3 034.9  58.3 4.87E-06 003.0 153.7 -05.9 0.033340 0.016680 0.007843 hargrave 2023-02-17 21:32:03 
TT 375 039.2  58.2 039.2  58.2 4.77E-06 004.6 155.0 -07.8 0.035074 0.031764 0.004558 hargrave 2023-02-18 15:53:38 
TT 400 031.9  57.9 031.9  57.9 4.61E-06 003.4 152.5 -04.8 0.032688 0.017852 0.006232 hargrave 2023-02-19 09:25:52 
TT 450 029.1  57.4 029.1  57.4 4.24E-06 004.5 151.3 -03.8 0.032419 0.024486 0.007178 hargrave 2023-02-20 12:20:13 
TT 500 026.7  60.1 026.7  60.1 3.63E-06 003.4 153.1 -01.4 0.024664 0.013159 0.008625 hargrave 2023-02-20 17:44:25 
TT 550 090.8  67.3 090.8  67.3 2.20E-06 005.0 179.6 -10.7 0.017086 0.007521 0.017302 hargrave 2023-02-21 12:01:48 
TT 557 106.5  61.0 106.5  61.0 2.00E-06 005.8 187.3 -16.0 0.015161 0.010266 0.017283 hargrave 2023-02-21 17:54:20 
TT 561 119.7  69.4 119.7  69.4 1.77E-06 006.4 189.5 -06.3 0.015099 0.008589 0.018005 hargrave 2023-02-22 13:45:29 
TT 565 082.2  56.1 082.2  56.1 2.19E-06 008.4 174.2 -21.4 0.017061 0.026104 0.018179 hargrave 2023-02-22 20:31:29 
TT 570 114.5  68.9 114.5  68.9 3.08E-06 007.9 188.0 -07.5 0.049719 0.047172 0.014659 hargrave 2023-02-23 14:40:56 
TT 575 153.8  50.2 134.5 -20.2 1.94E-06 007.2 214.8 -07.8 0.013472 0.007412 0.021602 hargrave 2023-03-14 09:49:55 
TT 580 143.1  57.4 124.2 -20.5 1.57E-06 010.7 205.1 -08.9 0.012016 0.014877 0.027613 hargrave 2023-03-14 14:48:51 
TT 580 139.8  47.9 129.9 -28.7 1.73E-06 003.7 211.2 -16.6 0.012402 0.005788 0.001798 hargrave 2023-03-14 15:47:36 
TT 584 009.6  54.4 066.3  04.4 1.98E-06 007.4 144.6  05.3 0.014082 0.008914 0.022936 hargrave 2023-03-15 09:06:02 
TT 588 139.7  69.8 114.5 -12.3 1.70E-06 012.5 194.8 -01.8 0.012572 0.026629 0.026673 hargrave 2023-03-15 15:45:42 
TT 588 140.2  58.3 122.3 -20.9 1.82E-06 002.9 203.4 -09.5 0.013330 0.004525 0.001827 hargrave 2023-03-15 15:55:45 
TT 594 016.9  27.2 039.5 -02.6 1.93E-06 008.8 119.9 -07.5 0.013035 0.023023 0.019000 hargrave 2023-03-16 09:20:41 
TT 602 029.7  83.0 095.3  01.5 2.39E-06 008.4 173.7  08.7 0.017393 0.021749 0.027845 hargrave 2023-03-16 17:53:30 
TT 611 347.5  60.9 074.7  14.9 2.66E-06 010.0 150.4  17.4 0.020739 0.036808 0.027908 hargrave 2023-03-17 10:54:14 
TT 619 117.0  61.3 109.8 -24.0 1.88E-06 010.0 192.1 -14.1 0.013778 0.012014 0.031132 hargrave 2023-03-17 18:57:30 
