CS10- 2 sun compass orientation
      0  16.9  79.0  12.0  86.3   1.0
NRM    332.0  76.2 332.0  76.2 3.89E-04 000.3 169.6  20.5 0.343271 0.075477 0.245101 hargrave 2023-02-02 21:18:00 
LT     326.6  69.7 326.6  69.7 1.62E-04 000.9 165.7  26.1 0.244679 0.119721 0.350440 hargrave 2023-02-05 15:40:00 
TT 150 310.5  71.4 310.5  71.4 1.50E-04 002.5 171.7  27.9 0.338231 0.478050 0.396501 hargrave 2023-02-16 22:20:20 
TT 250 326.7  66.4 326.7  66.4 1.44E-04 002.0 163.1  28.4 0.339429 0.219038 0.401667 hargrave 2023-02-17 14:49:21 
TT 350 311.1  70.6 311.1  70.6 1.24E-04 001.6 171.1  28.5 0.279594 0.154350 0.277003 hargrave 2023-02-17 21:22:11 
TT 375 314.5  68.2 314.5  68.2 1.21E-04 002.7 168.5  30.0 0.378197 0.399000 0.340589 hargrave 2023-02-18 15:43:41 
TT 400 311.7  68.5 311.7  68.5 1.14E-04 002.1 169.8  30.3 0.311125 0.154778 0.322676 hargrave 2023-02-19 09:15:56 
TT 450 314.6  67.5 314.6  67.5 1.03E-04 003.9 168.1  30.6 0.201538 0.655068 0.267922 hargrave 2023-02-20 12:10:12 
TT 500 322.3  68.7 322.3  68.7 8.41E-05 001.7 166.2  27.9 0.152642 0.166428 0.170331 hargrave 2023-02-20 17:34:27 
TT 550 324.1  68.3 324.1  68.3 6.38E-05 003.3 165.4  27.8 0.146404 0.353397 0.097640 hargrave 2023-02-21 11:53:37 
TT 557 314.4  72.9 314.4  72.9 5.85E-05 001.5 171.3  26.0 0.140942 0.116675 0.100945 hargrave 2023-02-21 17:46:08 
TT 561 322.0  73.7 322.0  73.7 5.48E-05 001.4 169.8  24.1 0.116518 0.106259 0.061757 hargrave 2023-02-22 13:35:27 
TT 565 312.4  75.2 312.4  75.2 4.73E-05 003.1 173.1  24.3 0.147604 0.251476 0.036497 hargrave 2023-02-22 20:21:32 
TT 570 310.5  72.1 310.5  72.1 4.52E-05 001.7 172.0  27.3 0.144657 0.110045 0.034125 hargrave 2023-02-23 14:30:54 
TT 575 012.0  74.6 086.6  03.6 4.20E-05 001.0 164.4  11.9 0.116608 0.041827 0.043766 hargrave 2023-03-14 09:39:22 
TT 580 346.9  72.0 085.5  11.1 4.04E-05 002.5 163.6  19.5 0.111663 0.167199 0.042503 hargrave 2023-03-14 14:38:20 
TT 584 332.4  68.0 084.4  17.3 3.46E-05 001.1 162.7  25.8 0.086319 0.046141 0.040332 hargrave 2023-03-15 08:55:34 
TT 588 028.7  73.1 085.8 -01.2 3.38E-05 003.2 163.3  07.1 0.123417 0.147317 0.081887 hargrave 2023-03-15 15:35:10 
TT 594 001.0  58.2 070.5  08.9 2.64E-05 002.6 147.9  17.7 0.094630 0.078938 0.083980 hargrave 2023-03-16 09:10:06 
TT 602 053.8  48.8 069.7 -22.9 2.24E-05 006.1 147.0 -14.2 0.164434 0.150948 0.139386 hargrave 2023-03-16 17:42:58 
TT 611 050.4  48.7 068.3 -21.2 2.04E-05 006.5 145.7 -12.4 0.139309 0.138677 0.155128 hargrave 2023-03-17 10:43:42 
TT 619 080.6  51.7 086.6 -31.7 3.01E-05 004.7 162.6 -23.4 0.190978 0.190924 0.121410 hargrave 2023-03-17 18:46:57 
TT 631 079.4  62.7 091.1 -21.4 2.73E-05 004.0 167.4 -13.3 0.133821 0.155243 0.087799 hargrave 2023-03-19 14:31:24 
TT 633 125.3  54.6 117.1 -28.6 1.89E-05 002.4 191.4 -22.6 0.111172 0.062149 0.097281 hargrave 2023-03-20 09:15:12 
TT 638 142.7  02.5 184.0 -48.9 1.18E-05 004.3 251.4 -51.9 0.067364 0.117440 0.109557 hargrave 2023-03-20 14:21:18 
TT 645 030.0  78.7 091.3  00.2 2.24E-05 002.1 168.9  08.2 0.087488 0.058818 0.056867 hargrave 2023-03-21 09:17:33 
TT 655 047.7  46.7 065.5 -20.6 1.37E-05 010.2 143.0 -11.8 0.112806 0.172856 0.151289 hargrave 2023-03-21 13:51:49 
TT 665 346.8  68.2 081.8  12.6 2.57E-05 005.2 159.8  21.1 0.082197 0.240336 0.128828 hargrave 2023-03-21 17:56:23 
