CS10- 1 sun compass orientation
      0  15.2  77.0  12.0  86.3   1.0
NRM    004.8  70.8 004.8  70.8 1.48E-03 000.5 160.4  15.7 0.699725 0.840626 0.736790 hargrave 2023-02-02 21:13:32 
LT     336.5  66.3 336.5  66.3 5.04E-04 000.5 159.4  26.8 0.426828 0.172322 0.623312 hargrave 2023-02-05 15:35:50 
TT 150 329.5  69.5 329.5  69.5 4.65E-04 000.8 164.1  27.0 0.958576 0.462609 0.346118 hargrave 2023-02-16 22:17:30 
TT 250 337.1  65.2 337.1  65.2 4.45E-04 001.0 158.2  27.2 0.993824 0.767774 0.380528 hargrave 2023-02-17 14:46:33 
TT 350 338.7  66.1 338.7  66.1 3.81E-04 004.5 158.8  26.1 0.813620 2.924645 0.485001 hargrave 2023-02-17 21:19:23 
TT 375 338.9  66.2 338.9  66.2 3.66E-04 001.8 158.7  26.0 0.623386 1.248621 0.334346 hargrave 2023-02-18 15:40:52 
TT 400 339.7  66.2 339.7  66.2 3.47E-04 003.5 158.6  25.7 1.410449 1.756258 0.293597 hargrave 2023-02-19 09:13:06 
TT 450 335.6  66.4 335.6  66.4 3.17E-04 005.4 159.8  27.0 0.820947 2.959134 0.315132 hargrave 2023-02-20 12:07:23 
TT 500 330.2  69.7 330.2  69.7 2.53E-04 001.5 164.0  26.8 0.530758 0.620839 0.475630 hargrave 2023-02-20 17:31:38 
TT 550 337.8  67.3 337.8  67.3 1.74E-04 004.2 160.1  25.8 0.522975 1.099439 0.706065 hargrave 2023-02-21 11:51:18 
TT 557 327.6  69.2 327.6  69.2 1.65E-04 003.2 164.3  27.8 0.489915 0.718071 0.649058 hargrave 2023-02-21 17:43:50 
TT 561 330.7  65.7 330.7  65.7 1.44E-04 003.4 160.4  29.1 0.491931 0.569138 0.697726 hargrave 2023-02-22 13:32:34 
TT 565 331.9  68.5 331.9  68.5 1.26E-04 003.7 162.6  27.0 0.484004 0.478656 0.739759 hargrave 2023-02-22 20:18:43 
TT 570 345.2  71.4 345.2  71.4 1.05E-04 004.7 162.7  21.7 0.511361 0.523805 0.756992 hargrave 2023-02-23 14:28:01 
TT 575 012.5  73.9 085.9  03.4 6.21E-05 009.5 163.5  13.2 0.262591 0.195423 1.052046 hargrave 2023-03-14 09:37:50 
TT 580 318.1  52.9 077.1  32.5 8.76E-05 005.6 153.7  42.3 0.300627 0.283450 1.112087 hargrave 2023-03-14 14:36:49 
TT 584 295.9  59.6 093.7  33.1 6.39E-05 007.6 172.6  42.7 0.241299 0.233254 1.188108 hargrave 2023-03-15 08:54:03 
TT 588 225.0  61.8 126.7  18.3 6.09E-05 009.5 207.0  25.3 0.284877 0.260140 1.152728 hargrave 2023-03-15 15:33:38 
TT 588 202.8  64.3 127.5  08.0 5.62E-05 002.4 206.5  15.0 0.259578 0.213543 0.038853 hargrave 2023-03-15 15:52:31 
TT 594 292.8  54.5 094.0  38.4 4.23E-05 007.8 173.4  48.1 0.389392 0.267576 1.065700 hargrave 2023-03-16 09:08:35 
TT 602 229.7  28.4 159.7  34.6 4.24E-05 012.8 244.2  36.3 0.276311 0.262430 1.062156 hargrave 2023-03-16 17:41:26 
TT 611 269.0  38.1 119.4  53.6 5.87E-05 005.4 207.0  61.1 0.364334 0.261527 1.090429 hargrave 2023-03-17 10:42:11 
TT 619 313.6  41.5 069.6  42.8 5.02E-05 007.1 144.3  52.3 0.257865 0.273021 1.049495 hargrave 2023-03-17 18:45:23 
