CS10- 5 sun compass orientation
   0.15   5.8  92.0  12.0  86.3   1.0
NRM    026.6  64.1 026.6  64.1 1.27E-05 002.3 155.5 -10.7 0.062919 0.031965 0.008510 hargrave 2023-02-02 21:22:30 
LT     035.0  66.9 035.0  66.9 1.06E-05 001.5 159.4 -12.9 0.045949 0.018759 0.004436 hargrave 2023-02-05 15:43:57 
TT 150 047.8  70.1 047.8  70.1 7.87E-06 002.3 164.8 -15.1 0.050569 0.021935 0.007781 hargrave 2023-02-16 22:25:11 
TT 250 049.6  64.5 049.6  64.5 7.42E-06 002.5 160.8 -19.2 0.047996 0.019912 0.005467 hargrave 2023-02-17 14:54:18 
TT 350 060.2  63.3 060.2  63.3 7.43E-06 005.5 163.5 -23.3 0.050918 0.063819 0.003962 hargrave 2023-02-17 21:26:59 
TT 375 061.9  63.5 061.9  63.5 7.40E-06 004.0 164.3 -23.6 0.052308 0.041441 0.003879 hargrave 2023-02-18 15:48:32 
TT 400 061.7  64.7 061.7  64.7 7.34E-06 003.3 165.0 -22.6 0.049205 0.032766 0.002837 hargrave 2023-02-19 09:20:45 
TT 450 055.2  64.9 055.2  64.9 7.35E-06 007.5 162.8 -20.7 0.056719 0.088508 0.002575 hargrave 2023-02-20 12:15:06 
TT 500 071.6  71.4 071.6  71.4 7.17E-06 003.7 172.0 -18.9 0.046649 0.042569 0.002894 hargrave 2023-02-20 17:39:18 
TT 550 061.6  68.1 061.6  68.1 5.14E-06 004.2 167.1 -19.9 0.032017 0.033944 0.010121 hargrave 2023-02-21 11:57:36 
TT 557 074.8  64.2 074.8  64.2 4.87E-06 005.1 170.0 -26.0 0.032311 0.038008 0.009685 hargrave 2023-02-21 17:50:03 
TT 561 078.9  64.7 078.9  64.7 5.43E-06 002.8 172.0 -26.2 0.036583 0.019111 0.010567 hargrave 2023-02-22 13:40:21 
TT 565 057.6  52.0 057.6  52.0 5.18E-06 006.3 153.7 -30.7 0.035942 0.046910 0.017738 hargrave 2023-02-22 20:26:23 
TT 570 085.1  62.5 085.1  62.5 5.26E-06 004.9 174.4 -28.9 0.035550 0.038359 0.021311 hargrave 2023-02-23 14:35:50 
TT 575 092.5  60.3 096.8 -25.6 5.41E-06 003.2 178.1 -31.6 0.032341 0.024407 0.011985 hargrave 2023-03-14 09:43:51 
TT 580 079.4  61.6 090.6 -22.4 4.75E-06 007.5 171.2 -29.1 0.033249 0.058863 0.012806 hargrave 2023-03-14 14:42:47 
TT 584 057.7  52.6 074.7 -22.5 3.87E-06 005.3 154.3 -30.4 0.025954 0.024253 0.020040 hargrave 2023-03-15 09:00:00 
TT 588 063.7  63.7 085.4 -16.8 4.97E-06 011.9 165.1 -24.0 0.040352 0.098828 0.017472 hargrave 2023-03-15 15:39:37 
TT 588 089.3  66.8 096.7 -18.9 5.14E-06 001.7 177.2 -25.0 0.034621 0.006046 0.003230 hargrave 2023-03-15 15:54:06 
TT 594 065.2  59.6 083.1 -20.4 4.18E-06 006.4 163.0 -27.8 0.028245 0.040870 0.014649 hargrave 2023-03-16 09:14:32 
TT 602 090.6  64.4 096.7 -21.4 4.96E-06 003.8 177.5 -27.5 0.030240 0.025875 0.020166 hargrave 2023-03-16 17:47:27 
TT 611 078.8  53.2 086.2 -29.8 3.43E-06 005.7 167.3 -36.9 0.024247 0.028097 0.017004 hargrave 2023-03-17 10:48:13 
TT 619 097.1  61.7 099.4 -24.5 5.02E-06 004.6 180.7 -30.3 0.030027 0.035693 0.019188 hargrave 2023-03-17 18:51:29 
TT 631 097.7  59.8 099.6 -26.4 4.21E-06 005.5 181.1 -32.2 0.017580 0.037139 0.019072 hargrave 2023-03-19 14:36:02 
TT 633 083.2  61.6 092.4 -23.1 5.72E-06 007.9 173.1 -29.6 0.035290 0.074129 0.029460 hargrave 2023-03-20 09:19:52 
TT 638 071.0  59.1 085.3 -22.6 4.21E-06 008.9 165.6 -29.7 0.022205 0.060837 0.020086 hargrave 2023-03-20 14:25:57 
TT 645 088.6  60.0 094.6 -25.5 4.77E-06 006.8 175.8 -31.8 0.019222 0.054501 0.019631 hargrave 2023-03-21 09:23:03 
TT 655 053.7  42.9 064.4 -26.2 3.40E-06 009.4 143.4 -34.5 0.025308 0.048759 0.016309 hargrave 2023-03-21 13:56:28 
TT 665 072.8  66.9 090.5 -16.4 4.66E-06 008.2 170.4 -23.1 0.017952 0.064173 0.019028 hargrave 2023-03-21 18:01:05 
TT 675 063.7  48.9 074.5 -27.8 3.51E-06 000.9 154.5 -35.7 0.006515 0.002707 0.003932 hargrave 2023-03-21 21:07:00 
