CS10- 4 sun compass orientation
   0.15   9.1  89.0  12.0  86.3   1.0
NRM    316.4  38.9 316.4  38.9 2.43E-05 001.9 142.6  39.1 0.070780 0.042829 0.020553 hargrave 2023-02-02 21:21:03 
LT     315.0  37.9 315.0  37.9 1.95E-05 003.3 142.5  40.6 0.095213 0.068137 0.034282 hargrave 2023-02-05 15:42:26 
TT 150 312.0  35.3 312.0  35.3 1.82E-05 004.8 141.9  44.1 0.100973 0.121069 0.028364 hargrave 2023-02-16 22:23:32 
TT 250 313.2  33.2 313.2  33.2 1.72E-05 002.2 138.8  44.6 0.062190 0.034145 0.022868 hargrave 2023-02-17 14:52:35 
TT 350 317.7  35.7 317.7  35.7 1.26E-05 003.8 138.5  40.1 0.067860 0.054549 0.012430 hargrave 2023-02-17 21:25:20 
TT 375 317.3  39.2 317.3  39.2 1.18E-05 006.1 142.3  38.3 0.075007 0.107792 0.016904 hargrave 2023-02-18 15:46:52 
TT 400 319.8  39.1 319.8  39.1 1.11E-05 006.2 140.8  36.9 0.083057 0.090987 0.011638 hargrave 2023-02-19 09:19:06 
TT 450 324.3  34.6 324.3  34.6 9.86E-06 006.7 133.7  36.1 0.084286 0.084637 0.007852 hargrave 2023-02-20 12:13:23 
TT 500 316.2  32.1 316.2  32.1 8.54E-06 002.9 135.5  43.2 0.037899 0.023395 0.010386 hargrave 2023-02-20 17:37:38 
TT 550 309.1  32.7 309.1  32.7 6.71E-06 002.7 141.4  47.6 0.024542 0.018698 0.016953 hargrave 2023-02-21 11:56:15 
TT 557 300.9  36.2 300.9  36.2 6.49E-06 002.9 152.6  49.4 0.028327 0.019253 0.014195 hargrave 2023-02-21 17:48:42 
TT 561 298.1  37.2 298.1  37.2 6.56E-06 003.2 156.4  49.8 0.032993 0.018093 0.015238 hargrave 2023-02-22 13:38:41 
TT 565 308.3  35.4 308.3  35.4 6.17E-06 004.4 144.9  46.2 0.035976 0.031231 0.013763 hargrave 2023-02-22 20:24:43 
TT 570 305.1  41.6 305.1  41.6 5.52E-06 004.3 153.3  43.1 0.034652 0.026944 0.011809 hargrave 2023-02-23 14:34:06 
TT 575 313.7  43.1 071.2  41.6 5.92E-06 003.5 148.4  37.8 0.030427 0.023421 0.009762 hargrave 2023-03-14 09:42:23 
TT 580 309.2  42.0 073.5  44.6 6.19E-06 003.2 150.5  40.9 0.031242 0.019001 0.014888 hargrave 2023-03-14 14:41:19 
TT 584 314.0  40.8 068.7  43.1 5.93E-06 004.8 146.0  39.2 0.035810 0.036514 0.010818 hargrave 2023-03-15 08:58:32 
TT 588 308.7  46.0 077.2  41.7 6.52E-06 004.7 154.1  38.1 0.033993 0.045639 0.012303 hargrave 2023-03-15 15:38:10 
TT 594 321.9  45.0 067.9  35.9 5.87E-06 003.8 145.5  32.1 0.029343 0.030431 0.012906 hargrave 2023-03-16 09:13:05 
TT 602 315.0  57.1 081.9  30.6 6.90E-06 004.6 159.1  27.0 0.037534 0.047093 0.014829 hargrave 2023-03-16 17:45:59 
TT 611 308.3  46.3 077.9  41.6 5.52E-06 004.8 154.7  38.0 0.029829 0.038773 0.012419 hargrave 2023-03-17 10:46:43 
TT 619 321.1  54.1 076.6  30.4 6.03E-06 005.2 154.0  26.7 0.034613 0.046902 0.015592 hargrave 2023-03-17 18:50:02 
TT 631 303.0  35.1 072.7  53.1 5.78E-06 006.2 149.4  49.3 0.037475 0.054320 0.012669 hargrave 2023-03-19 14:33:11 
TT 633 326.2  54.7 074.9  27.8 6.70E-06 008.4 152.4  24.1 0.044893 0.088357 0.012221 hargrave 2023-03-20 09:17:01 
TT 638 313.6  46.7 074.5  39.0 4.66E-06 005.6 151.6  35.3 0.016163 0.043956 0.014857 hargrave 2023-03-20 14:23:06 
TT 645 312.5  64.0 087.7  25.8 5.98E-06 002.7 164.9  22.5 0.014012 0.022132 0.021733 hargrave 2023-03-21 09:19:22 
TT 655 318.8  45.7 070.4  37.2 4.51E-06 003.6 147.7  33.4 0.019088 0.026559 0.016792 hargrave 2023-03-21 13:53:37 
TT 665 300.6  64.0 092.9  28.2 6.16E-06 006.9 169.8  25.0 0.030886 0.075229 0.017189 hargrave 2023-03-21 17:58:12 
TT 675 328.9  60.4 078.9  23.1 3.36E-06 001.5 156.4  19.5 0.007571 0.007883 0.004184 hargrave 2023-03-21 21:05:36 
