CS10- 6 sun compass orientation
      0  12.8  83.0  12.0  86.3   1.0
NRM    128.3  23.5 128.3  23.5 3.73E-03 000.3 218.5 -50.6 3.700488 2.529512 5.297971 hargrave 2023-02-02 21:23:53 
LT     121.4  34.1 121.4  34.1 7.14E-04 000.5 202.1 -45.3 0.623597 0.540850 0.794836 hargrave 2023-02-05 15:45:54 
TT 150 117.7  35.8 117.7  35.8 6.19E-04 002.7 197.2 -45.0 0.448736 2.503906 1.608663 hargrave 2023-02-16 22:26:53 
TT 250 117.9  36.8 117.9  36.8 5.78E-04 002.9 196.9 -43.9 0.471959 2.668987 1.318122 hargrave 2023-02-17 14:56:02 
TT 350 119.6  37.3 119.6  37.3 4.82E-04 002.4 198.3 -43.0 0.907266 1.426850 1.289623 hargrave 2023-02-17 21:28:41 
TT 375 121.1  37.0 121.1  37.0 4.49E-04 005.6 200.0 -42.8 0.622931 4.295345 1.001577 hargrave 2023-02-18 15:50:14 
TT 400 122.6  36.9 122.6  36.9 4.28E-04 003.4 201.5 -42.4 0.240970 2.408829 0.977085 hargrave 2023-02-19 09:22:28 
TT 450 119.9  39.0 119.9  39.0 3.78E-04 002.0 197.8 -41.4 1.038080 0.590683 0.798888 hargrave 2023-02-20 12:16:50 
TT 500 122.3  40.0 122.3  40.0 3.08E-04 002.3 199.4 -39.7 0.411000 1.049587 0.665974 hargrave 2023-02-20 17:41:01 
TT 550 119.1  50.6 119.1  50.6 1.28E-04 002.3 192.0 -30.7 0.239623 0.316011 0.362949 hargrave 2023-02-21 11:59:01 
TT 557 118.2  51.5 118.2  51.5 1.17E-04 002.1 191.0 -30.1 0.220123 0.151034 0.371649 hargrave 2023-02-21 17:51:31 
TT 561 116.2  54.0 116.2  54.0 1.08E-04 003.9 188.8 -28.0 0.145921 0.644273 0.364288 hargrave 2023-02-22 13:42:05 
TT 565 113.5  58.4 113.5  58.4 7.02E-05 005.1 186.1 -24.1 0.127464 0.534668 0.310828 hargrave 2023-02-22 20:28:06 
TT 570 120.1  56.9 120.1  56.9 5.61E-05 004.5 190.3 -24.5 0.072638 0.356419 0.257021 hargrave 2023-02-23 14:37:33 
TT 575 133.6  61.1 117.7 -20.7 5.53E-05 004.7 195.1 -17.8 0.174146 0.366816 0.224653 hargrave 2023-03-14 09:45:22 
TT 580 137.9  62.0 118.9 -18.9 5.27E-05 004.5 196.3 -15.9 0.077862 0.361196 0.202640 hargrave 2023-03-14 14:44:18 
TT 584 111.6  59.6 107.4 -26.2 4.10E-05 003.1 184.8 -23.0 0.074508 0.095887 0.202480 hargrave 2023-03-15 09:01:30 
TT 588 107.1  49.5 106.2 -36.6 4.34E-05 002.3 183.4 -33.4 0.062124 0.078372 0.195357 hargrave 2023-03-15 15:41:08 
TT 594 091.9  44.2 092.4 -41.2 4.11E-05 002.9 170.2 -37.8 0.058853 0.169152 0.151667 hargrave 2023-03-16 09:16:05 
TT 602 089.9  54.0 093.7 -31.4 3.55E-05 002.8 171.5 -28.0 0.054618 0.060995 0.181322 hargrave 2023-03-16 17:48:57 
TT 611 084.9  54.7 090.7 -29.9 3.06E-05 003.0 168.6 -26.5 0.055097 0.055620 0.170669 hargrave 2023-03-17 10:49:43 
TT 619 055.5  65.1 083.7 -13.3 2.21E-05 005.3 161.7 -09.9 0.077983 0.081075 0.185933 hargrave 2023-03-17 18:53:00 
