CS10- 7 sun compass orientation
    0.1   7.7  78.0  12.0  86.3   1.0
NRM    345.9  57.7 345.9  57.7 2.80E-05 002.0 147.7  21.7 0.045010 0.084482 0.009514 hargrave 2023-02-02 21:27:08 
LT     342.3  59.9 342.3  59.9 2.17E-05 002.0 150.5  23.0 0.026703 0.089943 0.015090 hargrave 2023-02-05 15:47:07 
TT 150 337.5  63.7 337.5  63.7 1.74E-05 003.4 155.2  23.9 0.076102 0.083715 0.039737 hargrave 2023-02-16 22:28:35 
TT 250 346.6  64.1 346.6  64.1 1.61E-05 004.0 154.3  19.9 0.078996 0.094007 0.033214 hargrave 2023-02-17 14:57:44 
TT 350 352.3  62.9 352.3  62.9 1.36E-05 004.1 152.6  17.7 0.072669 0.080509 0.011842 hargrave 2023-02-17 21:30:24 
TT 375 355.8  60.2 355.8  60.2 1.30E-05 003.7 149.6  16.3 0.070778 0.064038 0.024912 hargrave 2023-02-18 15:51:58 
TT 400 355.8  58.3 355.8  58.3 1.29E-05 004.8 147.6  16.4 0.076686 0.088346 0.025448 hargrave 2023-02-19 09:24:12 
TT 450 358.8  56.5 358.8  56.5 1.17E-05 005.3 145.7  14.9 0.077863 0.084350 0.019824 hargrave 2023-02-20 12:18:32 
TT 500 356.8  59.3 356.8  59.3 1.11E-05 002.6 148.6  15.9 0.055402 0.032411 0.003952 hargrave 2023-02-20 17:42:44 
TT 550 326.0  68.2 326.0  68.2 8.66E-06 001.8 162.1  25.8 0.039750 0.020953 0.005454 hargrave 2023-02-21 12:00:26 
TT 557 318.4  66.0 318.4  66.0 9.11E-06 002.6 162.3  29.4 0.043015 0.030772 0.003866 hargrave 2023-02-21 17:52:59 
TT 561 322.4  67.5 322.4  67.5 8.81E-06 003.2 162.4  27.3 0.049959 0.037825 0.004897 hargrave 2023-02-22 13:43:48 
TT 565 328.8  55.8 328.8  55.8 8.51E-06 003.2 149.3  31.1 0.046035 0.029947 0.009887 hargrave 2023-02-22 20:29:49 
TT 570 309.5  66.2 309.5  66.2 7.61E-06 004.6 165.5  31.7 0.045444 0.052614 0.008430 hargrave 2023-02-23 14:39:16 
TT 575 339.4  62.2 077.6  17.9 8.30E-06 003.5 153.4  23.6 0.043650 0.036533 0.012129 hargrave 2023-03-14 09:47:07 
TT 580 338.3  62.6 078.3  18.2 8.11E-06 007.6 154.0  23.9 0.059433 0.094493 0.006076 hargrave 2023-03-14 14:46:02 
TT 584 344.3  64.0 078.3  15.1 8.13E-06 004.7 154.5  20.9 0.043182 0.057388 0.009687 hargrave 2023-03-15 09:03:15 
TT 588 346.6  64.3 078.1  14.1 7.49E-06 002.7 154.5  19.9 0.037744 0.020417 0.009341 hargrave 2023-03-15 15:42:53 
TT 594 340.6  59.0 074.4  18.8 7.33E-06 003.6 149.9  24.1 0.039132 0.032793 0.007314 hargrave 2023-03-16 09:17:51 
TT 602 334.0  68.5 084.5  16.6 8.02E-06 005.3 160.7  23.1 0.044624 0.064568 0.012329 hargrave 2023-03-16 17:50:42 
TT 611 353.3  56.2 069.2  13.4 6.76E-06 005.8 145.5  17.9 0.047306 0.053441 0.007099 hargrave 2023-03-17 10:51:27 
TT 619 352.6  55.8 068.9  13.9 6.58E-06 005.5 145.1  18.4 0.042896 0.049891 0.006987 hargrave 2023-03-17 18:54:44 
TT 631 346.4  61.8 075.8  15.1 6.80E-06 006.2 152.0  20.6 0.035260 0.068073 0.003888 hargrave 2023-03-19 14:37:33 
TT 633 355.2  52.5 065.2  13.1 7.85E-06 001.6 141.5  17.1 0.021657 0.014078 0.008379 hargrave 2023-03-20 09:21:24 
TT 638 008.3  58.6 070.5  05.1 6.93E-06 005.9 148.0  09.9 0.042595 0.060117 0.004117 hargrave 2023-03-20 14:27:28 
TT 645 355.4  63.5 076.2  10.6 7.05E-06 003.6 153.0  16.2 0.018256 0.043425 0.005696 hargrave 2023-03-21 09:24:35 
TT 655 010.8  63.7 075.6  03.8 5.93E-06 004.4 153.3  09.4 0.023626 0.047150 0.002707 hargrave 2023-03-21 13:57:59 
TT 665 344.7  63.8 078.0  15.1 6.92E-06 004.9 154.2  20.8 0.025772 0.055962 0.007878 hargrave 2023-03-21 18:02:36 
TT 675 000.2  45.6 057.8  10.9 6.50E-06 000.9 134.4  13.7 0.010776 0.011251 0.003684 hargrave 2023-03-21 21:08:29 
