CS11- 5 sun compass orientation
   0.43 195.8  53.0 345.2  53.0   1.0
NRM    238.7  45.2 238.7  45.2 4.20E-04 000.5 148.9  02.5 0.189631 0.197214 0.347972 hargrave 2023-02-03 08:59:27 
LT     213.6 -20.3 213.6 -20.3 1.61E-04 001.0 083.3 -26.0 0.269923 0.081561 0.091380 hargrave 2023-02-05 15:58:40 
TT 150 206.8 -32.8 206.8 -32.8 1.76E-04 002.6 067.8 -27.0 0.692332 0.337741 0.262305 hargrave 2023-02-17 10:13:08 
TT 250 200.4 -40.8 200.4 -40.8 1.91E-04 000.8 057.3 -26.2 0.116459 0.092717 0.275204 hargrave 2023-02-17 16:35:52 
TT 350 199.6 -45.7 199.6 -45.7 1.70E-04 000.8 052.1 -27.9 0.160310 0.132526 0.166188 hargrave 2023-02-18 11:51:34 
TT 375 198.1 -45.8 198.1 -45.8 1.67E-04 002.3 051.4 -27.0 0.470134 0.396249 0.289011 hargrave 2023-02-18 17:48:49 
TT 400 203.7 -44.8 203.7 -44.8 1.70E-04 005.2 054.4 -30.1 1.264689 0.861676 0.221283 hargrave 2023-02-19 16:50:38 
TT 450 191.2 -48.7 191.2 -48.7 1.55E-04 001.3 046.1 -24.2 0.129705 0.162460 0.294925 hargrave 2023-02-20 13:56:11 
TT 500 196.6 -53.9 196.6 -53.9 1.58E-04 005.0 042.7 -29.5 0.957287 0.989043 0.173793 hargrave 2023-02-20 19:57:28 
TT 525 186.6 -56.5 186.6 -56.5 1.52E-04 006.8 037.2 -25.5 1.087931 1.423625 0.238358 hargrave 2023-02-21 14:17:43 
TT 550 195.7 -58.6 195.7 -58.6 1.52E-04 000.6 037.3 -30.9 0.068565 0.144913 0.157048 hargrave 2023-02-22 09:50:48 
TT 555 176.2 -52.0 176.2 -52.0 1.36E-04 001.0 037.6 -18.0 0.144150 0.106971 0.208006 hargrave 2023-02-22 16:27:20 
TT 560 190.7 -59.9 190.7 -59.9 1.45E-04 002.6 034.8 -29.0 0.370336 0.537183 0.152435 hargrave 2023-02-23 10:15:14 
TT 565 164.1 -54.5 213.0 -29.8 1.19E-04 000.4 030.6 -14.3 0.083423 0.033852 0.050042 hargrave 2023-03-13 18:06:28 
TT 568 157.0 -59.6 217.2 -35.1 1.05E-04 001.6 024.2 -15.4 0.059890 0.161043 0.260249 hargrave 2023-03-14 17:20:30 
TT 573 161.9 -62.4 221.2 -33.6 9.34E-05 002.2 024.0 -19.1 0.230630 0.211175 0.284632 hargrave 2023-03-15 12:38:05 
TT 578 142.0 -65.1 223.2 -42.6 9.17E-05 002.9 015.0 -15.9 0.189893 0.345157 0.292086 hargrave 2023-03-15 17:41:37 
TT 585 131.3 -68.5 228.8 -46.3 7.04E-05 003.7 009.5 -17.2 0.056587 0.373074 0.288554 hargrave 2023-03-16 12:16:46 
TT 588 152.5 -59.7 216.7 -37.4 7.59E-05 002.1 022.2 -14.1 0.120407 0.158041 0.234587 hargrave 2023-03-16 22:01:37 
TT 595 148.7 -67.7 226.7 -39.9 5.28E-05 004.0 015.9 -19.6 0.078962 0.278343 0.287461 hargrave 2023-03-17 13:04:49 
TT 600 165.2 -62.4 221.8 -32.2 3.11E-05 060.2 025.1 -20.2 2.830140 1.328601 1.148835 hargrave 2023-03-19 12:19:57 
TT 600 165.0 -62.0 221.4 -32.1 6.27E-05 002.6 025.4 -19.9 0.053222 0.320587 0.035355 hargrave 2023-03-19 13:08:50 
TT 610 082.9 -65.3 248.2 -61.3 5.96E-05 002.2 350.4 -13.9 0.115014 0.174322 0.160872 hargrave 2023-03-19 16:49:51 
TT 620 092.4 -65.4 240.7 -59.9 3.23E-05 041.8 354.3 -12.9 3.354468 0.341382 0.770121 hargrave 2023-03-20 11:44:12 
TT 620 095.0 -65.3 238.8 -59.3 6.50E-05 000.8 355.4 -12.7 0.046770 0.094074 0.029181 hargrave 2023-03-20 12:45:52 
TT 630 079.0 -62.3 250.7 -64.6 3.60E-05 003.6 347.6 -11.6 0.101849 0.084486 0.228101 hargrave 2023-03-20 16:02:47 
TT 640 145.1 -58.7 214.7 -40.9 5.16E-05 004.0 019.6 -11.2 0.109456 0.245526 0.251119 hargrave 2023-03-21 12:01:02 
TT 647 048.5 -52.1 297.4 -66.0 2.90E-05 005.2 328.1 -12.2 0.039309 0.161617 0.244940 hargrave 2023-03-21 14:55:25 
TT 655 172.8 -57.7 218.6 -26.8 4.50E-05 003.8 031.6 -20.0 0.098113 0.169212 0.241577 hargrave 2023-03-21 19:14:48 
