CS11- 2 sun compass orientation
   0.89 163.0  25.0 345.2  53.0   1.0
NRM    252.6  51.0 252.6  51.0 1.16E-04 000.6 179.7  26.0 0.230911 0.095876 0.198855 hargrave 2023-02-03 08:52:14 
LT     248.6  36.8 248.6  36.8 7.02E-05 002.1 176.4  11.8 0.114153 0.089899 0.253190 hargrave 2023-02-05 15:51:21 
TT 150 235.6  25.6 235.6  25.6 5.73E-05 005.1 164.3  01.6 0.537737 0.341659 0.220021 hargrave 2023-02-17 10:08:46 
TT 250 231.5  15.7 231.5  15.7 5.14E-05 002.4 159.2 -07.7 0.364732 0.182450 0.207287 hargrave 2023-02-17 16:31:29 
TT 350 232.7  08.8 232.7  08.8 4.29E-05 002.8 159.2 -14.6 0.373932 0.123120 0.186575 hargrave 2023-02-18 11:47:08 
TT 375 232.4  07.8 232.4  07.8 4.20E-05 003.5 158.7 -15.6 0.412356 0.105716 0.173530 hargrave 2023-02-18 17:44:28 
TT 400 234.7  05.0 234.7  05.0 4.29E-05 004.2 160.7 -18.7 0.227075 0.358602 0.171656 hargrave 2023-02-19 16:46:16 
TT 450 232.5  01.7 232.5  01.7 3.93E-05 002.3 157.9 -21.6 0.331501 0.113888 0.146698 hargrave 2023-02-20 13:51:51 
TT 500 231.9 -07.0 231.9 -07.0 3.64E-05 002.9 155.6 -30.1 0.314106 0.086153 0.135069 hargrave 2023-02-20 19:53:08 
TT 525 230.2 -06.9 230.2 -06.9 3.37E-05 004.8 153.7 -29.7 0.377757 0.082633 0.120879 hargrave 2023-02-21 14:14:13 
TT 550 231.0 -18.8 231.0 -18.8 2.50E-05 004.8 151.7 -41.5 0.319395 0.078511 0.133048 hargrave 2023-02-22 09:47:19 
TT 555 223.6 -08.6 223.6 -08.6 1.53E-05 007.8 145.9 -30.0 0.317296 0.074416 0.121834 hargrave 2023-02-22 16:22:51 
TT 560 211.3 -48.8 211.3 -48.8 1.46E-05 010.5 106.3 -62.9 0.269210 0.094670 0.111652 hargrave 2023-02-23 10:10:53 
TT 560 209.9 -59.2 209.9 -59.2 1.37E-05 005.0 086.1 -69.4 0.093489 0.071601 0.080119 hargrave 2023-02-23 11:18:09 
TT 565 146.2 -73.8 234.7 -40.5 4.34E-06 006.1 029.1 -56.8 0.064696 0.023082 0.061269 hargrave 2023-03-13 18:02:06 
TT 568 078.8 -57.8 249.3 -69.0 1.09E-05 008.7 003.7 -32.9 0.221417 0.032596 0.075076 hargrave 2023-03-14 17:16:08 
TT 573 070.7 -52.0 265.1 -74.7 8.93E-06 008.7 358.4 -27.0 0.215886 0.029734 0.068844 hargrave 2023-03-15 12:33:42 
TT 578 076.8 -35.9 126.7 -88.2 1.82E-05 003.8 003.1 -10.9 0.207814 0.073016 0.073111 hargrave 2023-03-15 17:37:11 
TT 585 044.3 -36.7 336.3 -65.6 1.32E-05 004.7 336.6 -14.1 0.202762 0.054063 0.053286 hargrave 2023-03-16 12:11:34 
TT 588 099.9 -31.2 156.5 -68.6 1.54E-05 003.8 023.0 -08.4 0.129962 0.082428 0.068324 hargrave 2023-03-16 21:57:17 
TT 595 055.6 -35.3 345.4 -74.2 5.89E-06 006.3 345.6 -11.2 0.176119 0.052990 0.057648 hargrave 2023-03-17 13:00:27 
TT 600 118.9 -26.0 161.4 -51.3 6.96E-06 010.3 040.7 -07.6 0.134993 0.050625 0.047737 hargrave 2023-03-19 12:15:36 
TT 610 028.6 -10.1 005.6 -40.4 1.42E-05 006.8 315.9  07.9 0.202015 0.047182 0.035593 hargrave 2023-03-19 16:45:29 
TT 620 048.3 -20.2 013.6 -61.3 1.77E-05 004.9 336.9  02.8 0.168657 0.092612 0.032372 hargrave 2023-03-20 11:39:49 
TT 630 002.9  06.7 001.3 -10.0 1.03E-05 009.8 285.4  14.4 0.180313 0.036409 0.046649 hargrave 2023-03-20 15:58:25 
TT 640 039.9 -17.0 008.4 -53.2 2.08E-05 005.1 328.5  04.2 0.184858 0.103559 0.045846 hargrave 2023-03-21 11:56:38 
TT 647 337.7  00.8 341.3  06.3 1.35E-05 008.7 264.9 -01.5 0.187335 0.065164 0.080701 hargrave 2023-03-21 14:51:02 
TT 655 021.3 -13.9 356.1 -37.1 1.98E-05 002.5 310.3  02.1 0.085079 0.081854 0.063177 hargrave 2023-03-21 19:10:23 
