CS11- 7 sun compass orientation
   0.66 161.7  30.0 345.2  53.0   1.0
NRM    308.4  64.8 308.4  64.8 7.74E-04 000.4 208.5  41.8 0.763218 0.255356 0.669166 hargrave 2023-02-03 09:00:43 
LT     293.6  67.1 293.6  67.1 4.93E-04 000.4 200.0  40.8 0.459006 0.254433 0.270311 hargrave 2023-02-05 15:59:53 
TT 150 318.1  65.2 318.1  65.2 4.51E-04 004.2 212.7  44.6 2.678349 0.898114 1.784835 hargrave 2023-02-17 10:14:32 
TT 250 298.0  66.9 298.0  66.9 2.13E-04 074.0 202.2  41.4 15.80574 6.454350 15.05083 hargrave 2023-02-17 16:37:16 
TT 250 313.6  66.8 313.6  66.8 4.26E-04 003.0 209.2  44.7 1.771080 0.417974 1.440207 hargrave 2023-02-17 17:34:42 
TT 350 306.8  65.7 306.8  65.7 1.92E-04 036.3 207.1  42.2 13.56944 6.956812 13.80592 hargrave 2023-02-18 11:52:58 
TT 350 325.1  66.5 325.1  66.5 3.82E-04 000.4 214.5  47.5 0.051476 0.206079 0.245451 hargrave 2023-02-18 12:46:40 
TT 375 308.1  69.0 308.1  69.0 3.72E-04 003.6 205.1  45.1 1.803303 0.242571 1.494299 hargrave 2023-02-18 17:50:12 
TT 400 307.8  64.9 307.8  64.9 1.78E-04 071.2 208.2  41.7 12.51951 6.711611 12.67241 hargrave 2023-02-19 16:52:01 
TT 400 322.2  67.6 322.2  67.6 3.54E-04 000.4 212.2  47.5 0.081731 0.201362 0.254590 hargrave 2023-02-19 18:16:18 
TT 450 314.8  68.3 314.8  68.3 3.28E-04 002.9 208.4  46.2 1.384373 0.398547 0.914117 hargrave 2023-02-20 13:57:34 
TT 500 315.1  66.6 315.1  66.6 2.93E-04 002.6 210.1  44.9 0.628042 0.774425 0.909708 hargrave 2023-02-20 19:58:51 
TT 525 311.0  68.6 311.0  68.6 2.82E-04 002.4 206.6  45.5 0.922545 0.102963 0.758692 hargrave 2023-02-21 14:18:50 
TT 550 309.2  68.4 309.2  68.4 2.58E-04 005.9 206.0  45.0 1.768025 1.826777 0.890911 hargrave 2023-02-22 09:51:55 
TT 555 318.7  68.7 318.7  68.7 2.52E-04 003.0 209.6  47.4 1.059692 0.154707 0.765232 hargrave 2023-02-22 16:28:45 
TT 560 314.8  67.2 314.8  67.2 2.33E-04 003.0 209.4  45.3 0.965934 0.327825 0.658889 hargrave 2023-02-23 10:16:38 
TT 565 328.9  68.1 047.2  39.9 2.23E-04 000.2 214.2  49.7 0.053943 0.028054 0.071270 hargrave 2023-03-13 18:08:57 
TT 568 318.3  65.1 043.3  44.2 9.54E-05 062.8 212.9  44.6 6.104691 3.946888 7.161503 hargrave 2023-03-14 17:21:53 
TT 568 324.6  67.4 046.2  41.5 1.91E-04 002.0 213.3  48.0 0.039550 0.708326 0.053447 hargrave 2023-03-14 18:17:09 
TT 573 326.2  65.1 043.2  40.9 1.82E-04 002.3 216.3  46.9 0.504081 0.272994 0.439321 hargrave 2023-03-15 12:39:29 
TT 578 329.4  67.3 046.1  39.7 1.42E-04 002.6 215.3  49.2 0.580642 0.054437 0.313095 hargrave 2023-03-15 17:43:01 
TT 585 321.8  64.5 042.4  42.7 6.76E-05 072.8 215.0  45.1 4.177147 2.923149 5.119601 hargrave 2023-03-16 12:18:09 
TT 585 337.8  62.4 040.7  35.4 1.34E-04 000.2 224.5  48.8 0.039215 0.024868 0.058866 hargrave 2023-03-16 14:32:44 
TT 588 337.5  64.2 042.8  36.0 1.15E-04 002.1 222.2  49.8 0.319939 0.163842 0.226364 hargrave 2023-03-16 22:03:00 
TT 595 329.1  63.9 041.8  39.6 1.12E-04 002.9 218.8  46.9 0.513507 0.157678 0.222770 hargrave 2023-03-17 13:06:14 
TT 600 344.4  65.2 044.9  33.3 9.45E-05 003.7 223.8  52.8 0.562981 0.175213 0.165649 hargrave 2023-03-19 12:21:22 
TT 610 336.4  60.8 038.6  35.7 9.31E-05 003.5 225.6  47.2 0.516975 0.244082 0.066830 hargrave 2023-03-19 16:51:15 
TT 620 341.4  61.4 040.0  33.5 8.08E-05 004.5 227.3  49.4 0.570394 0.286669 0.090647 hargrave 2023-03-20 11:45:38 
TT 630 328.1  60.7 037.5  39.7 8.17E-05 002.5 221.6  44.3 0.338292 0.045568 0.130703 hargrave 2023-03-20 16:04:11 
TT 640 342.6  68.3 048.3  34.9 5.74E-05 004.2 218.8  53.9 0.363690 0.218712 0.025631 hargrave 2023-03-21 12:02:28 
TT 647 318.1  59.1 034.9  44.6 6.85E-05 003.8 217.8  39.8 0.389946 0.218590 0.104723 hargrave 2023-03-21 14:56:49 
TT 655 006.0  59.4 044.2  21.8 4.96E-05 004.2 241.8  58.3 0.296492 0.202043 0.070157 hargrave 2023-03-21 19:16:13 
