CS11- 3 sun compass orientation
   0.84 153.8  22.0 345.2  53.0   1.0
NRM    231.8  19.3 231.8  19.3 4.48E-04 000.6 168.6 -02.2 0.210719 0.237086 0.392526 hargrave 2023-02-03 08:53:45 
LT     228.6  18.3 228.6  18.3 4.02E-04 000.6 165.6 -03.0 0.255705 0.234000 0.311743 hargrave 2023-02-05 15:53:19 
TT 150 236.1  15.0 236.1  15.0 3.87E-04 002.0 172.6 -06.8 0.479749 1.357454 0.389200 hargrave 2023-02-17 10:10:16 
TT 250 233.7  12.6 233.7  12.6 3.79E-04 000.9 170.0 -09.1 0.657449 0.260041 0.444898 hargrave 2023-02-17 16:33:00 
TT 350 235.0  10.5 235.0  10.5 3.64E-04 001.1 171.2 -11.3 0.782074 0.384402 0.372134 hargrave 2023-02-18 11:48:39 
TT 375 235.8  10.1 235.8  10.1 3.56E-04 001.0 172.0 -11.7 0.708266 0.329770 0.352173 hargrave 2023-02-18 17:45:58 
TT 400 235.7  09.4 235.7  09.4 3.42E-04 001.1 171.8 -12.3 0.699718 0.421563 0.297441 hargrave 2023-02-19 16:47:46 
TT 450 230.2  08.1 230.2  08.1 3.22E-04 001.9 166.2 -13.2 0.850898 0.710877 0.431257 hargrave 2023-02-20 13:53:21 
TT 500 231.0  07.1 231.0  07.1 3.05E-04 001.7 166.9 -14.3 0.480936 0.813990 0.453033 hargrave 2023-02-20 19:54:38 
TT 525 230.4  07.2 230.4  07.2 2.91E-04 002.5 166.3 -14.2 0.912442 0.819974 0.579797 hargrave 2023-02-21 14:15:26 
TT 550 233.4  07.2 233.4  07.2 2.76E-04 002.2 169.4 -14.4 0.484159 0.939400 0.532947 hargrave 2023-02-22 09:48:32 
TT 555 227.7  07.5 227.7  07.5 2.57E-04 002.0 163.6 -13.7 0.501673 0.642922 0.603037 hargrave 2023-02-22 16:24:22 
TT 560 229.4  06.0 229.4  06.0 2.46E-04 003.2 165.2 -15.3 0.946358 0.804765 0.789884 hargrave 2023-02-23 10:12:23 
TT 565 231.2  06.1 214.1  52.3 1.98E-04 000.5 167.1 -15.3 0.072741 0.082842 0.144286 hargrave 2023-03-13 18:03:36 
TT 568 234.7  09.4 216.2  56.9 1.33E-04 002.0 170.8 -12.3 0.336323 0.270116 0.347849 hargrave 2023-03-14 17:17:38 
TT 573 234.2  09.4 215.4  56.6 1.27E-04 002.1 170.3 -12.3 0.331594 0.266844 0.342087 hargrave 2023-03-15 12:35:12 
TT 578 233.0  13.1 209.9  59.0 6.54E-05 004.6 169.4 -08.6 0.121929 0.510068 0.192121 hargrave 2023-03-15 17:38:46 
TT 585 241.4  23.2 210.8  71.9 4.11E-05 002.7 177.8  01.3 0.106772 0.147998 0.133739 hargrave 2023-03-16 12:13:54 
TT 588 233.0  28.5 183.4  69.7 2.70E-05 004.5 170.4  06.8 0.041230 0.204303 0.094650 hargrave 2023-03-16 21:58:47 
TT 595 255.1  36.4 259.8  89.4 2.13E-05 004.5 189.4  14.7 0.083621 0.138383 0.094330 hargrave 2023-03-17 13:01:58 
TT 600 231.8  38.6 153.0  71.7 1.79E-05 006.3 170.2  17.0 0.037020 0.186610 0.082687 hargrave 2023-03-19 12:17:06 
TT 610 290.9  38.4 359.0  61.7 1.72E-05 005.6 218.3  22.1 0.097517 0.120708 0.078181 hargrave 2023-03-19 16:46:59 
TT 620 328.0  41.3 013.9  34.9 1.38E-05 007.6 247.0  35.7 0.138843 0.104610 0.062151 hargrave 2023-03-20 11:41:20 
TT 630 288.8  44.1 011.2  63.6 1.87E-05 006.5 214.7  27.0 0.117640 0.162836 0.092521 hargrave 2023-03-20 15:59:55 
TT 640 068.0  19.8 067.1 -32.9 1.04E-05 003.6 005.3  41.7 0.016708 0.052330 0.053609 hargrave 2023-03-21 11:58:09 
TT 647 297.8  28.6 344.4  53.4 2.12E-05 003.3 227.2  14.5 0.066855 0.066020 0.083790 hargrave 2023-03-21 14:52:33 
TT 655 142.2  16.9 137.8 -06.9 1.65E-05 004.5 085.8  19.9 0.122780 0.079647 0.088420 hargrave 2023-03-21 19:11:55 
