CS11- 9 sun compass orientation
   0.37 164.9  26.0 345.2  53.0   1.0
NRM    302.3  77.0 302.3  77.0 7.33E-04 000.3 196.3  54.0 0.580515 0.327233 0.715276 hargrave 2023-02-03 10:07:32 
LT     289.4  67.5 289.4  67.5 3.73E-04 000.4 197.5  43.8 0.449091 0.223927 0.368781 hargrave 2023-02-16 18:20:23 
TT 150 301.7  67.3 301.7  67.3 3.26E-04 004.6 203.7  45.5 0.875841 2.088876 1.348528 hargrave 2023-02-17 10:17:23 
TT 250 291.0  69.4 291.0  69.4 2.94E-04 003.6 197.3  45.8 1.215793 0.828523 1.200126 hargrave 2023-02-17 16:40:09 
TT 350 303.7  67.8 303.7  67.8 2.45E-04 004.1 204.3  46.3 0.745314 1.266634 1.013973 hargrave 2023-02-18 11:55:50 
TT 375 303.0  67.9 303.0  67.9 2.36E-04 004.4 203.9  46.3 0.705871 1.382060 0.984134 hargrave 2023-02-18 17:53:02 
TT 400 303.0  67.6 303.0  67.6 2.27E-04 004.8 204.1  46.0 0.532109 1.552669 0.964267 hargrave 2023-02-19 16:54:53 
TT 450 312.4  67.5 312.4  67.5 2.10E-04 003.4 208.7  47.7 1.049377 0.168725 0.710292 hargrave 2023-02-20 14:01:12 
TT 500 309.2  67.7 309.2  67.7 1.87E-04 003.6 207.0  47.3 0.737340 0.574236 0.722140 hargrave 2023-02-20 20:01:42 
TT 525 307.6  69.1 307.6  69.1 1.82E-04 004.1 205.2  48.1 0.580887 0.995674 0.641821 hargrave 2023-02-21 14:21:07 
TT 550 311.3  67.8 311.3  67.8 1.63E-04 004.6 208.0  47.8 0.238983 1.175388 0.574919 hargrave 2023-02-22 09:54:12 
TT 555 316.6  68.7 316.6  68.7 1.58E-04 003.2 209.6  49.6 0.575972 0.467039 0.514531 hargrave 2023-02-22 16:31:36 
TT 560 316.5  68.6 316.5  68.6 1.45E-04 003.5 209.6  49.6 0.165148 0.819095 0.353335 hargrave 2023-02-23 10:19:32 
TT 565 322.9  72.1 052.6  41.7 1.35E-04 000.2 208.7  53.6 0.049529 0.006659 0.084085 hargrave 2023-03-13 18:11:48 
TT 568 315.4  70.5 051.0  44.4 1.21E-04 004.6 207.4  50.8 0.824311 0.450118 0.276999 hargrave 2023-03-14 17:24:43 
TT 573 327.5  67.3 046.2  40.4 1.13E-04 003.4 215.9  51.2 0.635656 0.063530 0.264501 hargrave 2023-03-15 12:42:20 
TT 578 328.1  70.5 050.2  40.2 7.39E-05 002.8 212.6  53.6 0.246156 0.274246 0.107590 hargrave 2023-03-15 17:45:51 
TT 585 324.4  61.7 038.6  41.5 6.93E-05 004.1 219.7  45.9 0.094682 0.472197 0.173283 hargrave 2023-03-16 12:21:02 
TT 588 335.9  65.7 044.4  36.9 5.25E-05 003.3 221.6  52.3 0.119933 0.287131 0.088339 hargrave 2023-03-16 22:05:52 
TT 595 324.0  51.6 025.3  40.5 5.70E-05 003.5 226.9  37.4 0.349812 0.084093 0.109128 hargrave 2023-03-17 13:09:07 
TT 600 315.4  69.6 049.9  44.6 4.21E-05 003.4 208.2  50.1 0.080227 0.248600 0.050263 hargrave 2023-03-19 12:24:13 
TT 610 332.2  55.5 031.6  36.6 4.99E-05 003.2 229.4  43.3 0.063228 0.292302 0.081579 hargrave 2023-03-19 16:54:06 
TT 620 350.0  74.7 056.5  34.2 3.26E-05 003.8 213.2  61.3 0.225831 0.063302 0.033804 hargrave 2023-03-20 11:48:30 
TT 630 307.0  57.4 033.1  50.5 4.36E-05 003.1 212.5  37.7 0.095878 0.216323 0.090396 hargrave 2023-03-20 16:07:03 
TT 640 032.7  86.5 072.2  34.4 2.45E-05 003.6 185.8  66.4 0.132373 0.126096 0.070549 hargrave 2023-03-21 12:05:20 
TT 647 339.8  41.6 018.3  27.0 3.28E-05 001.4 244.8  34.5 0.072042 0.062922 0.028596 hargrave 2023-03-21 14:59:42 
TT 655 015.2  47.5 038.7  09.9 2.26E-05 006.6 268.4  54.3 0.257806 0.066756 0.073852 hargrave 2023-03-21 19:19:06 
