CS11- 8 sun compass orientation
   0.65 146.9  24.0 345.2  53.0   1.0
NRM    318.2  64.6 318.2  64.6 6.94E-04 000.3 224.8  53.1 0.453068 0.131314 0.539781 hargrave 2023-02-03 09:01:54 
LT     318.0  63.0 318.0  63.0 4.46E-04 000.5 226.4  51.8 0.337999 0.328973 0.183015 hargrave 2023-02-05 16:01:20 
TT 150 311.2  64.2 311.2  64.2 4.10E-04 001.4 221.4  50.8 0.920594 0.396962 0.415464 hargrave 2023-02-17 10:15:56 
TT 250 313.1  63.9 313.1  63.9 3.79E-04 001.5 222.8  51.1 0.946296 0.264974 0.336917 hargrave 2023-02-17 16:38:41 
TT 350 311.1  63.3 311.1  63.3 3.40E-04 001.3 222.3  50.0 0.244749 0.764045 0.307416 hargrave 2023-02-18 11:54:22 
TT 375 307.4  64.7 307.4  64.7 3.29E-04 001.7 218.9  50.2 0.243067 0.920445 0.267988 hargrave 2023-02-18 17:51:35 
TT 400 308.3  63.5 308.3  63.5 3.18E-04 001.1 220.5  49.5 0.246381 0.563369 0.261746 hargrave 2023-02-19 16:53:25 
TT 450 313.8  62.7 313.8  62.7 2.93E-04 001.2 224.4  50.3 0.582358 0.282532 0.062862 hargrave 2023-02-20 13:58:58 
TT 500 314.1  62.3 314.1  62.3 2.62E-04 000.5 225.0  50.0 0.156767 0.183031 0.073036 hargrave 2023-02-20 20:00:14 
TT 525 310.5  64.2 310.5  64.2 2.52E-04 001.4 221.2  50.6 0.337236 0.497348 0.090580 hargrave 2023-02-21 14:19:57 
TT 550 310.6  63.6 310.6  63.6 2.31E-04 000.8 221.8  50.1 0.280692 0.215075 0.113537 hargrave 2023-02-22 09:53:01 
TT 555 312.4  65.0 312.4  65.0 2.23E-04 000.6 221.4  51.7 0.203936 0.156998 0.075896 hargrave 2023-02-22 16:30:09 
TT 560 313.6  63.2 313.6  63.2 2.09E-04 000.6 223.7  50.7 0.131019 0.146896 0.116331 hargrave 2023-02-23 10:18:05 
TT 565 311.6  66.2 045.6  46.7 1.99E-04 000.2 219.6  52.4 0.057068 0.007330 0.078105 hargrave 2023-03-13 18:10:20 
TT 568 322.4  64.4 042.3  42.5 1.80E-04 001.7 227.2  54.1 0.328788 0.387386 0.155952 hargrave 2023-03-14 17:23:17 
TT 573 321.3  64.4 042.3  42.9 1.73E-04 000.6 226.7  53.8 0.108107 0.173355 0.098323 hargrave 2023-03-15 12:40:53 
TT 578 331.6  63.9 041.8  38.5 1.43E-04 000.4 232.9  56.6 0.099637 0.063025 0.110483 hargrave 2023-03-15 17:44:24 
TT 585 322.6  63.3 040.8  42.4 1.26E-04 000.9 228.7  53.4 0.104525 0.203472 0.065824 hargrave 2023-03-16 12:19:34 
TT 588 329.5  64.4 042.3  39.4 1.08E-04 000.5 231.1  56.3 0.088321 0.052854 0.075764 hargrave 2023-03-16 22:04:25 
TT 595 322.8  61.7 038.5  42.3 1.05E-04 001.7 230.6  52.2 0.211108 0.233189 0.089766 hargrave 2023-03-17 13:07:38 
TT 600 338.2  66.6 045.7  36.1 8.99E-05 000.6 232.2  60.5 0.063211 0.096512 0.041631 hargrave 2023-03-19 12:22:46 
TT 610 332.8  60.0 037.1  37.3 8.95E-05 000.7 238.5  54.3 0.071169 0.100554 0.049429 hargrave 2023-03-19 16:52:39 
TT 620 342.1  58.9 037.3  32.4 7.60E-05 001.8 245.8  56.8 0.170967 0.156321 0.094313 hargrave 2023-03-20 11:47:02 
TT 630 327.6  61.8 039.0  40.0 7.17E-05 002.6 233.2  53.9 0.250458 0.203258 0.091352 hargrave 2023-03-20 16:05:35 
TT 640 356.4  65.5 047.4  28.8 5.89E-05 001.3 243.0  66.1 0.090445 0.070121 0.112519 hargrave 2023-03-21 12:03:52 
TT 647 322.9  58.3 034.1  42.1 6.39E-05 001.2 234.0  49.7 0.092432 0.075084 0.097817 hargrave 2023-03-21 14:58:13 
TT 655 355.0  55.9 037.5  24.9 4.95E-05 002.1 259.1  59.8 0.077951 0.122481 0.126673 hargrave 2023-03-21 19:17:38 
