CS11- 1 sun compass orientation
   0.95 168.2  39.0 345.2  53.0   1.0
NRM    268.7  65.0 268.7  65.0 4.44E-04 000.4 184.9  26.3 0.245951 0.125001 0.308185 hargrave 2023-02-03 08:50:58 
LT     290.1  61.7 290.1  61.7 3.30E-04 000.6 196.1  25.5 0.285617 0.269917 0.323830 hargrave 2023-02-05 15:50:07 
TT 150 279.8  63.1 279.8  63.1 3.07E-04 004.9 190.7  25.3 0.412285 2.573796 0.315025 hargrave 2023-02-17 11:55:55 
TT 250 287.3  62.5 287.3  62.5 2.88E-04 003.7 194.4  25.9 0.489508 1.804351 0.256304 hargrave 2023-02-17 16:29:56 
TT 350 285.4  62.1 285.4  62.1 2.50E-04 003.0 193.7  25.1 0.378225 1.242586 0.238891 hargrave 2023-02-18 11:45:35 
TT 375 282.5  62.3 282.5  62.3 2.35E-04 004.2 192.2  25.0 0.388551 1.671578 0.214884 hargrave 2023-02-18 17:42:55 
TT 400 288.2  60.2 288.2  60.2 2.20E-04 001.7 195.8  23.8 0.195782 0.609387 0.201306 hargrave 2023-02-19 16:44:43 
TT 450 285.3  60.2 285.3  60.2 1.98E-04 002.9 194.3  23.3 0.331963 0.939477 0.128479 hargrave 2023-02-20 13:50:18 
TT 500 286.0  59.7 286.0  59.7 1.76E-04 004.5 194.8  23.0 0.413982 1.304174 0.111407 hargrave 2023-02-20 19:51:34 
TT 525 283.7  60.8 283.7  60.8 1.67E-04 005.9 193.3  23.7 0.443081 1.645716 0.155111 hargrave 2023-02-21 14:12:17 
TT 550 285.3  61.1 285.3  61.1 1.55E-04 003.2 194.0  24.2 0.416303 0.764908 0.175377 hargrave 2023-02-22 09:46:03 
TT 555 286.6  63.2 286.6  63.2 1.49E-04 001.2 193.8  26.4 0.070973 0.264287 0.181641 hargrave 2023-02-22 16:21:17 
TT 560 283.6  63.5 283.6  63.5 1.39E-04 002.6 192.3  26.2 0.048381 0.594916 0.228444 hargrave 2023-02-23 10:09:20 
TT 565 302.0  61.2 040.1  52.3 1.34E-04 000.6 202.1  27.5 0.023517 0.117408 0.092227 hargrave 2023-03-13 17:56:03 
TT 568 297.0  64.1 046.1  53.3 1.30E-04 002.6 198.2  29.0 0.263911 0.512204 0.159632 hargrave 2023-03-14 17:14:35 
TT 573 294.0  67.2 051.6  52.7 1.21E-04 001.3 195.4  31.3 0.151939 0.151715 0.164098 hargrave 2023-03-15 12:32:08 
TT 578 306.9  66.1 046.5  48.7 1.12E-04 003.2 201.2  32.9 0.301008 0.510031 0.198833 hargrave 2023-03-15 17:35:37 
TT 585 320.1  66.6 045.5  43.4 9.05E-05 001.3 205.9  36.5 0.051711 0.163427 0.121066 hargrave 2023-03-16 12:10:01 
TT 588 313.5  69.9 050.7  45.2 8.16E-05 002.3 200.8  37.3 0.087695 0.303975 0.120100 hargrave 2023-03-16 21:55:44 
TT 595 322.2  71.6 052.1  42.1 6.69E-05 003.2 202.0  40.5 0.117265 0.345530 0.125659 hargrave 2023-03-17 12:58:53 
TT 600 337.9  66.2 045.4  36.3 6.01E-05 001.7 212.2  41.7 0.113810 0.068249 0.122497 hargrave 2023-03-19 12:14:02 
TT 610 321.8  65.6 044.1  42.8 3.30E-05 047.2 207.4  36.3 2.528685 1.309455 2.090962 hargrave 2023-03-19 16:43:55 
TT 610 326.9  60.3 037.1  40.3 6.55E-05 000.2 213.9  34.2 0.030583 0.018090 0.033470 hargrave 2023-03-19 17:29:00 
TT 620 315.8  66.1 045.2  45.2 5.80E-05 001.4 204.7  35.0 0.048647 0.079385 0.140165 hargrave 2023-03-20 11:38:15 
TT 630 313.4  69.9 050.7  45.2 5.45E-05 004.9 200.8  37.4 0.148122 0.430706 0.126146 hargrave 2023-03-20 15:56:52 
TT 640 327.6  59.8 036.5  39.9 5.16E-05 002.5 214.7  34.1 0.072514 0.181586 0.120204 hargrave 2023-03-21 11:55:04 
TT 647 316.3  57.2 032.5  45.6 5.03E-05 002.8 211.5  28.3 0.096875 0.197634 0.126806 hargrave 2023-03-21 14:49:28 
TT 655 006.1  52.6 038.7  17.8 3.54E-05 002.8 238.4  47.3 0.132085 0.096503 0.085319 hargrave 2023-03-21 19:08:48 
