CS11- 4 sun compass orientation
   0.62 158.1  25.0 345.2  53.0   1.0
NRM    281.3  65.1 281.3  65.1 3.92E-04 000.3 198.2  42.3 0.175911 0.132987 0.193992 hargrave 2023-02-03 08:58:15 
LT     280.3  63.6 280.3  63.6 2.58E-04 000.4 198.2  40.7 0.089726 0.159955 0.133576 hargrave 2023-02-05 15:57:29 
TT 150 283.0  60.4 283.0  60.4 2.32E-04 002.4 201.0  38.1 0.322849 0.898111 0.141444 hargrave 2023-02-17 10:11:44 
TT 250 280.5  60.5 280.5  60.5 2.11E-04 003.0 199.5  37.8 0.408744 1.034354 0.089979 hargrave 2023-02-17 16:34:28 
TT 350 283.5  60.3 283.5  60.3 1.83E-04 000.6 201.4  38.0 0.121161 0.133361 0.077401 hargrave 2023-02-18 11:50:09 
TT 375 283.1  60.7 283.1  60.7 1.75E-04 000.9 200.9  38.4 0.135757 0.258780 0.077356 hargrave 2023-02-18 17:47:25 
TT 400 285.4  59.5 285.4  59.5 1.64E-04 002.9 202.9  37.6 0.350527 0.752129 0.075617 hargrave 2023-02-19 16:49:14 
TT 450 280.5  61.6 280.5  61.6 1.52E-04 001.9 199.1  38.9 0.179031 0.459366 0.083271 hargrave 2023-02-20 13:54:48 
TT 500 281.1  59.8 281.1  59.8 1.33E-04 000.8 200.2  37.2 0.121067 0.097826 0.118961 hargrave 2023-02-20 19:56:04 
TT 525 276.3  61.7 276.3  61.7 1.29E-04 001.0 196.6  38.4 0.119988 0.131592 0.157246 hargrave 2023-02-21 14:16:36 
TT 550 284.2  60.0 284.2  60.0 1.19E-04 002.0 201.9  37.9 0.082812 0.374500 0.160281 hargrave 2023-02-22 09:49:42 
TT 555 296.1  63.8 296.1  63.8 1.19E-04 002.0 206.9  43.5 0.083119 0.339488 0.231314 hargrave 2023-02-22 16:25:52 
TT 560 289.8  61.8 289.8  61.8 1.04E-04 001.7 204.4  40.5 0.192818 0.094570 0.218788 hargrave 2023-02-23 10:13:50 
TT 565 298.3  63.4 044.4  53.0 9.90E-05 000.3 208.4  43.6 0.016671 0.030419 0.057222 hargrave 2023-03-13 18:05:03 
TT 568 317.7  61.7 038.7  44.7 8.51E-05 001.2 220.4  46.8 0.065115 0.101062 0.156026 hargrave 2023-03-14 17:19:05 
TT 573 309.1  63.1 041.5  48.5 7.93E-05 001.2 214.5  45.7 0.079995 0.032231 0.175083 hargrave 2023-03-15 12:36:40 
TT 578 320.9  69.1 048.7  42.7 6.50E-05 002.9 214.8  53.3 0.132212 0.274706 0.151474 hargrave 2023-03-15 17:40:13 
TT 585 317.6  62.8 040.2  44.7 6.59E-05 002.7 219.4  47.6 0.131642 0.253301 0.148900 hargrave 2023-03-16 12:15:21 
TT 588 318.6  71.4 052.0  43.1 5.50E-05 001.8 211.1  54.5 0.064006 0.116807 0.132092 hargrave 2023-03-16 22:00:14 
TT 595 302.4  62.8 042.3  51.5 5.60E-05 003.9 211.0  43.9 0.144534 0.327214 0.148391 hargrave 2023-03-17 13:03:25 
TT 600 303.7  67.6 049.1  49.2 5.11E-05 003.7 208.2  48.4 0.104986 0.297504 0.121010 hargrave 2023-03-19 12:18:33 
TT 610 327.1  59.6 036.1  40.1 4.99E-05 003.0 227.6  47.8 0.167486 0.181305 0.119447 hargrave 2023-03-19 16:48:26 
TT 620 335.2  60.6 038.2  36.2 4.60E-05 002.9 231.4  51.2 0.104641 0.172427 0.136161 hargrave 2023-03-20 11:42:47 
TT 630 318.0  61.5 038.3  44.6 4.59E-05 001.6 220.8  46.6 0.063559 0.059570 0.131808 hargrave 2023-03-20 16:01:23 
TT 640 345.7  78.3 060.5  36.0 3.02E-05 004.2 207.3  64.0 0.051744 0.193287 0.130055 hargrave 2023-03-21 11:59:37 
TT 647 309.1  50.7 022.6  49.7 3.93E-05 003.3 222.5  34.9 0.110102 0.167040 0.118657 hargrave 2023-03-21 14:54:01 
TT 655 216.2  79.6 084.2  44.8 2.72E-05 004.5 170.2  55.7 0.048542 0.201559 0.112863 hargrave 2023-03-21 19:13:23 
