CS12- 6 mag compass orientation (IGRF corrected)
    1.3 146.0  41.0   4.9  54.8   1.0
NRM    336.6 -01.7 336.6 -01.7 1.07E-04 000.8 279.1  05.7 0.145531 0.079003 0.062569 hargrave 2023-02-03 09:16:00 
LT     329.5  02.8 329.5  02.8 8.73E-05 001.2 270.8  04.4 0.178723 0.137768 0.049911 hargrave 2023-02-05 16:14:46 
TT 150 321.2 -04.0 321.2 -04.0 6.18E-05 001.3 269.0 -06.2 0.107154 0.109162 0.085498 hargrave 2023-02-17 10:27:44 
TT 250 312.5 -02.1 312.5 -02.1 4.59E-05 002.1 261.1 -10.4 0.157770 0.116363 0.055244 hargrave 2023-02-17 16:50:33 
TT 350 295.9  02.9 295.9  02.9 2.83E-05 002.4 244.5 -16.9 0.117271 0.047155 0.036294 hargrave 2023-02-18 12:06:12 
TT 375 293.0  05.6 293.0  05.6 2.57E-05 005.1 240.4 -16.4 0.206450 0.116021 0.029429 hargrave 2023-02-18 18:03:19 
TT 400 291.2  06.8 291.2  06.8 2.50E-05 001.6 238.2 -16.4 0.069193 0.055962 0.032170 hargrave 2023-02-19 17:05:13 
TT 450 288.6  06.3 288.6  06.3 2.23E-05 002.3 236.2 -18.3 0.078514 0.065050 0.023729 hargrave 2023-02-20 14:11:35 
TT 500 285.7  06.1 285.7  06.1 1.76E-05 002.2 233.8 -20.0 0.062550 0.050614 0.014666 hargrave 2023-02-20 20:11:59 
TT 525 287.4  07.2 287.4  07.2 1.61E-05 002.7 234.7 -18.1 0.067230 0.045335 0.010641 hargrave 2023-02-21 14:29:31 
TT 550 267.3  20.0 267.3  20.0 3.12E-06 004.0 210.4 -15.6 0.021265 0.013097 0.014581 hargrave 2023-02-22 10:02:36 
TT 555 241.0  12.9 241.0  12.9 9.53E-07 015.9 185.5 -27.9 0.011483 0.016292 0.022144 hargrave 2023-02-22 16:43:35 
TT 555 254.6  01.3 254.6  01.3 1.09E-06 006.3 203.6 -37.2 0.011247 0.008718 0.000756 hargrave 2023-02-22 17:31:01 
TT 560 322.0 -21.5 322.0 -21.5 1.69E-06 005.0 281.6 -18.6 0.008363 0.023443 0.017975 hargrave 2023-02-23 10:30:00 
TT 565 231.8 -49.5 248.5 -02.9 1.69E-06 002.8 078.4 -87.2 0.006019 0.005828 0.000675 hargrave 2023-03-13 18:22:07 
TT 568 244.3  08.3 221.4  51.1 1.54E-06 015.4 189.7 -32.3 0.014249 0.032039 0.029015 hargrave 2023-03-14 17:35:00 
TT 573 317.3 -16.0 320.6  24.9 3.25E-06 003.8 274.3 -17.6 0.009977 0.042262 0.031432 hargrave 2023-03-15 12:52:43 
