CS12- 3 sun compass orientation
   40.5 193.5  23.0   4.9  54.8   1.0
NRM    327.9  40.4 327.9  40.4 4.34E-05 001.3 215.3  22.6 0.135158 0.114671 0.038793 hargrave 2023-02-03 09:08:50 
LT     323.9  41.8 323.9  41.8 4.23E-05 001.4 211.7  23.0 0.131056 0.122183 0.033388 hargrave 2023-02-05 16:07:48 
TT 150 298.6  32.3 298.6  32.3 2.36E-05 004.7 192.9  09.9 0.074983 0.180163 0.043610 hargrave 2023-02-17 10:23:26 
TT 250 298.8  27.3 298.8  27.3 1.95E-05 002.4 193.6  05.0 0.079429 0.062894 0.043872 hargrave 2023-02-17 16:46:11 
TT 350 300.9  24.8 300.9  24.8 1.53E-05 004.9 195.8  02.7 0.074783 0.122057 0.034331 hargrave 2023-02-18 12:01:52 
TT 375 302.1  24.4 302.1  24.4 1.47E-05 003.6 196.9  02.5 0.070222 0.082294 0.032891 hargrave 2023-02-18 17:59:03 
TT 400 300.7  23.7 300.7  23.7 1.38E-05 005.8 195.7  01.6 0.071558 0.133119 0.030540 hargrave 2023-02-19 17:00:54 
TT 450 297.5  21.9 297.5  21.9 1.14E-05 002.8 193.0 -00.5 0.064315 0.043758 0.016068 hargrave 2023-02-20 14:07:16 
TT 500 295.7  19.3 295.7  19.3 9.39E-06 003.2 191.5 -03.3 0.053218 0.049994 0.013378 hargrave 2023-02-20 20:07:42 
TT 525 296.0  20.8 296.0  20.8 8.62E-06 003.0 191.7 -01.8 0.045921 0.041350 0.006700 hargrave 2023-02-21 14:26:04 
TT 550 296.6  16.5 296.6  16.5 6.66E-06 002.0 192.6 -06.0 0.038853 0.020586 0.004226 hargrave 2023-02-22 09:59:08 
TT 555 282.4  21.2 282.4  21.2 5.99E-06 002.0 179.0 -01.8 0.043482 0.018327 0.011063 hargrave 2023-02-22 16:37:39 
TT 560 295.3  16.4 295.3  16.4 4.55E-06 005.4 191.4 -06.2 0.035188 0.041880 0.011376 hargrave 2023-02-23 10:25:39 
TT 565 291.4  19.3 321.7  68.4 4.53E-06 000.5 187.5 -03.5 0.034398 0.003806 0.003610 hargrave 2023-03-13 18:17:50 
TT 568 292.8  22.1 329.6  69.6 4.70E-06 004.9 188.6 -00.7 0.033769 0.036768 0.015772 hargrave 2023-03-14 17:30:44 
TT 573 323.7  18.0 356.3  43.6 2.82E-06 009.2 217.9  00.0 0.022427 0.037206 0.022379 hargrave 2023-03-15 12:48:25 
TT 578 213.1  28.2 174.3  37.8 1.07E-06 013.4 118.9  18.6 0.008224 0.021867 0.029628 hargrave 2023-03-15 17:49:06 
TT 578 229.2  19.7 193.7  47.0 6.12E-07 007.1 129.8  05.5 0.007605 0.007379 0.001087 hargrave 2023-03-15 18:58:53 
TT 585 333.8  40.2 029.6  44.0 2.93E-06 010.0 220.0  23.8 0.022210 0.037751 0.029466 hargrave 2023-03-16 12:24:16 
