CS12- 2 sun compass orientation
     31 235.3  23.0   4.9  54.8   1.0
NRM    297.0  58.5 297.0  58.5 2.05E-04 000.4 161.9  37.3 0.132291 0.088721 0.166694 hargrave 2023-02-03 09:07:38 
LT     290.5  55.3 290.5  55.3 2.06E-04 000.3 156.6  35.0 0.230181 0.024937 0.134662 hargrave 2023-02-05 16:06:30 
TT 150 271.6  32.2 271.6  32.2 1.64E-04 002.6 134.5  17.2 0.442278 0.422809 0.482679 hargrave 2023-02-17 10:20:38 
TT 250 277.9  33.0 277.9  33.0 1.58E-04 004.4 140.0  16.2 0.940128 0.669064 0.454943 hargrave 2023-02-17 16:43:25 
TT 350 274.1  32.9 274.1  32.9 1.55E-04 002.8 136.8  17.1 0.187591 0.630044 0.466791 hargrave 2023-02-18 11:59:04 
TT 375 273.1  33.0 273.1  33.0 1.52E-04 002.2 136.0  17.5 0.135652 0.471993 0.430604 hargrave 2023-02-18 17:56:16 
TT 400 270.1  32.2 270.1  32.2 1.51E-04 003.6 133.2  17.6 0.371912 0.774213 0.467332 hargrave 2023-02-19 16:58:08 
TT 450 272.8  33.0 272.8  33.0 1.48E-04 001.8 135.7  17.5 0.134505 0.309557 0.369742 hargrave 2023-02-20 14:04:30 
TT 500 274.2  33.8 274.2  33.8 1.40E-04 003.6 137.2  17.9 0.377746 0.761866 0.327276 hargrave 2023-02-20 20:04:56 
TT 525 271.4  32.8 271.4  32.8 1.37E-04 003.5 134.5  17.8 0.711319 0.543798 0.265491 hargrave 2023-02-21 14:23:46 
TT 550 277.5  25.5 277.5  25.5 4.11E-05 001.3 137.4  09.2 0.109677 0.082781 0.072157 hargrave 2023-02-22 09:56:51 
TT 555 271.7  24.2 271.7  24.2 3.32E-05 001.3 131.9  09.5 0.067826 0.072880 0.033965 hargrave 2023-02-22 16:34:52 
TT 560 279.5  24.2 279.5  24.2 2.86E-05 001.4 138.8  07.4 0.083657 0.038556 0.010309 hargrave 2023-02-23 10:22:47 
TT 565 282.6  21.3 302.9  74.5 1.64E-05 002.8 140.7  03.8 0.081606 0.047010 0.006627 hargrave 2023-03-13 18:15:03 
TT 568 291.2  18.3 319.7  67.7 9.33E-06 004.1 147.9 -01.1 0.048009 0.059332 0.014038 hargrave 2023-03-14 17:27:57 
TT 573 290.0  16.5 314.6  66.9 7.52E-06 007.7 146.4 -02.6 0.050660 0.091787 0.021839 hargrave 2023-03-15 12:45:36 
TT 578 253.5  12.1 229.6  59.9 5.99E-06 004.5 111.4  04.3 0.035953 0.033128 0.034870 hargrave 2023-03-15 17:47:22 
TT 585 309.7  36.1 016.9  61.8 2.73E-06 013.9 167.1  13.7 0.020930 0.060809 0.033730 hargrave 2023-03-16 12:22:32 
