CS12- 8 sun compass orientation
    5.1 124.2  30.0   4.9  54.8   1.0
NRM    350.5 -03.4 350.5 -03.4 9.09E-04 000.5 313.5  18.0 0.451333 0.606375 0.479515 hargrave 2023-02-03 09:19:08 
LT     346.0 -01.6 346.0 -01.6 8.19E-04 000.5 308.4  18.0 0.204257 0.427008 0.495199 hargrave 2023-02-05 16:17:54 
TT 150 345.2 -04.0 345.2 -04.0 6.32E-04 002.1 308.6  15.5 1.961148 1.277553 0.313058 hargrave 2023-02-17 10:30:34 
TT 250 337.5 -02.0 337.5 -02.0 3.74E-04 003.5 300.6  14.1 1.960342 1.187582 0.248705 hargrave 2023-02-17 16:53:19 
TT 350 304.0  06.2 304.0  06.2 1.99E-04 001.0 266.7  05.3 0.322048 0.138009 0.114203 hargrave 2023-02-18 12:08:57 
TT 375 305.5  05.0 305.5  05.0 1.98E-04 002.5 268.6  05.0 0.869491 0.155195 0.115862 hargrave 2023-02-18 18:06:05 
TT 400 298.7  07.1 298.7  07.1 1.90E-04 003.9 261.7  03.4 1.268448 0.229016 0.237136 hargrave 2023-02-19 17:07:59 
TT 450 296.0  06.8 296.0  06.8 1.78E-04 001.4 259.5  01.9 0.374416 0.087903 0.214893 hargrave 2023-02-20 14:14:20 
TT 500 294.5  06.6 294.5  06.6 1.46E-04 000.9 258.3  00.9 0.183288 0.060844 0.145691 hargrave 2023-02-20 20:14:47 
TT 525 293.7  07.1 293.7  07.1 1.27E-04 003.0 257.4  00.9 0.648991 0.133234 0.099142 hargrave 2023-02-21 14:31:45 
TT 550 314.9  09.0 314.9  09.0 1.27E-05 004.3 274.8  13.1 0.089728 0.052187 0.014541 hargrave 2023-02-22 10:04:49 
TT 555 318.2  10.5 318.2  10.5 8.76E-06 004.1 276.8  16.1 0.036746 0.060407 0.038548 hargrave 2023-02-22 16:46:23 
TT 560 334.6 -07.6 334.6 -07.6 1.09E-05 003.4 300.3  07.8 0.043382 0.067417 0.027660 hargrave 2023-02-23 10:32:47 
TT 565 319.2  10.7 344.6  43.0 4.40E-06 002.1 277.7  16.7 0.010468 0.026189 0.002324 hargrave 2023-03-13 18:24:55 
TT 568 318.1  06.4 339.3  41.0 6.46E-06 005.8 278.9  12.5 0.023606 0.073974 0.047360 hargrave 2023-03-14 17:37:45 
TT 573 313.1  21.9 353.5  54.2 5.58E-06 009.9 266.1  23.2 0.037073 0.094644 0.056049 hargrave 2023-03-15 12:55:33 
