CS12- 4 sun compass orientation
   41.5 211.9  23.0   4.9  54.8   1.0
NRM    297.6  41.8 297.6  41.8 6.12E-05 000.8 176.6  18.8 0.116663 0.074576 0.050953 hargrave 2023-02-03 09:10:46 
LT     303.0  44.5 303.0  44.5 5.68E-05 001.0 180.8  21.5 0.169037 0.084676 0.036502 hargrave 2023-02-05 16:09:47 
TT 150 300.0  41.8 300.0  41.8 4.24E-05 003.4 178.5  18.8 0.084363 0.238367 0.065162 hargrave 2023-02-17 10:24:55 
TT 250 293.9  38.7 293.9  38.7 3.67E-05 001.4 173.5  15.9 0.083915 0.062711 0.049575 hargrave 2023-02-17 16:47:41 
TT 350 293.5  38.1 293.5  38.1 3.18E-05 002.0 173.1  15.3 0.076522 0.087051 0.048194 hargrave 2023-02-18 12:03:21 
TT 375 291.9  37.6 291.9  37.6 3.04E-05 001.6 171.8  14.9 0.073622 0.064377 0.035605 hargrave 2023-02-18 18:00:32 
TT 400 291.9  36.3 291.9  36.3 2.84E-05 003.8 171.7  13.6 0.045005 0.188206 0.038187 hargrave 2023-02-19 17:02:23 
TT 450 288.5  33.1 288.5  33.1 2.49E-05 001.4 168.6  10.7 0.032238 0.058838 0.019482 hargrave 2023-02-20 14:08:45 
TT 500 285.9  30.3 285.9  30.3 2.09E-05 002.0 166.1  08.1 0.083276 0.069779 0.010153 hargrave 2023-02-20 20:09:10 
TT 525 282.4  29.8 282.4  29.8 1.90E-05 004.6 163.0  07.9 0.087303 0.136840 0.013033 hargrave 2023-02-21 14:27:15 
TT 550 291.0  28.9 291.0  28.9 8.46E-06 003.8 170.4  06.3 0.042696 0.055394 0.005161 hargrave 2023-02-22 10:00:20 
TT 555 277.0  36.0 277.0  36.0 6.27E-06 002.8 159.4  14.7 0.042221 0.019686 0.017365 hargrave 2023-02-22 16:39:09 
TT 560 301.0  32.8 301.0  32.8 5.23E-06 002.5 179.2  09.8 0.039369 0.021057 0.008728 hargrave 2023-02-23 10:27:12 
TT 565 308.7  40.6 026.7  63.0 5.21E-06 001.4 185.4  17.8 0.036912 0.005566 0.001423 hargrave 2023-03-13 18:19:19 
TT 568 304.8  42.2 030.8  65.7 5.82E-06 001.7 182.3  19.2 0.037823 0.008629 0.011079 hargrave 2023-03-14 17:32:12 
TT 573 355.7  52.3 049.3  32.4 3.37E-06 004.8 217.6  36.0 0.022044 0.019335 0.008235 hargrave 2023-03-15 12:49:54 
TT 578 244.9  61.2 121.8  57.8 1.56E-06 007.3 145.3  44.7 0.011169 0.023638 0.025224 hargrave 2023-03-15 17:51:53 
TT 585 332.7  48.3 040.7  46.1 4.03E-06 013.3 202.6  27.7 0.042585 0.085365 0.023026 hargrave 2023-03-16 12:27:04 
