CS12- 7 sun compass orientation
    3.6 208.9  35.0   4.9  54.8   1.0
NRM    257.3 -01.3 257.3 -01.3 5.04E-04 000.4 132.0 -26.6 0.308949 0.264957 0.391555 hargrave 2023-02-03 09:17:54 
LT     258.5 -01.7 258.5 -01.7 4.51E-04 000.5 133.1 -27.5 0.308019 0.306464 0.473045 hargrave 2023-02-05 16:16:40 
TT 150 254.1 -06.9 254.1 -06.9 4.14E-04 003.5 126.0 -30.2 1.575925 2.033409 0.404386 hargrave 2023-02-17 10:29:08 
TT 250 254.7 -06.7 254.7 -06.7 3.10E-04 001.7 126.7 -30.2 0.916702 0.179128 0.284595 hargrave 2023-02-17 16:51:56 
TT 350 268.0  00.2 268.0  00.2 1.47E-04 001.2 143.9 -29.3 0.129692 0.240583 0.195024 hargrave 2023-02-18 12:07:35 
TT 375 270.5  02.1 270.5  02.1 1.33E-04 001.2 147.3 -28.3 0.160549 0.180399 0.183319 hargrave 2023-02-18 18:04:42 
TT 400 267.8  01.4 267.8  01.4 1.28E-04 002.6 144.2 -28.1 0.433624 0.349716 0.176176 hargrave 2023-02-19 17:06:36 
TT 450 276.2  04.6 276.2  04.6 1.11E-04 003.5 154.3 -27.5 0.388676 0.534933 0.145229 hargrave 2023-02-20 14:12:58 
TT 500 277.1  06.1 277.1  06.1 8.64E-05 001.8 155.7 -26.3 0.162075 0.193964 0.097530 hargrave 2023-02-20 20:13:25 
TT 525 277.7  06.2 277.7  06.2 7.71E-05 001.6 156.3 -26.3 0.092613 0.218821 0.056780 hargrave 2023-02-21 14:30:38 
TT 550 269.6 -05.1 269.6 -05.1 1.21E-05 003.3 143.6 -34.8 0.047635 0.056098 0.018627 hargrave 2023-02-22 10:03:43 
TT 555 249.5 -08.5 249.5 -08.5 1.19E-05 003.6 120.5 -29.4 0.046386 0.050952 0.041345 hargrave 2023-02-22 16:44:59 
TT 560 259.8 -21.7 259.8 -21.7 9.35E-06 005.7 122.9 -45.8 0.048758 0.075962 0.033568 hargrave 2023-02-23 10:31:24 
TT 565 240.2 -11.5 233.2  33.0 9.80E-06 002.8 109.9 -27.1 0.040789 0.039650 0.006666 hargrave 2023-03-13 18:23:30 
TT 568 240.3 -03.7 227.8  39.4 1.01E-05 006.6 114.5 -20.5 0.071643 0.086978 0.049680 hargrave 2023-03-14 17:36:23 
TT 573 285.8 -11.2 289.5  42.5 5.08E-06 010.5 161.7 -45.0 0.028506 0.076901 0.051798 hargrave 2023-03-15 12:54:07 
