CS12- 1 sun compass orientation
     31 254.7  18.0   4.9  54.8   1.0
NRM    013.8  64.6 013.8  64.6 1.40E-04 000.7 198.1  48.0 0.150443 0.175027 0.116360 hargrave 2023-02-03 09:06:28 
LT     012.9  64.1 012.9  64.1 1.35E-04 001.0 197.8  47.4 0.132804 0.226127 0.090671 hargrave 2023-02-05 16:05:14 
TT 150 301.1  29.1 301.1  29.1 3.02E-05 001.2 141.3  15.5 0.033786 0.057669 0.020421 hargrave 2023-02-17 10:18:54 
TT 250 297.6  14.8 297.6  14.8 2.15E-05 004.4 134.9  02.3 0.110542 0.137684 0.031627 hargrave 2023-02-17 16:41:40 
TT 350 297.7  08.2 297.7  08.2 1.82E-05 002.4 133.4 -04.1 0.077085 0.043985 0.017850 hargrave 2023-02-18 11:57:20 
TT 375 303.2  08.8 303.2  08.8 1.74E-05 002.1 138.9 -04.7 0.070915 0.043299 0.011975 hargrave 2023-02-18 17:54:33 
TT 400 295.1  05.2 295.1  05.2 1.67E-05 002.6 130.2 -06.5 0.070538 0.052497 0.015433 hargrave 2023-02-19 16:56:23 
TT 450 303.8  03.8 303.8  03.8 1.49E-05 002.4 138.5 -09.7 0.061965 0.038405 0.022914 hargrave 2023-02-20 14:02:42 
TT 500 301.1  02.3 301.1  02.3 1.40E-05 004.2 135.4 -10.7 0.080928 0.072345 0.023287 hargrave 2023-02-20 20:03:12 
TT 525 300.5  03.3 300.5  03.3 1.31E-05 002.8 135.1 -09.6 0.048249 0.039344 0.035501 hargrave 2023-02-21 14:22:20 
TT 550 303.6 -00.3 303.6 -00.3 1.01E-05 003.2 137.4 -13.8 0.047659 0.032258 0.028833 hargrave 2023-02-22 09:55:25 
TT 555 294.4  03.2 294.4  03.2 9.83E-06 004.1 129.1 -08.2 0.047897 0.045699 0.043415 hargrave 2023-02-22 16:33:07 
TT 560 292.6 -05.1 292.6 -05.1 7.49E-06 006.3 125.2 -15.9 0.049082 0.066536 0.029863 hargrave 2023-02-23 10:21:03 
TT 565 289.6 -02.0 298.2  50.3 7.18E-06 003.7 123.0 -12.1 0.040068 0.032252 0.002706 hargrave 2023-03-13 18:13:18 
TT 568 311.9 -02.5 325.4  38.8 3.70E-06 008.9 145.4 -17.5 0.023868 0.043039 0.036383 hargrave 2023-03-14 17:26:13 
TT 573 313.4  03.5 332.1  42.3 3.40E-06 009.8 148.0 -11.8 0.023508 0.044245 0.039519 hargrave 2023-03-15 12:43:51 
