CS12- 5 sun compass orientation
   0.05  96.4  29.0   4.9  54.8   1.0
NRM    347.4  21.2 347.4  21.2 1.85E-05 001.6 333.0  48.0 0.049460 0.041019 0.012814 hargrave 2023-02-03 09:12:17 
LT     337.8  25.4 337.8  25.4 8.90E-06 004.1 318.3  49.4 0.046112 0.056468 0.006639 hargrave 2023-02-05 16:11:05 
TT 150 305.2 -05.8 305.2 -05.8 4.47E-06 003.5 298.2  08.3 0.014870 0.021716 0.016510 hargrave 2023-02-17 11:57:29 
TT 250 301.2 -07.2 301.2 -07.2 3.51E-06 004.6 295.3  05.3 0.012724 0.017468 0.021514 hargrave 2023-02-17 16:49:07 
TT 350 296.0 -08.2 296.0 -08.2 2.77E-06 005.2 291.0  02.1 0.017074 0.016290 0.015003 hargrave 2023-02-18 12:04:47 
TT 375 293.7 -08.2 293.7 -08.2 2.56E-06 004.8 289.1  01.1 0.014379 0.014136 0.013095 hargrave 2023-02-18 18:01:57 
TT 400 294.4 -09.1 294.4 -09.1 2.45E-06 006.5 290.1  00.6 0.021036 0.015999 0.013770 hargrave 2023-02-19 17:03:48 
TT 450 293.1 -12.8 293.1 -12.8 2.11E-06 005.7 290.6 -03.3 0.013918 0.012554 0.013574 hargrave 2023-02-20 14:10:10 
TT 500 287.9 -11.1 287.9 -11.1 1.46E-06 009.5 285.4 -04.2 0.018580 0.009073 0.015583 hargrave 2023-02-20 20:10:36 
TT 525 286.3 -07.9 286.3 -07.9 1.15E-06 009.1 282.4 -02.2 0.005279 0.010006 0.017913 hargrave 2023-02-21 14:28:24 
TT 525 018.7  34.0 018.7  34.0 9.67E-09 042.1 021.9  61.4 0.000195 0.000335 0.000824 hargrave 2023-02-21 15:13:59 
TT 525 288.9 -08.8 288.9 -08.8 1.19E-06 008.2 285.1 -01.7 0.004968 0.008443 0.016209 hargrave 2023-02-21 15:19:24 
TT 550 255.1 -09.3 255.1 -09.3 3.19E-07 030.9 255.7 -18.4 0.008999 0.031497 0.010796 hargrave 2023-02-22 10:01:29 
TT 550 259.2 -10.6 259.2 -10.6 6.87E-07 005.0 260.0 -17.6 0.005810 0.008066 0.000393 hargrave 2023-02-22 10:39:24 
TT 555 013.9  27.1 013.9  27.1 2.26E-07 048.9 011.9  55.7 0.006306 0.011171 0.021950 hargrave 2023-02-22 16:42:10 
TT 555 307.6 -29.6 307.6 -29.6 2.13E-07 021.7 310.4 -12.3 0.006637 0.007438 0.000434 hargrave 2023-02-22 17:29:33 
TT 560 319.3 -35.7 319.3 -35.7 6.13E-07 018.1 322.2 -14.0 0.008955 0.014534 0.018839 hargrave 2023-02-23 10:28:38 
TT 560 304.2 -40.1 304.2 -40.1 8.58E-07 006.8 312.7 -22.9 0.007702 0.009363 0.000952 hargrave 2023-02-23 11:20:48 
TT 565 211.2  06.8 194.9  25.3 6.79E-07 005.5 206.2 -19.5 0.007369 0.004525 0.000525 hargrave 2023-03-13 18:20:44 
TT 568 194.5  17.1 176.0  17.5 3.69E-07 055.6 187.9 -11.6 0.038734 0.006075 0.008091 hargrave 2023-03-14 17:33:38 
TT 573 280.7  04.9 286.3  59.2 1.02E-06 021.3 271.4  06.3 0.015488 0.029047 0.031475 hargrave 2023-03-15 12:51:20 
