CS13- 7 sun compass orientation
    2.5  83.9  18.0 326.0  82.9   1.0
NRM    322.4  60.1 322.4  60.1 4.57E-04 000.6 297.5  72.9 0.349668 0.289355 0.176595 hargrave 2023-02-03 09:28:38 
LT     303.6  60.4 303.6  60.4 2.36E-04 000.5 274.7  67.6 0.151649 0.114187 0.092990 hargrave 2023-02-05 16:28:48 
TT 150 276.0  54.6 276.0  54.6 1.74E-04 002.2 256.4  54.4 0.586801 0.293663 0.083451 hargrave 2023-02-17 10:42:35 
TT 250 259.7  35.6 259.7  35.6 1.34E-04 001.6 253.7  32.4 0.257034 0.259247 0.150109 hargrave 2023-02-17 17:05:20 
TT 350 265.3  54.6 265.3  54.6 1.16E-04 001.2 247.6  51.2 0.152887 0.153432 0.108642 hargrave 2023-02-18 12:21:06 
TT 375 269.7  60.0 269.7  60.0 1.14E-04 001.5 246.2  57.1 0.167230 0.215421 0.144278 hargrave 2023-02-18 18:18:03 
TT 400 264.1  65.7 264.1  65.7 1.11E-04 001.8 235.7  60.1 0.193155 0.278478 0.101119 hargrave 2023-02-19 17:20:03 
TT 450 263.9  77.2 263.9  77.2 1.11E-04 001.3 216.3  68.0 0.187096 0.114842 0.126940 hargrave 2023-02-20 14:26:19 
TT 500 228.5  80.8 228.5  80.8 9.66E-05 001.8 198.4  65.5 0.180091 0.206518 0.156420 hargrave 2023-02-20 20:26:44 
TT 525 221.3  78.8 221.3  78.8 9.44E-05 001.9 198.5  63.2 0.158113 0.205045 0.210066 hargrave 2023-02-21 14:41:30 
TT 550 224.4  73.0 224.4  73.0 7.61E-05 002.4 205.5  58.5 0.237968 0.135760 0.165945 hargrave 2023-02-22 10:14:35 
TT 555 226.1  73.9 226.1  73.9 7.30E-05 003.4 205.5  59.5 0.145007 0.357274 0.208745 hargrave 2023-02-22 16:58:28 
TT 560 229.5  74.2 229.5  74.2 6.02E-05 003.1 206.9  60.1 0.249302 0.131187 0.165912 hargrave 2023-02-23 10:46:25 
TT 565 238.9  69.7 054.9  27.3 4.25E-05 001.2 216.3  57.8 0.048193 0.068280 0.039991 hargrave 2023-03-13 18:36:56 
TT 568 229.5  19.7 081.7  75.8 5.12E-05 005.5 231.9  09.0 0.304520 0.322449 0.228184 hargrave 2023-03-14 17:49:44 
TT 573 223.4  12.8 120.0  76.3 4.88E-05 005.0 227.9  00.8 0.249580 0.266603 0.227760 hargrave 2023-03-15 13:07:37 
TT 578 190.0 -35.0 193.3  29.6 6.80E-05 002.5 201.6 -52.1 0.088375 0.303621 0.241943 hargrave 2023-03-15 17:58:57 
TT 585 287.6 -58.7 260.7  12.5 7.76E-05 003.7 314.2 -48.4 0.314392 0.363114 0.261001 hargrave 2023-03-16 12:34:11 
