CS13- 1 sun compass orientation
   0.35  82.6  51.0 326.0  82.9   1.0
NRM    283.9  29.8 283.9  29.8 2.43E-04 000.6 256.9  33.9 0.181203 0.124929 0.204057 hargrave 2023-02-03 09:20:19 
LT     282.0  25.9 282.0  25.9 2.18E-04 000.5 259.9  30.5 0.158290 0.144641 0.101030 hargrave 2023-02-05 16:19:24 
TT 150 271.0  14.3 271.0  14.3 1.90E-04 002.3 263.9  15.4 0.712966 0.150131 0.233662 hargrave 2023-02-17 10:32:00 
TT 250 272.1  11.8 272.1  11.8 1.90E-04 001.6 266.6  14.7 0.462070 0.091444 0.232920 hargrave 2023-02-17 16:54:44 
TT 350 269.9  10.1 269.9  10.1 1.60E-04 003.5 266.6  12.0 0.957783 0.080915 0.238770 hargrave 2023-02-18 12:10:23 
TT 375 272.2  00.7 272.2  00.7 1.37E-04 002.1 275.6  07.9 0.477329 0.119461 0.120239 hargrave 2023-02-18 18:07:31 
TT 400 267.9  02.9 267.9  02.9 1.20E-04 001.4 271.1  05.9 0.263503 0.084874 0.146124 hargrave 2023-02-19 17:09:24 
TT 450 269.8 -00.8 269.8 -00.8 9.95E-05 002.6 275.2  05.1 0.452171 0.072088 0.068873 hargrave 2023-02-20 14:15:46 
TT 500 268.7 -06.3 268.7 -06.3 9.07E-05 001.8 278.7  00.8 0.275992 0.109946 0.055945 hargrave 2023-02-20 20:16:13 
TT 525 266.8 -03.5 266.8 -03.5 8.63E-05 001.2 275.4  01.1 0.177592 0.075799 0.050645 hargrave 2023-02-21 14:32:53 
TT 550 264.4 -08.7 264.4 -08.7 7.83E-05 000.3 277.9 -04.0 0.024904 0.054382 0.038674 hargrave 2023-02-22 10:05:57 
TT 555 270.4 -26.4 270.4 -26.4 4.59E-05 001.2 295.4 -10.6 0.094890 0.072219 0.043719 hargrave 2023-02-22 16:47:49 
TT 560 263.0 -35.7 263.0 -35.7 4.35E-05 001.2 299.3 -21.3 0.069232 0.097211 0.030660 hargrave 2023-02-23 10:34:13 
TT 565 267.8 -21.0 283.4  48.0 4.33E-05 001.4 289.7 -09.2 0.088045 0.086133 0.032258 hargrave 2023-03-13 18:26:21 
TT 568 260.9 -36.0 262.9  41.0 2.40E-05 001.7 298.6 -22.8 0.063436 0.051741 0.050861 hargrave 2023-03-14 17:39:10 
TT 573 259.4 -24.8 270.9  50.8 3.29E-05 001.4 288.0 -17.6 0.062457 0.088495 0.043316 hargrave 2023-03-15 12:56:59 
TT 578 276.8 -48.7 264.1  23.8 2.38E-05 004.3 317.0 -20.3 0.150352 0.107541 0.074390 hargrave 2023-03-15 17:53:21 
TT 585 270.0 -26.4 279.3  43.1 3.38E-05 006.4 295.2 -11.0 0.358065 0.133155 0.056804 hargrave 2023-03-16 12:28:34 
TT 588 303.3 -55.8 267.4  06.6 2.79E-05 002.3 334.0 -13.6 0.036406 0.111193 0.060825 hargrave 2023-03-16 22:07:23 
TT 595 281.3 -34.6 278.6  30.3 3.55E-05 005.3 307.9 -08.8 0.225542 0.240722 0.079595 hargrave 2023-03-17 13:10:37 
TT 600 329.0 -72.3 253.8 -07.6 1.93E-05 002.7 352.4 -22.5 0.039422 0.078686 0.048505 hargrave 2023-03-19 12:25:44 
TT 610 260.1 -10.9 289.5  60.1 2.77E-05 003.1 277.0 -08.8 0.135511 0.099022 0.049790 hargrave 2023-03-19 16:55:37 
TT 620 023.6 -67.9 248.9 -25.3 1.77E-05 004.2 011.8 -19.4 0.033366 0.096280 0.087695 hargrave 2023-03-20 11:50:02 
TT 630 259.6  01.7 314.3  65.9 2.80E-05 001.6 266.8 -01.3 0.049796 0.093589 0.063219 hargrave 2023-03-20 16:08:33 
TT 640 359.0 -51.7 271.2 -25.5 3.12E-05 006.0 003.9 -00.8 0.055533 0.307744 0.102664 hargrave 2023-03-21 12:06:52 
TT 647 274.1 -13.2 297.9  47.1 3.55E-05 002.9 287.4  00.4 0.175000 0.094222 0.104074 hargrave 2023-03-21 15:01:12 
TT 655 315.5 -44.3 280.8  02.5 4.09E-05 003.8 334.4  00.3 0.170485 0.176961 0.149534 hargrave 2023-03-21 19:20:37 
