CS13- 3 sun compass orientation
   0.35  16.7  40.0 326.0  82.9   1.0
NRM    329.1  55.0 329.1  55.0 5.57E-06 006.4 117.6  64.2 0.037700 0.054075 0.003092 hargrave 2023-02-03 09:22:46 
LT     320.6  56.0 320.6  56.0 5.61E-06 001.8 119.6  69.0 0.012052 0.014306 0.002786 hargrave 2023-02-16 18:23:26 
TT 150 290.2  40.6 290.2  40.6 2.37E-06 005.2 016.0  80.2 0.012296 0.016399 0.011056 hargrave 2023-02-17 11:59:07 
TT 250 286.6  37.1 286.6  37.1 2.08E-06 003.5 359.6  77.1 0.007659 0.008418 0.011556 hargrave 2023-02-17 16:57:45 
TT 350 281.5  36.2 281.5  36.2 1.61E-06 003.5 342.8  75.7 0.006374 0.005594 0.011493 hargrave 2023-02-18 12:13:27 
TT 375 285.5  35.4 285.5  35.4 1.49E-06 003.8 356.0  75.4 0.006185 0.005940 0.011103 hargrave 2023-02-18 18:10:30 
TT 400 290.4  30.9 290.4  30.9 1.25E-06 004.2 009.6  70.7 0.005592 0.005596 0.010669 hargrave 2023-02-19 17:12:24 
TT 450 292.0  32.3 292.0  32.3 1.03E-06 004.6 014.5  71.9 0.004970 0.005573 0.012397 hargrave 2023-02-20 14:18:45 
TT 500 288.9  23.7 288.9  23.7 1.64E-06 007.6 004.6  63.7 0.008622 0.020593 0.017280 hargrave 2023-02-20 20:19:12 
TT 525 258.1  53.2 258.1  53.2 2.42E-06 005.9 248.6  72.0 0.010865 0.015351 0.030107 hargrave 2023-02-21 14:35:18 
TT 550 020.7  43.8 020.7  43.8 1.83E-06 010.6 123.8  29.8 0.017629 0.037368 0.021296 hargrave 2023-02-22 10:08:22 
TT 550 030.2  48.8 030.2  48.8 1.53E-06 007.5 133.2  28.6 0.016687 0.015294 0.002637 hargrave 2023-02-22 10:41:04 
TT 555 354.9  61.3 354.9  61.3 3.10E-06 005.2 133.7  51.9 0.016007 0.023127 0.039029 hargrave 2023-02-22 16:50:49 
TT 560 293.9 -19.5 293.9 -19.5 3.12E-06 006.1 007.2  20.2 0.028123 0.031368 0.021216 hargrave 2023-02-23 10:38:00 
TT 565 020.5  25.5 010.6 -42.6 2.56E-06 004.0 109.7  16.9 0.012091 0.018127 0.004049 hargrave 2023-03-13 18:29:21 
TT 568 326.5 -30.3 295.9 -04.0 3.84E-06 011.2 033.6  02.2 0.030517 0.064928 0.033868 hargrave 2023-03-14 17:42:11 
TT 573 172.9 -18.0 168.9  23.0 5.35E-06 002.2 263.7 -28.9 0.015292 0.046996 0.030672 hargrave 2023-03-15 13:00:00 
