CS13- 5 sun compass orientation
   0.45 130.9  21.0 326.0  82.9   1.0
NRM    337.0  55.7 337.0  55.7 1.62E-05 001.8 262.7  59.3 0.022927 0.057078 0.009806 hargrave 2023-02-03 09:25:09 
LT     333.4  54.9 333.4  54.9 1.56E-05 002.4 260.6  57.4 0.034839 0.066295 0.011549 hargrave 2023-02-05 16:25:17 
TT 150 330.7  57.9 330.7  57.9 8.45E-06 004.7 254.8  58.8 0.066062 0.027042 0.007358 hargrave 2023-02-17 10:39:37 
TT 250 325.5  55.9 325.5  55.9 6.19E-06 003.5 253.1  55.5 0.032419 0.021404 0.005995 hargrave 2023-02-17 17:02:22 
TT 350 322.8  55.0 322.8  55.0 4.73E-06 005.0 251.9  53.8 0.038357 0.018538 0.004318 hargrave 2023-02-18 12:18:08 
TT 375 322.9  52.1 322.9  52.1 4.41E-06 004.2 254.8  51.5 0.028870 0.017371 0.005050 hargrave 2023-02-18 18:15:07 
TT 400 317.1  54.2 317.1  54.2 4.15E-06 003.8 248.3  51.2 0.022074 0.017751 0.005539 hargrave 2023-02-19 17:17:02 
TT 450 317.4  52.8 317.4  52.8 3.41E-06 003.3 249.7  50.2 0.010786 0.015606 0.010041 hargrave 2023-02-20 14:23:22 
TT 500 323.8  65.6 323.8  65.6 4.41E-06 005.8 239.2  62.0 0.023488 0.035428 0.016647 hargrave 2023-02-20 20:23:48 
TT 525 326.2  42.8 326.2  42.8 6.50E-06 004.0 264.9  44.7 0.018737 0.037644 0.024715 hargrave 2023-02-21 14:39:08 
TT 550 307.5  67.3 307.5  67.3 6.85E-06 005.2 227.5  58.6 0.032247 0.051877 0.017835 hargrave 2023-02-22 10:12:12 
TT 555 311.8  72.5 311.8  72.5 7.85E-06 003.5 221.7  63.2 0.028256 0.032618 0.033358 hargrave 2023-02-22 16:55:31 
TT 560 330.1  35.2 330.1  35.2 1.08E-05 002.7 273.3  39.4 0.038301 0.051441 0.009008 hargrave 2023-02-23 10:43:27 
TT 565 185.0  87.0 058.4  08.9 6.43E-06 002.1 175.5  66.5 0.024688 0.007854 0.000926 hargrave 2023-03-13 18:33:59 
TT 568 297.7  41.5 008.9  25.7 7.39E-06 006.0 241.5  33.9 0.042560 0.061214 0.028983 hargrave 2023-03-14 17:46:47 
TT 573 268.1  50.0 029.8  39.3 6.56E-06 008.6 214.6  34.0 0.046389 0.082038 0.036377 hargrave 2023-03-15 13:04:38 
