CS13- 6 sun compass orientation
   0.85  96.6  81.0 326.0  82.9   1.0
NRM    301.4  50.9 301.4  50.9 1.91E-04 000.4 218.3  22.5 0.128344 0.131025 0.152758 hargrave 2023-02-03 09:27:07 
LT     299.0  52.5 299.0  52.5 1.74E-04 000.9 216.9  20.7 0.156502 0.312928 0.161018 hargrave 2023-02-05 16:27:23 
TT 150 293.2  42.5 293.2  42.5 1.55E-04 001.2 228.1  18.3 0.253381 0.082814 0.224044 hargrave 2023-02-17 10:41:07 
TT 250 284.4  29.8 284.4  29.8 1.34E-04 004.0 241.2  11.2 0.828935 0.430438 0.160108 hargrave 2023-02-17 17:03:52 
TT 350 283.5  26.6 283.5  26.6 9.80E-05 002.8 244.4  10.2 0.431205 0.212653 0.095118 hargrave 2023-02-18 12:19:38 
TT 375 281.3  26.7 281.3  26.7 8.70E-05 001.5 244.1  08.2 0.195987 0.123271 0.090474 hargrave 2023-02-18 18:16:37 
TT 400 279.5  31.1 279.5  31.1 7.79E-05 004.4 239.5  07.1 0.504243 0.323447 0.083783 hargrave 2023-02-19 17:18:36 
TT 450 285.4  24.5 285.4  24.5 5.91E-05 001.0 246.6  11.6 0.111513 0.058956 0.050802 hargrave 2023-02-20 14:24:52 
TT 500 281.4  21.2 281.4  21.2 5.17E-05 005.3 249.6  07.7 0.440164 0.194204 0.031033 hargrave 2023-02-20 20:25:18 
TT 525 283.3  18.4 283.3  18.4 4.94E-05 002.4 252.7  09.1 0.085197 0.706494 0.030858 hargrave 2023-02-21 14:40:21 
TT 550 275.5  24.2 275.5  24.2 3.99E-05 006.5 245.9  02.7 0.390505 0.248406 0.031448 hargrave 2023-02-22 10:13:25 
TT 555 285.0  17.7 285.0  17.7 3.68E-05 002.4 253.6  10.7 0.140913 0.094728 0.035240 hargrave 2023-02-22 16:57:01 
TT 560 270.0  08.1 270.0  08.1 2.80E-05 004.4 260.9 -05.2 0.204753 0.106224 0.032664 hargrave 2023-02-23 10:44:57 
TT 565 278.7  17.6 344.4  47.0 2.02E-05 001.0 252.9  04.7 0.031597 0.038199 0.011556 hargrave 2023-03-13 18:35:29 
TT 568 281.1 -00.2 318.8  44.5 2.80E-05 004.9 270.9  04.4 0.236527 0.056660 0.047725 hargrave 2023-03-14 17:48:17 
TT 573 277.6  08.2 330.5  48.8 5.64E-06 048.4 262.0  02.2 0.087070 0.597434 0.024727 hargrave 2023-03-15 13:06:09 
TT 573 274.0 -05.6 308.6  50.0 1.23E-05 001.4 275.1 -03.4 0.027432 0.037087 0.006757 hargrave 2023-03-15 13:41:58 
TT 578 263.8  38.4 021.5  49.8 1.76E-05 005.8 230.0 -04.3 0.116349 0.137637 0.061586 hargrave 2023-03-15 17:57:33 
TT 585 249.6  44.5 040.7  50.7 1.55E-05 006.3 220.6 -12.2 0.095051 0.150690 0.077245 hargrave 2023-03-16 12:32:48 
TT 588 277.6 -39.8 271.9  29.5 2.13E-05 003.2 309.5 -05.0 0.089657 0.060225 0.090411 hargrave 2023-03-16 22:13:23 
TT 595 244.5  16.7 016.2  77.2 8.34E-06 009.1 245.8 -27.2 0.070285 0.117213 0.132051 hargrave 2023-03-17 13:18:16 
TT 600 097.0 -52.4 207.2 -33.6 1.66E-05 007.1 038.0 -07.4 0.172455 0.109980 0.078234 hargrave 2023-03-19 12:32:33 
TT 610 088.1 -20.2 172.1 -56.2 9.19E-06 061.5 068.7  04.7 0.357118 0.912589 0.081742 hargrave 2023-03-19 17:01:38 
TT 610 275.4 -31.0 278.6  36.5 1.56E-05 002.4 300.5 -05.7 0.055953 0.037855 0.006667 hargrave 2023-03-19 17:31:46 
TT 620 283.8 -18.7 296.5  36.3 1.58E-05 061.5 289.7  03.9 0.569642 1.591367 0.113893 hargrave 2023-03-20 11:57:43 
TT 620 280.8 -26.6 286.4  35.1 3.58E-05 001.0 296.9 -00.3 0.042240 0.075698 0.015682 hargrave 2023-03-20 12:48:27 
TT 630 103.8  37.4 097.4 -27.1 3.03E-05 003.5 128.0 -00.2 0.124200 0.164137 0.165901 hargrave 2023-03-20 16:15:24 
TT 640 089.2 -24.1 178.0 -53.9 4.40E-05 002.8 065.0  03.0 0.119572 0.135175 0.200678 hargrave 2023-03-21 12:13:44 
TT 647 086.0 -45.5 207.0 -43.6 5.00E-05 003.0 043.6  00.9 0.185284 0.081780 0.244367 hargrave 2023-03-21 15:07:15 
TT 655 094.1 -20.2 169.6 -50.9 5.06E-05 005.4 069.7 -00.7 0.456358 0.095447 0.246265 hargrave 2023-03-21 19:27:29 
