CS13- 2 sun compass orientation
    0.4 107.9  18.0 326.0  82.9   1.0
NRM    274.4  19.5 274.4  19.5 2.17E-04 000.6 251.1  14.5 0.156161 0.173352 0.184214 hargrave 2023-02-03 09:21:32 
LT     271.9  03.4 271.9  03.4 1.96E-04 000.5 253.7 -01.7 0.110602 0.030056 0.119744 hargrave 2023-02-16 18:21:53 
TT 150 275.1 -15.3 275.1 -15.3 2.12E-04 007.4 262.7 -18.4 2.712356 0.263301 0.407681 hargrave 2023-02-17 10:33:29 
TT 250 270.8 -13.4 270.8 -13.4 2.13E-04 003.2 257.8 -18.0 1.112832 0.364944 0.262687 hargrave 2023-02-17 16:56:13 
TT 350 265.1 -06.7 265.1 -06.7 1.74E-04 001.5 250.1 -13.3 0.359239 0.249583 0.203038 hargrave 2023-02-18 12:11:55 
TT 375 267.3 -08.6 267.3 -08.6 1.58E-04 000.9 252.9 -14.5 0.182983 0.181914 0.160600 hargrave 2023-02-18 18:08:59 
TT 400 265.8 -09.4 265.8 -09.4 1.45E-04 001.0 251.7 -15.7 0.198082 0.135305 0.167460 hargrave 2023-02-19 17:10:52 
TT 450 267.7 -08.1 267.7 -08.1 1.17E-04 004.0 253.2 -13.9 0.775758 0.272394 0.113090 hargrave 2023-02-20 14:17:14 
TT 500 265.5 -14.5 265.5 -14.5 1.12E-04 001.7 253.0 -20.6 0.315772 0.114519 0.088878 hargrave 2023-02-20 20:17:41 
TT 525 266.0 -15.6 266.0 -15.6 1.12E-04 001.8 253.9 -21.5 0.339363 0.108728 0.082740 hargrave 2023-02-21 14:34:04 
TT 550 270.0 -26.2 270.0 -26.2 1.01E-04 001.5 261.6 -30.3 0.262873 0.116378 0.082350 hargrave 2023-02-22 10:07:09 
TT 555 260.6 -12.1 260.6 -12.1 9.43E-05 003.7 247.4 -19.7 0.517135 0.331436 0.070322 hargrave 2023-02-22 16:49:17 
TT 560 270.1 -33.9 270.1 -33.9 1.10E-04 000.8 265.0 -37.5 0.128270 0.159652 0.062107 hargrave 2023-02-23 10:35:41 
TT 565 263.6 -17.4 283.8  53.4 9.20E-05 000.7 252.1 -24.0 0.101882 0.111942 0.058199 hargrave 2023-03-13 18:27:50 
TT 568 247.9 -39.6 248.4  42.1 5.13E-05 001.2 245.1 -49.4 0.076678 0.146961 0.075790 hargrave 2023-03-14 17:40:39 
TT 573 268.2 -30.1 274.2  41.7 6.62E-05 000.9 261.5 -34.5 0.095360 0.140162 0.105193 hargrave 2023-03-15 12:58:28 
TT 578 258.6 -49.4 252.9  30.2 3.66E-05 001.2 263.2 -55.1 0.052618 0.113753 0.142400 hargrave 2023-03-15 17:54:46 
TT 585 274.5 -33.7 275.4  35.3 5.94E-05 001.5 269.2 -36.0 0.138205 0.120801 0.134848 hargrave 2023-03-16 12:30:01 
TT 588 296.2 -63.9 258.6  06.1 4.09E-05 001.7 307.9 -56.6 0.080946 0.111913 0.166616 hargrave 2023-03-16 22:09:07 
TT 595 274.5 -26.3 282.8  40.0 5.71E-05 003.8 266.0 -29.0 0.360710 0.129176 0.190152 hargrave 2023-03-17 13:12:22 
TT 600 275.1 -79.2 242.8  01.4 3.49E-05 001.1 325.3 -71.3 0.037752 0.057742 0.159079 hargrave 2023-03-19 12:27:28 
TT 610 273.8 -26.6 281.9  40.2 5.72E-05 002.9 265.5 -29.6 0.259479 0.174076 0.180920 hargrave 2023-03-19 16:57:21 
TT 620 341.1 -54.5 271.4 -14.4 3.34E-05 005.1 333.4 -39.1 0.066411 0.258098 0.246779 hargrave 2023-03-20 11:51:47 
TT 630 282.6 -15.0 300.3  38.8 5.71E-05 006.4 269.7 -15.9 0.623553 0.188566 0.213734 hargrave 2023-03-20 16:10:18 
TT 640 332.6 -25.2 301.5 -09.0 4.95E-05 002.8 318.9 -12.0 0.148710 0.093713 0.259001 hargrave 2023-03-21 12:08:37 
TT 647 291.4 -11.7 307.5  31.8 5.84E-05 003.5 277.0 -10.1 0.328308 0.215242 0.234813 hargrave 2023-03-21 15:02:57 
TT 655 335.5 -22.7 304.1 -11.5 5.76E-05 004.0 321.0 -09.0 0.304328 0.120657 0.335564 hargrave 2023-03-21 19:22:22 
