CS13- 4 sun compass orientation
    0.7  91.0  17.0 326.0  82.9   1.0
NRM    300.5  33.5 300.5  33.5 2.52E-04 000.4 287.7  40.4 0.091709 0.099460 0.139585 hargrave 2023-02-03 09:23:58 
LT     276.8  18.5 276.8  18.5 2.02E-04 000.5 270.0  19.3 0.142439 0.109216 0.145794 hargrave 2023-02-05 16:23:55 
TT 150 261.5  03.1 261.5  03.1 1.91E-04 002.8 260.0  00.2 0.865806 0.252644 0.308589 hargrave 2023-02-17 10:36:47 
TT 250 265.3  02.2 265.3  02.2 1.89E-04 001.5 263.9  00.5 0.399333 0.177460 0.250646 hargrave 2023-02-17 16:59:32 
TT 350 266.7  10.4 266.7  10.4 1.28E-04 001.7 262.8  08.7 0.365325 0.087301 0.139767 hargrave 2023-02-18 12:15:15 
TT 375 267.5  09.1 267.5  09.1 1.08E-04 004.9 264.0  07.6 0.917549 0.162173 0.141825 hargrave 2023-02-18 18:12:17 
TT 400 266.4  07.2 266.4  07.2 9.69E-05 002.3 263.6  05.5 0.364706 0.094524 0.133108 hargrave 2023-02-19 17:14:12 
TT 450 266.1  18.5 266.1  18.5 7.95E-05 002.3 259.8  16.2 0.310526 0.088623 0.076881 hargrave 2023-02-20 14:20:33 
TT 500 266.8  08.1 266.8  08.1 6.85E-05 003.0 263.6  06.6 0.345033 0.133201 0.051881 hargrave 2023-02-20 20:20:59 
TT 525 267.0  08.1 267.0  08.1 7.12E-05 001.8 263.8  06.6 0.217718 0.132864 0.036590 hargrave 2023-02-21 14:36:48 
TT 550 260.7 -02.6 260.7 -02.6 6.57E-05 002.3 260.9 -05.5 0.246500 0.144221 0.045093 hargrave 2023-02-22 10:09:52 
TT 555 270.1  19.9 270.1  19.9 5.74E-05 001.3 263.1  18.7 0.108965 0.095048 0.036991 hargrave 2023-02-22 16:52:41 
TT 560 264.3 -17.3 264.3 -17.3 6.72E-05 002.3 268.8 -18.4 0.254139 0.108010 0.060498 hargrave 2023-02-23 10:39:48 
TT 565 266.8 -08.9 299.2  55.4 5.39E-05 001.1 268.6 -09.7 0.093072 0.116237 0.047128 hargrave 2023-03-13 18:31:08 
TT 568 241.1 -39.6 241.4  43.2 4.42E-05 002.4 254.8 -46.2 0.129100 0.191996 0.063866 hargrave 2023-03-14 17:43:58 
TT 573 264.2 -30.9 270.0  43.5 6.14E-05 000.8 273.5 -31.3 0.078109 0.206898 0.080790 hargrave 2023-03-15 13:01:48 
TT 578 278.8 -37.0 275.1  30.6 5.37E-05 003.4 289.4 -32.9 0.242643 0.264948 0.096095 hargrave 2023-03-15 17:56:09 
TT 585 251.8 -29.5 257.9  50.5 6.01E-05 002.2 261.0 -33.7 0.190058 0.234864 0.074776 hargrave 2023-03-16 12:31:24 
TT 588 281.6 -47.4 267.5  22.3 4.75E-05 003.0 296.7 -41.9 0.291545 0.079916 0.109945 hargrave 2023-03-16 22:11:54 
TT 595 266.3 -28.6 274.0  44.0 6.34E-05 001.2 274.6 -28.6 0.143469 0.226272 0.128232 hargrave 2023-03-17 13:16:46 
TT 600 294.0 -62.6 259.2  07.7 4.30E-05 002.9 315.6 -52.8 0.230620 0.091408 0.123045 hargrave 2023-03-19 12:31:04 
TT 610 269.7 -25.8 279.7  43.6 6.22E-05 004.7 276.9 -25.0 0.523059 0.142513 0.137879 hargrave 2023-03-19 17:00:09 
TT 620 306.0 -40.8 282.3  10.2 5.15E-05 002.7 314.3 -29.9 0.066094 0.274855 0.168531 hargrave 2023-03-20 11:55:24 
TT 630 247.9 -13.2 266.4  66.6 6.66E-05 002.4 251.6 -19.3 0.200896 0.296816 0.127237 hargrave 2023-03-20 16:13:54 
TT 640 296.0 -24.5 295.3  23.6 6.90E-05 006.3 300.7 -16.5 0.749703 0.218218 0.153050 hargrave 2023-03-21 12:12:14 
TT 647 268.4 -13.6 293.3  51.8 6.85E-05 003.6 271.5 -13.8 0.428532 0.293644 0.159221 hargrave 2023-03-21 15:05:45 
TT 655 303.3 -19.6 302.5  18.6 7.26E-05 005.2 306.1 -10.0 0.673026 0.190801 0.195980 hargrave 2023-03-21 19:25:59 
