CS14- 2 mag compass orientation (IGRF corrected)
    0.6 364.1  78.0   8.7  55.8   1.0
NRM    290.8  32.4 002.2  79.7 6.77E-05 001.7 145.7  64.4 0.112166 0.179108 0.031756 hargrave 2023-02-03 09:34:12 
LT     289.8  34.1 011.5  80.9 6.23E-05 001.8 149.8  63.7 0.127967 0.167924 0.031105 hargrave 2023-02-05 16:34:40 
TT 150 293.0  30.7 356.4  77.5 6.19E-05 001.9 139.9  64.4 0.112686 0.189085 0.082469 hargrave 2023-02-17 10:45:33 
TT 250 294.1  30.7 357.9  76.6 5.92E-05 002.0 138.4  63.7 0.080787 0.202869 0.072758 hargrave 2023-02-17 17:08:19 
TT 350 288.4  27.3 331.9  79.2 2.78E-05 002.3 140.8  69.6 0.064530 0.099391 0.032503 hargrave 2023-02-18 12:24:05 
TT 375 281.4  25.6 294.5  81.1 1.48E-05 001.8 154.3  74.7 0.043462 0.027606 0.016628 hargrave 2023-02-18 18:21:02 
TT 400 284.3  17.2 296.5  72.3 1.21E-05 001.2 118.9  78.9 0.017603 0.021388 0.014302 hargrave 2023-02-19 17:23:03 
TT 450 280.1 -00.7 281.1  55.1 7.31E-06 001.5 025.4  76.0 0.015089 0.008125 0.014330 hargrave 2023-02-20 14:29:18 
TT 500 280.9 -05.9 282.0  49.8 6.28E-06 001.9 021.0  70.9 0.016058 0.009901 0.013709 hargrave 2023-02-20 20:29:43 
TT 525 276.5 -08.3 275.6  47.4 5.50E-06 001.9 006.9  69.5 0.014604 0.008307 0.013865 hargrave 2023-02-21 14:43:53 
TT 550 281.1 -14.8 281.7  40.9 5.62E-06 001.9 014.6  62.3 0.016804 0.008247 0.014154 hargrave 2023-02-22 10:16:58 
TT 555 287.1 -08.8 290.7  46.3 4.72E-06 002.9 032.4  65.5 0.015370 0.025156 0.015950 hargrave 2023-02-22 17:01:26 
TT 560 283.3 -21.8 283.8  33.8 4.80E-06 002.4 015.0  55.0 0.021162 0.010789 0.014473 hargrave 2023-02-23 10:49:23 
TT 565 284.7 -25.3 285.0  30.2 4.34E-06 002.8 015.5  51.3 0.021267 0.010486 0.002235 hargrave 2023-03-14 10:31:49 
TT 568 273.6 -31.4 273.9  24.2 3.37E-06 002.6 359.4  46.6 0.018140 0.007646 0.001342 hargrave 2023-03-14 18:22:20 
TT 573 286.1 -26.9 286.2  28.5 3.57E-06 003.2 016.5  49.4 0.015191 0.010091 0.018622 hargrave 2023-03-15 13:10:37 
TT 578 284.9 -24.9 285.3  30.6 2.69E-06 005.9 015.9  51.6 0.013327 0.021418 0.019304 hargrave 2023-03-15 18:01:52 
TT 585 299.1 -20.6 301.3  31.8 2.37E-06 004.0 037.2  49.1 0.009593 0.010834 0.020045 hargrave 2023-03-16 12:37:06 
TT 588 267.6  04.1 257.4  58.2 1.72E-06 007.4 320.6  79.8 0.010742 0.015885 0.020516 hargrave 2023-03-16 22:16:11 
TT 595 198.1 -01.6 195.3  06.9 1.09E-06 015.1 274.5  13.3 0.010040 0.018840 0.023774 hargrave 2023-03-17 13:21:05 
TT 600 294.8  85.5 097.1  38.5 1.17E-06 017.1 178.3  16.2 0.005970 0.033282 0.015273 hargrave 2023-03-19 12:35:22 
TT 600 178.9  71.8 119.3  29.4 1.14E-06 002.0 198.4  09.8 0.005707 0.003439 0.000676 hargrave 2023-03-19 13:13:31 
TT 610 177.0  42.0 147.5  14.5 1.03E-06 017.0 227.6  02.8 0.009309 0.022959 0.022257 hargrave 2023-03-19 17:04:27 
