CS14- 1 mag compass orientation (IGRF corrected)
    0.4 350.1  76.0   8.7  55.8   1.0
NRM    305.8  54.5 064.0  62.3 4.05E-05 002.4 149.0  36.2 0.108736 0.143034 0.019209 hargrave 2023-02-03 09:32:58 
LT     304.2  51.3 059.4  64.9 3.19E-05 002.8 146.2  38.6 0.091288 0.156074 0.022241 hargrave 2023-02-05 16:33:20 
TT 150 301.6  54.1 066.7  64.5 3.14E-05 003.5 150.2  38.5 0.108473 0.170864 0.030461 hargrave 2023-02-17 10:44:02 
TT 250 306.4  46.3 047.2  65.8 2.94E-05 001.7 139.6  39.6 0.073839 0.072415 0.026812 hargrave 2023-02-17 17:06:47 
TT 350 307.1  48.4 051.4  64.6 2.00E-05 003.5 141.8  38.3 0.083944 0.099302 0.017734 hargrave 2023-02-18 12:22:33 
TT 375 311.4  57.7 065.8  57.9 1.42E-05 002.2 150.5  31.9 0.061647 0.033304 0.012267 hargrave 2023-02-18 18:19:30 
TT 400 314.0  54.6 059.4  58.1 1.23E-05 005.8 146.5  31.9 0.076179 0.107287 0.009761 hargrave 2023-02-19 17:21:32 
TT 450 313.4  57.0 063.6  57.4 9.27E-06 002.6 149.3  31.3 0.045609 0.024965 0.006040 hargrave 2023-02-20 14:27:46 
TT 500 308.5  56.2 065.1  60.0 6.22E-06 005.0 149.9  34.0 0.036821 0.045880 0.007541 hargrave 2023-02-20 20:28:13 
TT 525 306.8  56.4 066.5  60.7 5.49E-06 002.6 150.6  34.7 0.025786 0.014092 0.006329 hargrave 2023-02-21 14:42:40 
TT 550 297.8  52.1 067.1  67.5 3.52E-06 004.2 149.9  41.5 0.018455 0.020228 0.007840 hargrave 2023-02-22 10:15:45 
TT 555 299.0  50.4 062.4  68.1 3.37E-06 004.9 147.5  41.9 0.019015 0.023989 0.011261 hargrave 2023-02-22 16:59:55 
TT 560 299.6  45.9 051.3  70.3 3.06E-06 004.7 142.0  44.0 0.017743 0.017578 0.011268 hargrave 2023-02-23 10:47:52 
TT 565 299.6  45.0 049.0  70.7 2.55E-06 002.9 140.9  44.4 0.012295 0.006837 0.001541 hargrave 2023-03-14 10:30:17 
TT 568 293.1  58.2 081.2  64.1 1.72E-06 003.5 158.2  39.4 0.012020 0.004933 0.001667 hargrave 2023-03-14 18:20:49 
TT 573 302.1  49.0 056.3  67.2 1.69E-06 005.4 144.4  40.9 0.008962 0.017343 0.015791 hargrave 2023-03-15 13:09:05 
TT 578 300.8  49.5 058.5  67.7 1.72E-06 006.3 145.5  41.4 0.009742 0.021696 0.015082 hargrave 2023-03-15 18:00:23 
TT 585 314.7  39.2 029.3  60.9 1.89E-06 005.2 128.7  36.1 0.009016 0.021377 0.017391 hargrave 2023-03-16 12:35:37 
TT 588 293.8  52.3 072.5  68.9 1.76E-06 008.5 152.3  43.2 0.010164 0.027486 0.015974 hargrave 2023-03-16 22:14:48 
TT 595 305.7  62.1 075.5  57.3 1.58E-06 012.8 156.7  32.1 0.008086 0.035143 0.021229 hargrave 2023-03-17 13:19:42 
TT 600 227.6  77.1 112.1  41.6 8.32E-07 017.3 187.6  24.7 0.005535 0.023221 0.011810 hargrave 2023-03-19 12:33:59 
TT 600 183.4  60.1 132.4  26.7 8.45E-07 003.0 210.8  18.7 0.004828 0.003680 0.001249 hargrave 2023-03-19 13:12:08 
TT 610 305.9  81.6 093.6  41.6 1.14E-06 013.4 173.6  19.8 0.007600 0.021397 0.019780 hargrave 2023-03-19 17:03:04 
