CS14- 3 mag compass orientation (IGRF corrected)
    0.4 153.1  27.0   8.7  55.8   1.0
NRM    324.9  62.1 067.1  49.8 3.37E-04 000.4 225.2  49.2 0.150203 0.147365 0.245093 hargrave 2023-02-03 09:35:27 
LT     323.1  61.7 067.1  50.8 2.92E-04 000.4 224.6  48.4 0.137504 0.145858 0.189367 hargrave 2023-02-05 16:35:56 
TT 150 328.3  60.7 064.2  48.8 2.86E-04 003.9 228.4  49.3 1.761640 0.836990 0.296874 hargrave 2023-02-17 10:47:05 
TT 250 326.3  60.5 064.4  49.8 2.52E-04 002.3 227.5  48.5 0.961059 0.325368 0.240782 hargrave 2023-02-17 17:09:50 
TT 350 332.5  63.1 066.8  46.3 1.60E-04 001.6 227.9  52.4 0.457776 0.106053 0.132771 hargrave 2023-02-18 12:25:36 
TT 375 333.3  65.0 069.3  45.4 1.44E-04 001.5 225.9  53.9 0.363553 0.102461 0.141611 hargrave 2023-02-18 18:22:33 
TT 400 332.0  66.6 071.7  45.4 1.34E-04 001.9 223.2  54.5 0.431945 0.103371 0.133821 hargrave 2023-02-19 17:24:34 
TT 450 331.0  64.7 069.4  46.4 7.77E-05 002.4 225.1  53.0 0.297650 0.146876 0.037127 hargrave 2023-02-20 14:30:48 
TT 500 325.6  65.5 071.7  48.3 5.12E-05 002.6 221.7  51.8 0.250101 0.105790 0.014278 hargrave 2023-02-20 20:31:13 
TT 525 327.9  65.5 071.1  47.4 4.61E-05 000.9 222.8  52.5 0.048483 0.055632 0.014842 hargrave 2023-02-21 14:45:06 
TT 550 328.3  61.5 065.4  48.5 2.84E-05 001.5 227.6  49.9 0.059289 0.057245 0.011732 hargrave 2023-02-22 10:18:12 
TT 555 324.2  63.0 068.5  49.8 2.52E-05 003.3 223.9  49.6 0.111634 0.096758 0.014656 hargrave 2023-02-22 17:03:01 
TT 560 316.5  63.5 071.9  52.6 2.24E-05 002.2 219.5  47.7 0.066900 0.046472 0.038614 hargrave 2023-02-23 10:50:55 
TT 565 311.6  62.3 072.5  55.1 1.60E-05 002.5 218.0  45.4 0.064849 0.038280 0.004537 hargrave 2023-03-14 10:33:21 
TT 568 306.4  57.6 068.7  60.1 1.24E-05 001.8 218.7  40.0 0.035843 0.025697 0.004388 hargrave 2023-03-14 18:23:52 
TT 573 315.8  56.1 061.1  56.5 1.11E-05 002.5 225.5  41.6 0.038979 0.028340 0.019047 hargrave 2023-03-15 13:12:08 
TT 578 305.6  56.0 066.7  61.5 9.27E-06 002.8 219.3  38.4 0.037814 0.026789 0.021132 hargrave 2023-03-15 18:03:24 
TT 585 299.9  59.9 076.9  60.8 5.41E-06 005.5 213.3  40.3 0.032244 0.040208 0.019907 hargrave 2023-03-16 12:38:39 
TT 588 308.3  60.2 071.3  57.7 5.94E-06 004.8 217.9  42.7 0.035573 0.034099 0.021663 hargrave 2023-03-16 22:17:34 
TT 595 323.5  58.1 061.6  51.9 3.80E-06 006.6 228.3  45.8 0.016764 0.029219 0.031932 hargrave 2023-03-17 13:22:29 
TT 600 317.8  50.0 049.8  57.5 3.53E-06 010.1 231.1  37.3 0.034139 0.050579 0.018564 hargrave 2023-03-19 12:36:46 
TT 610 311.3  44.5 041.0  63.0 2.44E-06 011.7 230.0  30.3 0.021507 0.036024 0.028796 hargrave 2023-03-19 17:05:50 
