CS14- 4 mag compass orientation (IGRF corrected)
      0 366.1  65.0   8.7  55.8   1.0
NRM    285.5  63.5 092.5  60.4 5.68E-05 001.5 173.3  51.0 0.108495 0.119458 0.038586 hargrave 2023-02-03 09:36:45 
LT     286.8  62.9 091.2  60.8 4.95E-05 001.8 172.2  51.4 0.116569 0.123632 0.034242 hargrave 2023-02-05 16:37:24 
TT 150 291.1  60.9 085.8  62.2 4.78E-05 002.0 168.0  52.7 0.148364 0.064037 0.082508 hargrave 2023-02-17 10:48:32 
TT 250 291.4  59.2 084.0  63.7 4.10E-05 002.1 166.7  54.2 0.090139 0.114110 0.067308 hargrave 2023-02-17 17:11:17 
TT 350 289.8  64.0 089.2  59.4 3.02E-05 002.3 170.7  50.0 0.116187 0.056958 0.056177 hargrave 2023-02-18 12:27:04 
TT 375 287.4  64.6 091.5  59.1 2.82E-05 002.3 172.6  49.7 0.115947 0.038983 0.051744 hargrave 2023-02-18 18:24:00 
TT 400 291.1  63.9 088.1  59.3 2.63E-05 002.4 169.9  49.8 0.110781 0.040759 0.045815 hargrave 2023-02-19 17:26:02 
TT 450 288.3  63.8 090.2  59.8 1.98E-05 002.4 171.6  50.4 0.073858 0.053587 0.027688 hargrave 2023-02-20 14:32:16 
TT 500 289.4  61.8 088.1  61.6 1.23E-05 002.1 169.8  52.1 0.051037 0.016136 0.009260 hargrave 2023-02-20 20:32:39 
TT 525 286.7  61.1 090.3  62.6 1.05E-05 001.9 171.5  53.1 0.039060 0.011538 0.007023 hargrave 2023-02-21 14:46:16 
TT 550 283.1  57.3 092.6  66.7 4.76E-06 002.1 172.9  57.3 0.019628 0.005886 0.005349 hargrave 2023-02-22 10:19:22 
TT 555 288.8  54.4 082.5  68.6 4.68E-06 002.2 165.6  59.1 0.018674 0.005874 0.007991 hargrave 2023-02-22 17:04:29 
TT 560 300.8  46.7 052.3  69.2 3.82E-06 002.4 144.2  60.7 0.013411 0.010182 0.006522 hargrave 2023-02-23 10:52:22 
TT 565 294.3  36.8 024.7  77.1 2.24E-06 001.4 131.5  70.5 0.004314 0.003850 0.001104 hargrave 2023-03-14 10:34:50 
TT 568 279.9  51.5 096.3  72.6 1.96E-06 002.2 174.8  63.3 0.007988 0.001494 0.001552 hargrave 2023-03-14 18:25:20 
TT 573 252.6  56.9 128.6  61.2 1.94E-06 003.0 201.6  53.9 0.008931 0.002850 0.008066 hargrave 2023-03-15 13:13:36 
TT 578 291.8  62.0 086.0  61.0 1.68E-06 005.9 168.2  51.5 0.008895 0.015455 0.005845 hargrave 2023-03-15 18:05:13 
TT 585 035.3  71.0 080.1  24.3 8.26E-07 012.4 162.9  14.8 0.007173 0.015612 0.008893 hargrave 2023-03-16 12:40:28 
TT 588 232.7  70.5 119.1  46.2 1.14E-06 005.1 197.0  38.2 0.008235 0.006923 0.006922 hargrave 2023-03-16 22:18:57 
TT 595 164.3  30.8 150.1 -00.3 6.40E-07 008.9 233.1 -04.2 0.003263 0.006404 0.008637 hargrave 2023-03-17 13:23:54 
TT 600 143.1  76.8 108.8  24.4 8.02E-07 008.6 190.0  15.7 0.002677 0.009824 0.007203 hargrave 2023-03-19 12:38:11 
TT 610 163.9  26.6 153.1 -03.4 7.10E-07 010.0 236.5 -06.8 0.005942 0.008691 0.008824 hargrave 2023-03-19 17:07:13 
