CS14- 8 mag compass orientation (IGRF corrected)
     40 160.1  29.0   8.7  55.8   1.0
NRM    328.1  43.1 036.9  51.0 9.39E-05 000.8 237.0  31.6 0.137461 0.065090 0.060346 hargrave 2023-02-03 09:39:23 
LT     331.1  38.1 029.8  48.1 7.86E-05 000.8 242.3  28.7 0.115915 0.084286 0.042322 hargrave 2023-02-05 16:40:09 
TT 150 327.7  42.0 035.2  51.2 7.58E-05 001.1 237.4  30.5 0.082387 0.085967 0.103221 hargrave 2023-02-17 10:51:30 
TT 250 321.4  42.5 035.6  55.9 6.89E-05 001.7 232.6  28.4 0.151871 0.048486 0.128696 hargrave 2023-02-17 17:14:15 
TT 350 333.1  46.9 043.1  47.7 2.82E-05 002.0 237.8  36.7 0.091982 0.047652 0.033452 hargrave 2023-02-18 12:30:01 
TT 375 334.3  45.4 040.9  46.7 2.18E-05 003.2 239.8  36.0 0.112863 0.055416 0.024883 hargrave 2023-02-18 18:26:57 
TT 400 335.1  44.1 039.2  46.0 1.93E-05 003.6 241.3  35.3 0.112114 0.051637 0.022405 hargrave 2023-02-19 17:28:59 
TT 450 337.0  42.9 037.8  44.5 1.49E-05 004.3 243.5  35.2 0.097715 0.061180 0.006473 hargrave 2023-02-20 14:35:13 
TT 500 334.7  44.0 038.9  46.3 1.13E-05 004.2 241.1  35.1 0.071496 0.044328 0.010480 hargrave 2023-02-20 20:35:35 
TT 525 337.3  42.5 037.3  44.2 1.03E-05 003.5 244.0  35.0 0.052503 0.037111 0.004978 hargrave 2023-02-21 14:48:39 
TT 550 322.9  35.4 023.5  54.0 6.05E-06 003.2 237.7  22.9 0.023953 0.027755 0.004987 hargrave 2023-02-22 10:21:45 
TT 555 321.1  36.9 025.8  55.7 5.30E-06 004.5 235.5  23.5 0.027814 0.033764 0.007190 hargrave 2023-02-22 17:07:25 
TT 560 324.1  35.1 023.4  53.0 4.98E-06 004.6 238.8  23.2 0.028390 0.031331 0.009026 hargrave 2023-02-23 10:55:20 
TT 565 316.9  19.4 355.0  53.1 2.82E-06 004.5 240.7  06.3 0.016682 0.017023 0.001141 hargrave 2023-03-14 10:37:48 
TT 568 317.0  17.1 352.0  51.8 3.20E-06 002.9 241.8  04.3 0.010584 0.015838 0.002009 hargrave 2023-03-14 18:28:17 
TT 573 316.1  17.5 351.7  52.8 3.31E-06 004.1 240.8  04.3 0.015805 0.017831 0.012896 hargrave 2023-03-15 13:16:35 
TT 578 306.2  11.6 333.3  56.3 2.13E-06 006.4 234.7 -05.1 0.011844 0.017078 0.016162 hargrave 2023-03-15 18:09:37 
TT 585 289.0  23.6 321.6  76.1 1.12E-06 012.0 215.1  00.2 0.009253 0.017153 0.015787 hargrave 2023-03-16 12:44:50 
TT 588 283.0  04.6 287.4  60.1 5.49E-07 017.6 215.1 -19.6 0.004902 0.011841 0.015304 hargrave 2023-03-16 22:21:56 
TT 588 299.0 -12.4 304.8  39.5 7.42E-07 003.6 238.2 -30.0 0.004264 0.004410 0.001502 hargrave 2023-03-17 08:36:08 
TT 595 307.5 -13.9 313.3  34.6 6.25E-07 009.9 247.4 -27.6 0.003738 0.013726 0.015847 hargrave 2023-03-17 13:26:50 
TT 600 250.0  41.7 161.7  66.3 4.78E-07 024.9 179.9  12.7 0.003347 0.017997 0.013127 hargrave 2023-03-19 12:41:07 
TT 610 315.4 -07.7 325.5  35.6 4.99E-07 013.4 251.7 -18.5 0.003362 0.011618 0.013927 hargrave 2023-03-19 17:10:09 
