CS14- 7 mag compass orientation (IGRF corrected)
      2 110.1  13.0   8.7  55.8   1.0
NRM    253.4  33.3 184.0  69.0 1.66E-05 002.6 227.7  25.0 0.070313 0.075124 0.012020 hargrave 2023-02-03 09:38:05 
LT     263.3  27.2 212.4  75.0 9.61E-06 003.7 238.1  20.8 0.046401 0.067479 0.008081 hargrave 2023-02-05 16:38:45 
TT 150 252.4  27.0 199.3  66.3 9.32E-06 006.3 228.1  18.6 0.090369 0.059341 0.002121 hargrave 2023-02-17 10:50:00 
TT 250 254.5  21.6 213.0  65.3 7.44E-06 003.5 231.1  13.7 0.040959 0.029179 0.003392 hargrave 2023-02-17 17:12:44 
TT 350 246.5  08.4 222.2  50.7 5.31E-06 004.4 225.7 -00.6 0.036198 0.026579 0.003482 hargrave 2023-02-18 12:28:31 
TT 375 240.2  02.4 221.8  42.1 5.13E-06 003.9 220.5 -07.6 0.032039 0.024129 0.001659 hargrave 2023-02-18 18:25:27 
TT 400 238.1 -05.6 226.7  34.8 4.71E-06 004.9 219.5 -15.7 0.035095 0.025653 0.006308 hargrave 2023-02-19 17:27:29 
TT 450 233.4 -14.4 229.2  25.0 4.26E-06 007.2 215.9 -25.1 0.034471 0.043975 0.005370 hargrave 2023-02-20 14:33:43 
TT 500 225.6 -16.6 224.9  18.4 4.57E-06 003.8 207.9 -28.3 0.026951 0.021856 0.007959 hargrave 2023-02-20 20:34:06 
TT 525 238.4 -13.7 232.9  28.7 3.22E-06 005.9 221.1 -23.7 0.023303 0.024991 0.006855 hargrave 2023-02-21 14:47:26 
TT 550 237.8  06.7 215.3  43.3 2.40E-06 004.2 217.4 -03.6 0.014347 0.010983 0.006583 hargrave 2023-02-22 10:20:32 
TT 555 247.7  18.5 210.4  58.3 2.06E-06 006.6 225.3  09.5 0.016449 0.016712 0.007894 hargrave 2023-02-22 17:05:56 
TT 560 241.3  12.9 211.6  49.9 1.38E-06 006.6 220.0  03.0 0.010223 0.010880 0.008238 hargrave 2023-02-23 10:53:49 
TT 565 245.2  34.8 177.7  62.5 7.16E-07 004.5 220.0  25.2 0.005335 0.003276 0.000445 hargrave 2023-03-14 10:36:17 
TT 568 248.7  09.7 223.3  53.2 1.34E-06 003.6 227.7  01.0 0.006853 0.005511 0.000324 hargrave 2023-03-14 18:26:47 
TT 573 249.3  09.0 225.0  53.1 1.53E-06 007.9 228.4  00.4 0.014030 0.014053 0.008755 hargrave 2023-03-15 13:15:04 
TT 578 223.2 -06.4 215.2  23.8 7.99E-07 012.3 204.2 -18.3 0.007728 0.012135 0.011594 hargrave 2023-03-15 18:08:07 
TT 578 231.0 -14.0 227.0  23.9 8.54E-07 003.3 213.4 -25.0 0.005253 0.002431 0.000865 hargrave 2023-03-15 19:00:25 
TT 585 211.4 -00.3 202.2  18.4 6.18E-07 012.9 191.6 -13.1 0.006297 0.008725 0.010321 hargrave 2023-03-16 12:43:19 
TT 588 211.9  03.5 199.2  21.1 7.99E-07 008.4 192.0 -09.2 0.007266 0.002599 0.010862 hargrave 2023-03-16 22:20:27 
TT 595 243.4 -11.6 236.1  33.3 7.08E-07 009.9 226.0 -20.8 0.003981 0.008044 0.011946 hargrave 2023-03-17 13:25:20 
TT 600 185.0  04.4 183.0 -00.6 9.19E-07 006.6 164.8 -08.1 0.005521 0.003235 0.009335 hargrave 2023-03-19 12:39:37 
TT 610 279.2  04.5 279.7  60.3 6.93E-07 011.0 258.4  01.9 0.002626 0.007683 0.012776 hargrave 2023-03-19 17:08:39 
