CS15- 2 mag compass orientation (IGRF corrected)
    0.5  79.1  50.0   8.9  69.0   1.0
NRM    026.3 -04.3 011.2 -17.8 4.03E-03 000.2 046.8  34.1 0.522731 0.648520 2.006779 hargrave 2023-02-03 09:44:18 
LT     039.1 -14.6 004.7 -33.0 8.32E-04 000.4 051.3  18.3 0.434768 0.206371 0.473257 hargrave 2023-02-05 16:43:45 
TT 150 042.6 -24.7 353.4 -38.3 7.45E-04 001.8 047.6  08.4 1.881784 1.422299 0.463606 hargrave 2023-02-17 10:56:01 
TT 250 049.4 -31.3 345.2 -44.8 6.48E-04 001.1 047.9 -00.6 0.996210 0.689253 0.429131 hargrave 2023-02-17 17:18:47 
TT 350 057.2 -35.1 338.6 -50.9 5.27E-04 002.6 050.0 -07.8 1.909155 1.476650 0.338085 hargrave 2023-02-18 12:34:32 
TT 375 055.6 -37.0 336.0 -49.3 5.08E-04 002.4 047.7 -08.2 1.658824 1.311768 0.286003 hargrave 2023-02-18 18:31:25 
TT 400 052.6 -40.0 332.3 -46.4 4.92E-04 006.1 043.9 -08.7 3.724765 3.708454 0.176295 hargrave 2023-02-19 17:33:35 
TT 450 054.3 -39.6 332.5 -47.8 4.55E-04 000.6 045.1 -09.4 0.378171 0.301352 0.225790 hargrave 2023-02-20 14:39:44 
TT 500 055.5 -41.4 329.7 -48.2 3.94E-04 000.5 044.5 -11.2 0.296508 0.225054 0.284419 hargrave 2023-02-20 20:40:05 
TT 525 053.6 -42.6 328.5 -46.5 3.71E-04 000.8 042.6 -11.1 0.285303 0.326978 0.396907 hargrave 2023-02-21 14:52:22 
TT 550 048.1 -51.1 318.7 -40.5 3.10E-04 002.2 033.8 -14.6 0.748913 0.894995 0.363217 hargrave 2023-02-22 10:25:28 
TT 555 045.7 -50.5 320.0 -39.2 2.93E-04 001.1 033.1 -13.2 0.349942 0.436556 0.316317 hargrave 2023-02-22 17:11:56 
TT 560 042.6 -54.6 315.6 -36.3 2.83E-04 001.2 028.8 -15.1 0.358981 0.476382 0.319435 hargrave 2023-02-23 10:59:52 
TT 565 039.3 -56.5 313.9 -34.0 2.43E-04 000.4 026.1 -15.4 0.153809 0.089996 0.050822 hargrave 2023-03-13 18:50:19 
TT 568 041.3 -56.4 313.7 -35.1 2.29E-04 000.3 027.1 -16.0 0.164527 0.066622 0.025263 hargrave 2023-03-14 18:31:33 
TT 573 033.9 -58.5 312.3 -30.8 2.21E-04 000.7 022.5 -15.3 0.241181 0.183615 0.071073 hargrave 2023-03-15 13:21:08 
TT 578 029.2 -61.1 309.8 -28.1 1.86E-04 001.3 018.9 -16.2 0.262522 0.169772 0.326843 hargrave 2023-03-15 18:12:31 
TT 585 019.2 -61.4 309.8 -23.2 1.66E-04 002.3 014.3 -14.3 0.398358 0.428340 0.368398 hargrave 2023-03-16 12:47:46 
TT 588 011.8 -74.0 296.1 -20.9 1.30E-04 002.1 006.8 -25.0 0.205908 0.261297 0.353932 hargrave 2023-03-16 22:25:16 
TT 595 327.2 -77.0 288.8 -12.1 1.19E-04 002.2 354.6 -27.8 0.206308 0.121328 0.395500 hargrave 2023-03-17 13:30:14 
TT 600 296.5 -74.0 283.7 -05.7 1.14E-04 004.7 345.5 -29.3 0.091973 0.854636 0.403503 hargrave 2023-03-19 12:44:27 
TT 610 321.4 -77.7 287.3 -11.7 1.11E-04 002.7 353.5 -28.9 0.166448 0.283302 0.402839 hargrave 2023-03-19 17:13:29 
TT 620 333.5 -62.9 300.7 -04.2 1.35E-04 006.2 352.8 -13.7 0.179018 1.423246 0.456948 hargrave 2023-03-20 12:00:33 
TT 630 301.8 -59.4 290.4  07.4 8.61E-05 003.5 337.0 -16.8 0.189505 0.159359 0.477339 hargrave 2023-03-20 16:18:12 
TT 640 333.0 -52.0 308.8  03.1 1.21E-04 003.9 350.2 -03.1 0.102636 0.769452 0.347042 hargrave 2023-03-21 12:16:34 
TT 647 284.8 -28.9 285.6  39.8 5.46E-05 006.0 307.9 -01.1 0.150079 0.202645 0.531249 hargrave 2023-03-21 15:10:05 
TT 655 342.0 -51.6 312.5 -01.1 1.06E-04 003.0 355.6 -01.8 0.124188 0.321082 0.466298 hargrave 2023-03-21 19:30:20 
