CS15- 4 mag compass orientation (IGRF corrected)
    1.3  78.1  23.0   8.9  69.0   1.0
NRM    066.2  13.4 053.0 -42.9 2.75E-04 000.4 084.4  17.0 0.121474 0.117781 0.191458 hargrave 2023-02-03 09:47:45 
LT     098.3 -03.5 096.9 -72.4 1.65E-04 000.5 107.4 -11.0 0.105812 0.161930 0.106383 hargrave 2023-02-05 16:47:27 
TT 150 124.4 -17.1 184.0 -65.6 1.60E-04 003.5 128.3 -32.7 0.914834 0.365435 0.179387 hargrave 2023-02-17 10:59:01 
TT 250 137.3 -24.1 201.3 -54.5 1.36E-04 001.7 140.3 -43.0 0.146384 0.388247 0.165223 hargrave 2023-02-17 17:21:47 
TT 350 145.2 -22.5 199.8 -47.2 9.47E-05 002.7 150.4 -43.3 0.130978 0.437265 0.116355 hargrave 2023-02-18 12:37:32 
TT 375 144.7 -22.2 199.2 -47.5 8.86E-05 001.4 150.0 -42.8 0.170151 0.155676 0.092766 hargrave 2023-02-18 18:34:23 
TT 400 144.2 -22.8 200.1 -48.1 8.50E-05 001.6 149.1 -43.4 0.224257 0.100986 0.092347 hargrave 2023-02-19 17:36:35 
TT 450 148.9 -24.5 203.2 -44.0 7.05E-05 001.9 154.6 -45.9 0.111599 0.241095 0.047400 hargrave 2023-02-20 14:42:45 
TT 500 151.0 -20.3 197.9 -41.4 5.91E-05 001.2 158.2 -42.0 0.118816 0.093762 0.044838 hargrave 2023-02-20 20:43:03 
TT 525 148.3 -19.5 196.2 -43.9 5.22E-05 001.4 155.0 -40.8 0.079660 0.132367 0.055762 hargrave 2023-02-21 14:54:48 
TT 550 149.5 -18.8 195.6 -42.6 4.52E-05 002.7 156.7 -40.4 0.082150 0.220536 0.070013 hargrave 2023-02-22 10:27:55 
TT 555 142.3 -23.6 201.1 -49.9 3.99E-05 002.5 146.5 -43.7 0.077170 0.161095 0.095921 hargrave 2023-02-22 17:14:55 
TT 560 142.6 -28.1 208.0 -49.9 4.14E-05 002.4 145.3 -48.1 0.083461 0.146918 0.083905 hargrave 2023-02-23 11:02:53 
TT 565 137.9 -19.5 193.6 -53.4 3.58E-05 000.9 142.6 -38.7 0.052005 0.028170 0.019704 hargrave 2023-03-13 18:53:18 
TT 568 140.3 -19.5 194.3 -51.2 3.53E-05 000.7 145.4 -39.3 0.034537 0.022279 0.026201 hargrave 2023-03-14 18:34:32 
TT 573 145.8 -20.1 196.5 -46.2 3.03E-05 002.0 151.9 -41.0 0.076624 0.054107 0.108480 hargrave 2023-03-15 13:24:08 
TT 578 145.2 -18.6 194.1 -46.5 2.97E-05 002.5 151.5 -39.4 0.101564 0.082598 0.103786 hargrave 2023-03-15 18:15:33 
TT 585 147.0 -17.3 192.8 -44.6 2.67E-05 002.8 153.9 -38.4 0.094270 0.081564 0.106981 hargrave 2023-03-16 12:50:50 
TT 588 147.3 -08.8 181.7 -41.9 2.42E-05 002.5 156.1 -30.1 0.091554 0.057976 0.098185 hargrave 2023-03-16 22:29:36 
TT 595 154.1 -19.9 198.1 -38.5 2.40E-05 002.7 162.2 -42.0 0.079481 0.063512 0.099041 hargrave 2023-03-17 13:34:39 
TT 600 157.7 -18.1 196.9 -34.8 2.16E-05 003.1 166.9 -40.7 0.061296 0.085931 0.094608 hargrave 2023-03-19 12:49:37 
TT 610 132.0 -15.8 185.1 -58.2 2.50E-05 003.2 137.1 -33.6 0.082324 0.073580 0.114822 hargrave 2023-03-19 17:17:53 
TT 620 141.2 -49.3 239.5 -46.2 1.61E-05 004.0 129.1 -67.7 0.076281 0.069405 0.122376 hargrave 2023-03-20 12:03:22 
TT 630 158.8 -27.9 208.9 -35.6 2.02E-05 003.4 167.0 -50.5 0.076536 0.063750 0.104458 hargrave 2023-03-20 16:21:02 
TT 640 063.1 -38.5 331.2 -54.7 1.08E-05 006.3 060.4 -29.6 0.038663 0.079471 0.088890 hargrave 2023-03-21 12:19:24 
TT 647 151.9 -14.3 190.5 -39.3 1.30E-05 007.1 160.4 -36.2 0.089512 0.096510 0.116530 hargrave 2023-03-21 15:12:54 
TT 655 332.4 -12.2 341.6  27.9 7.46E-06 015.5 344.4  10.0 0.040797 0.103951 0.179947 hargrave 2023-03-21 19:33:10 
