CS15- 1 mag compass orientation (IGRF corrected)
    1.2 169.1  82.0   8.9  69.0   1.0
NRM    058.4  32.0 061.8 -24.3 1.89E-04 000.9 215.8  59.2 0.174594 0.281428 0.079079 hargrave 2023-02-03 09:43:04 
LT     072.6  19.4 064.7 -42.1 1.31E-04 000.6 208.1  77.0 0.059927 0.133151 0.061775 hargrave 2023-02-05 16:41:35 
TT 150 102.9 -06.9 114.8 -75.4 1.07E-04 001.0 058.5  62.0 0.187791 0.102665 0.096003 hargrave 2023-02-17 10:53:14 
TT 250 115.4 -28.6 219.2 -73.2 7.38E-05 001.6 042.2  39.3 0.201732 0.141406 0.062961 hargrave 2023-02-17 17:16:00 
TT 350 346.3 -58.9 307.6 -06.9 1.21E-05 004.9 328.5 -08.3 0.064269 0.076230 0.044325 hargrave 2023-02-18 12:31:45 
TT 375 325.8 -52.7 305.3  05.8 1.13E-05 003.5 323.6 -20.3 0.047918 0.041283 0.044656 hargrave 2023-02-18 18:28:40 
TT 400 330.2 -46.9 311.5  07.9 1.18E-05 004.6 316.9 -18.7 0.070203 0.062674 0.033445 hargrave 2023-02-19 17:30:44 
TT 450 326.6 -47.2 309.5  09.5 1.13E-05 003.3 317.7 -21.1 0.046604 0.042234 0.033275 hargrave 2023-02-20 14:36:57 
TT 500 326.2 -36.3 317.3  17.4 1.25E-05 003.7 306.2 -23.1 0.067486 0.045768 0.031310 hargrave 2023-02-20 20:37:19 
TT 525 326.0 -37.9 315.9  16.3 1.21E-05 002.7 307.9 -23.1 0.045553 0.040108 0.026429 hargrave 2023-02-21 14:50:05 
TT 550 319.4 -27.7 319.3  27.5 1.38E-05 002.4 297.4 -29.9 0.049919 0.041488 0.027118 hargrave 2023-02-22 10:23:12 
TT 555 323.6 -25.9 323.7  26.1 1.22E-05 004.7 295.0 -26.4 0.098470 0.044026 0.024729 hargrave 2023-02-22 17:09:10 
TT 560 316.1 -21.5 321.7  34.1 6.42E-06 075.7 290.5 -33.5 0.202011 0.536031 0.379166 hargrave 2023-02-23 10:57:05 
TT 560 315.0 -28.5 315.3  29.5 1.35E-05 002.8 299.1 -33.7 0.051300 0.053893 0.013372 hargrave 2023-02-23 11:22:20 
TT 565 318.9 -13.5 331.1  37.7 1.13E-05 001.7 281.0 -31.1 0.025283 0.035383 0.008861 hargrave 2023-03-13 18:47:32 
TT 568 322.4 -07.4 339.9  38.7 1.25E-05 001.3 274.2 -27.3 0.020396 0.036514 0.010096 hargrave 2023-03-14 18:30:01 
TT 573 326.3 -02.0 348.5  38.2 1.20E-05 007.0 268.8 -22.8 0.140089 0.042079 0.046839 hargrave 2023-03-15 13:18:20 
TT 578 325.6  03.0 353.8  41.2 1.38E-05 004.3 263.3 -22.8 0.092358 0.042395 0.047690 hargrave 2023-03-15 18:11:04 
TT 585 333.1  09.6 005.3  36.7 1.10E-05 003.6 257.9 -14.2 0.047879 0.047635 0.048376 hargrave 2023-03-16 12:46:18 
TT 588 328.2  12.9 007.4  42.3 1.28E-05 002.5 253.5 -18.3 0.037679 0.036141 0.041899 hargrave 2023-03-16 22:23:28 
TT 595 331.0  05.8 359.9  37.3 1.56E-05 002.5 261.4 -17.0 0.052806 0.050251 0.043778 hargrave 2023-03-17 13:28:26 
TT 600 319.4  16.2 008.8  51.4 1.39E-05 004.0 247.7 -25.6 0.081178 0.037558 0.048885 hargrave 2023-03-19 12:42:39 
TT 610 334.5  19.2 017.4  38.0 1.59E-05 003.1 248.5 -10.9 0.064652 0.042833 0.048540 hargrave 2023-03-19 17:11:41 
TT 620 336.4  06.4 002.9  32.6 9.96E-06 004.5 261.7 -11.6 0.059920 0.030793 0.052658 hargrave 2023-03-20 11:59:09 
TT 630 337.3  07.2 004.2  32.1 1.75E-05 002.3 261.0 -10.6 0.029958 0.027729 0.064347 hargrave 2023-03-20 16:16:49 
TT 640 327.0 -14.0 336.5  31.2 1.63E-05 003.8 281.9 -23.3 0.103733 0.039000 0.059454 hargrave 2023-03-21 12:15:11 
TT 647 326.2  24.1 022.3  46.4 1.68E-05 005.5 241.6 -17.2 0.123807 0.098892 0.063295 hargrave 2023-03-21 15:08:42 
TT 655 320.7 -15.9 330.2  34.8 1.25E-05 005.6 283.8 -29.4 0.118960 0.043183 0.073950 hargrave 2023-03-21 19:28:56 
