CS15- 7 mag compass orientation (IGRF corrected)
    0.7  67.1  37.0   8.9  69.0   1.0
NRM    003.3  10.3 016.6  08.9 6.92E-03 000.2 036.0  42.4 1.004421 1.935681 2.751622 hargrave 2023-02-03 09:53:29 
LT     342.6  18.7 018.9  30.5 2.45E-03 000.2 009.2  55.5 0.502637 0.694481 0.422237 hargrave 2023-02-05 16:52:54 
TT 150 341.0  17.4 016.9  31.6 2.29E-03 002.0 006.3  54.3 4.834542 5.747504 2.835013 hargrave 2023-02-17 11:02:13 
TT 250 340.9  18.1 017.7  31.8 2.12E-03 001.6 006.4  55.0 3.360042 4.332424 2.656825 hargrave 2023-02-17 17:25:00 
TT 350 338.6  17.7 016.6  33.9 1.75E-03 001.4 002.5  54.7 2.949828 2.423933 2.388065 hargrave 2023-02-18 12:40:43 
TT 375 338.6  17.6 016.5  33.9 1.70E-03 001.3 002.4  54.6 2.702750 1.654364 2.362070 hargrave 2023-02-18 18:37:34 
TT 400 336.1  17.5 015.7  36.1 1.65E-03 001.2 358.4  54.5 2.564260 1.418689 2.100448 hargrave 2023-02-19 17:39:48 
TT 450 335.0  17.4 015.2  37.1 1.54E-03 001.0 356.6  54.3 1.428269 1.994032 1.461654 hargrave 2023-02-20 14:46:00 
TT 500 337.1  16.9 015.2  35.1 1.37E-03 000.6 360.0  53.9 0.844490 1.141200 1.070069 hargrave 2023-02-20 20:46:14 
TT 525 334.8  17.0 014.8  37.3 1.32E-03 001.0 356.2  54.0 0.982159 2.238024 0.901512 hargrave 2023-02-21 14:57:25 
TT 550 333.5  16.0 013.1  38.2 1.11E-03 000.8 354.3  52.9 0.663354 1.371972 0.818321 hargrave 2023-02-22 10:30:31 
TT 555 332.3  15.5 012.2  39.2 1.07E-03 000.8 352.4  52.3 1.210285 1.074912 0.731525 hargrave 2023-02-22 17:18:07 
TT 560 328.5  15.2 010.5  42.7 1.03E-03 001.6 346.6  51.6 2.014082 2.216803 0.664556 hargrave 2023-02-23 11:06:05 
TT 565 328.4  14.3 009.3  42.5 7.68E-04 000.2 346.7  50.7 0.221562 0.215552 0.054179 hargrave 2023-03-13 18:56:31 
TT 568 327.1  15.2 010.0  44.0 7.56E-04 000.2 344.5  51.4 0.225542 0.234825 0.120833 hargrave 2023-03-14 18:39:02 
TT 573 329.0  14.9 010.3  42.2 7.43E-04 000.8 347.4  51.4 0.369967 0.923986 0.694536 hargrave 2023-03-15 13:27:22 
TT 578 329.6  14.6 010.1  41.5 6.80E-04 001.4 348.4  51.1 0.300107 1.579863 0.841114 hargrave 2023-03-15 18:18:28 
TT 585 325.1  15.5 009.7  45.9 6.47E-04 000.9 341.3  51.3 0.582332 0.557684 0.775284 hargrave 2023-03-16 12:53:45 
TT 588 325.5  15.2 009.5  45.5 5.89E-04 001.1 342.0  51.1 0.650504 0.608375 0.738183 hargrave 2023-03-16 22:32:30 
TT 595 318.0  16.2 008.3  52.8 5.50E-04 000.8 330.5  50.3 0.387359 0.224797 0.775450 hargrave 2023-03-17 13:37:35 
TT 600 320.5  15.7 008.3  50.3 5.20E-04 000.8 334.3  50.4 0.369772 0.278523 0.657572 hargrave 2023-03-19 12:52:33 
TT 610 321.8  16.9 010.6  49.3 4.94E-04 000.9 335.9  51.9 0.185907 0.519075 0.689581 hargrave 2023-03-19 17:20:49 
TT 620 324.1  13.5 006.6  46.4 4.79E-04 001.1 340.4  49.2 0.547922 0.225130 0.725582 hargrave 2023-03-20 12:06:19 
TT 630 321.4  16.9 010.5  49.7 4.33E-04 001.8 335.2  51.9 0.492034 1.127298 0.697727 hargrave 2023-03-20 16:23:56 
TT 640 325.0  11.2 003.8  44.8 4.30E-04 001.4 342.4  47.1 0.449037 0.840340 0.656133 hargrave 2023-03-21 12:22:20 
TT 647 311.4  18.3 009.7  59.3 3.43E-04 001.4 320.2  50.0 0.420566 0.342085 0.661675 hargrave 2023-03-21 15:15:49 
TT 655 326.1  08.3 000.6  42.8 3.24E-04 001.4 344.6  44.4 0.414832 0.262030 0.700081 hargrave 2023-03-21 19:36:07 
