CS15- 8 mag compass orientation (IGRF corrected)
    0.4  51.1  17.0   8.9  69.0   1.0
NRM    011.2  07.8 017.0  00.7 4.71E-04 000.4 053.2  18.4 0.197329 0.197236 0.250747 hargrave 2023-02-03 09:54:49 
LT     359.5 -03.4 002.3  07.6 2.77E-04 000.5 039.0  09.9 0.156796 0.138699 0.150656 hargrave 2023-02-05 16:54:14 
TT 150 350.2 -16.5 346.4  10.7 1.99E-04 000.9 027.8 -01.5 0.103796 0.347749 0.173218 hargrave 2023-02-17 11:03:48 
TT 250 328.9 -28.0 325.4  21.2 1.21E-04 003.1 007.0 -11.1 0.084701 0.639381 0.167716 hargrave 2023-02-17 17:26:36 
TT 350 311.0 -53.1 297.9  10.9 4.36E-05 002.3 352.5 -36.3 0.063536 0.140115 0.104682 hargrave 2023-02-18 12:42:18 
TT 375 312.0 -50.2 300.0  13.0 3.96E-05 004.0 353.1 -33.3 0.065898 0.258203 0.111597 hargrave 2023-02-18 18:39:09 
TT 400 318.2 -49.9 303.5  11.1 3.78E-05 005.3 357.8 -32.9 0.052877 0.338427 0.097288 hargrave 2023-02-19 17:41:23 
TT 450 314.4 -45.9 303.7  15.8 3.12E-05 002.3 354.7 -28.9 0.060917 0.102253 0.082350 hargrave 2023-02-20 14:47:35 
TT 500 319.0 -44.5 307.3  14.9 3.08E-05 003.4 358.3 -27.6 0.056157 0.174161 0.071726 hargrave 2023-02-20 20:47:49 
TT 525 310.4 -43.3 302.7  19.5 2.94E-05 001.8 351.3 -26.5 0.060407 0.075915 0.074144 hargrave 2023-02-21 14:58:42 
TT 550 325.9 -31.5 320.7  20.9 2.57E-05 006.6 004.2 -14.5 0.083780 0.295475 0.052537 hargrave 2023-02-22 10:31:49 
TT 555 309.8 -13.5 322.9  44.1 2.63E-05 003.1 349.0  03.2 0.079280 0.118870 0.065930 hargrave 2023-02-22 17:19:43 
TT 560 317.4 -15.4 328.1  37.5 3.06E-05 002.8 356.5  01.5 0.075352 0.143680 0.025197 hargrave 2023-02-23 11:07:41 
TT 565 315.3 -10.7 330.8  42.2 3.55E-05 000.9 354.2  06.2 0.058907 0.051544 0.020594 hargrave 2023-03-13 18:58:06 
TT 568 322.9 -11.5 336.1  35.9 3.79E-05 001.0 001.8  05.5 0.051250 0.060963 0.023579 hargrave 2023-03-14 18:40:37 
TT 573 317.3 -07.5 335.8  42.7 4.13E-05 001.7 356.2  09.4 0.055034 0.092378 0.082226 hargrave 2023-03-15 13:28:57 
TT 578 315.1 -04.2 337.7  46.5 4.02E-05 001.8 353.9  12.7 0.058779 0.073999 0.095781 hargrave 2023-03-15 18:19:59 
TT 585 318.4 -01.7 343.3  45.2 4.11E-05 002.7 357.2  15.2 0.054688 0.166686 0.095027 hargrave 2023-03-16 12:55:16 
TT 588 326.5  01.3 352.3  39.6 4.18E-05 002.6 005.7  18.2 0.056857 0.169013 0.080086 hargrave 2023-03-16 22:34:01 
TT 595 324.2  03.6 353.7  42.7 4.42E-05 002.6 003.3  20.6 0.052146 0.169992 0.106053 hargrave 2023-03-17 13:39:06 
TT 600 321.2  09.0 359.1  47.6 4.25E-05 001.8 000.1  26.0 0.032443 0.119596 0.060249 hargrave 2023-03-19 12:54:05 
TT 610 322.1  10.5 001.6  47.3 4.37E-05 004.7 001.1  27.5 0.063500 0.353764 0.069957 hargrave 2023-03-19 17:22:21 
TT 620 318.9  11.6 001.5  50.6 5.24E-05 001.2 357.5  28.6 0.132187 0.064904 0.093488 hargrave 2023-03-20 12:08:41 
TT 630 316.8  15.4 006.6  53.6 4.44E-05 001.9 355.1  32.4 0.091055 0.076642 0.094891 hargrave 2023-03-20 16:25:29 
TT 640 322.3  09.1 359.8  46.6 6.09E-05 001.7 001.3  26.1 0.054047 0.146953 0.105803 hargrave 2023-03-21 12:23:53 
TT 647 307.3  14.5 000.0  62.2 3.98E-05 003.5 344.4  30.9 0.046581 0.199612 0.138104 hargrave 2023-03-21 15:17:23 
TT 655 331.2  08.4 003.0  38.1 5.48E-05 002.2 011.1  25.1 0.041954 0.158358 0.149983 hargrave 2023-03-21 19:37:41 
