CS15- 3 mag compass orientation (IGRF corrected)
    0.6 185.1   5.0   8.9  69.0   1.0
NRM    011.1  25.3 033.4  07.0 6.11E-04 000.4 273.6  25.7 0.182543 0.153340 0.420895 hargrave 2023-02-03 09:45:34 
LT     003.4  24.7 030.5  13.4 3.83E-04 000.4 266.0  24.5 0.161543 0.128334 0.276630 hargrave 2023-02-05 16:45:17 
TT 150 359.3  12.1 017.1  13.1 1.88E-04 009.6 263.2  11.6 3.129516 0.491161 0.378924 hargrave 2023-02-17 10:57:30 
TT 150 272.0  07.2 252.1  74.6 7.28E-06 084.9 176.9  02.2 0.661695 19.96853 3.860829 hargrave 2023-02-17 11:41:51 
TT 150 002.6  12.1 018.1  10.1 1.90E-04 003.3 266.5  11.9 1.013808 0.142406 0.391694 hargrave 2023-02-17 12:00:46 
TT 250 344.8 -00.6 359.2  22.1 9.73E-05 001.4 249.9 -02.3 0.092900 0.069997 0.216595 hargrave 2023-02-17 17:20:17 
TT 350 359.9 -20.6 346.5  00.6 2.32E-05 002.7 266.7 -21.0 0.039767 0.050990 0.113866 hargrave 2023-02-18 12:36:01 
TT 375 357.9 -25.2 341.5  00.5 1.82E-05 004.5 265.2 -25.7 0.101514 0.059178 0.118837 hargrave 2023-02-18 18:32:53 
TT 400 353.0 -29.9 335.4  02.5 1.73E-05 004.2 260.7 -30.9 0.095380 0.058767 0.098029 hargrave 2023-02-19 17:35:04 
TT 450 354.7 -29.4 336.6  01.3 1.48E-05 003.9 262.5 -30.2 0.048946 0.051474 0.105948 hargrave 2023-02-20 14:41:14 
TT 500 337.6 -36.4 323.3  10.3 1.02E-05 006.2 245.9 -38.5 0.075825 0.072148 0.092570 hargrave 2023-02-20 20:41:33 
TT 525 339.4 -36.4 324.0  09.1 9.77E-06 004.7 247.8 -38.5 0.040916 0.047895 0.095824 hargrave 2023-02-21 14:53:34 
TT 550 338.5 -44.6 317.0  04.9 1.22E-05 003.8 248.0 -46.6 0.048577 0.056845 0.089325 hargrave 2023-02-22 10:26:41 
TT 555 335.8 -59.1 304.4 -02.6 1.39E-05 004.1 248.5 -61.3 0.068956 0.059727 0.107271 hargrave 2023-02-22 17:13:25 
TT 560 023.6 -65.9 304.7 -25.1 1.41E-05 003.0 298.3 -63.9 0.068945 0.056584 0.085790 hargrave 2023-02-23 11:01:22 
TT 565 071.8 -71.0 289.7 -37.5 1.00E-05 002.5 341.3 -66.3 0.038420 0.027678 0.013159 hargrave 2023-03-13 18:51:48 
TT 568 029.8 -85.3 283.6 -22.6 9.28E-06 002.1 328.5 -81.9 0.025480 0.024852 0.013400 hargrave 2023-03-14 18:33:02 
TT 573 351.4 -83.1 285.8 -18.8 7.77E-06 003.1 296.6 -82.5 0.032984 0.043071 0.133297 hargrave 2023-03-15 13:22:37 
TT 578 295.2 -50.7 289.6  16.9 8.66E-06 006.3 202.5 -55.4 0.045492 0.050405 0.116548 hargrave 2023-03-15 18:14:03 
TT 585 301.7 -31.0 302.4  33.6 1.01E-05 006.9 208.1 -35.4 0.051177 0.072789 0.124739 hargrave 2023-03-16 12:49:18 
TT 588 304.7 -32.1 304.5  31.4 9.85E-06 009.0 211.4 -36.5 0.064889 0.122561 0.122709 hargrave 2023-03-16 22:28:05 
TT 595 314.3 -16.3 324.6  39.0 1.55E-05 005.1 220.3 -20.1 0.063816 0.054438 0.137657 hargrave 2023-03-17 13:33:08 
TT 600 330.0 -07.6 344.8  32.3 1.77E-05 004.4 235.6 -10.4 0.055688 0.064391 0.127016 hargrave 2023-03-19 12:48:06 
TT 610 288.7  06.1 312.8  72.3 1.01E-05 008.2 193.6  01.2 0.049223 0.059836 0.130415 hargrave 2023-03-19 17:16:22 
TT 620 029.2  23.8 038.6 -08.7 1.45E-05 007.6 291.9  25.7 0.109664 0.063278 0.149742 hargrave 2023-03-20 12:01:57 
TT 630 321.8  15.0 007.9  48.9 3.12E-05 002.6 225.8  11.6 0.078635 0.071379 0.119213 hargrave 2023-03-20 16:19:36 
TT 640 334.7  45.7 051.3  38.6 1.86E-05 005.5 235.4  43.0 0.079388 0.106299 0.142551 hargrave 2023-03-21 12:17:59 
TT 647 302.4  22.0 015.7  68.1 3.79E-05 006.0 206.5  17.5 0.161750 0.352595 0.116035 hargrave 2023-03-21 15:11:29 
TT 655 048.0  02.2 027.6 -35.1 9.84E-06 012.0 312.7  05.6 0.041215 0.137292 0.178717 hargrave 2023-03-21 19:31:44 
