CS15- 6 mag compass orientation (IGRF corrected)
    1.7 118.1  24.0   8.9  69.0   1.0
NRM    359.4  24.1 028.9  16.7 1.17E-03 000.3 322.2  44.3 0.294591 0.307638 0.555448 hargrave 2023-02-03 09:51:28 
LT     333.5  24.3 023.6  39.8 6.85E-04 000.3 293.0  36.2 0.163827 0.334922 0.355752 hargrave 2023-02-05 16:51:29 
TT 150 331.2  20.8 018.6  41.4 6.26E-04 001.4 292.4  32.2 1.391508 0.257629 0.576531 hargrave 2023-02-17 11:00:36 
TT 250 327.0  22.0 019.4  45.4 5.69E-04 004.9 287.6  31.7 4.749474 1.208743 0.453742 hargrave 2023-02-17 17:23:23 
TT 350 326.8  21.9 019.2  45.6 4.74E-04 003.9 287.5  31.5 3.126824 0.764434 0.388631 hargrave 2023-02-18 12:39:07 
TT 375 327.9  21.8 019.3  44.5 4.52E-04 001.3 288.6  31.8 0.966719 0.228341 0.340683 hargrave 2023-02-18 18:35:58 
TT 400 328.0  21.9 019.5  44.5 4.37E-04 002.8 288.6  32.0 2.060598 0.546094 0.299335 hargrave 2023-02-19 17:38:11 
TT 450 327.6  21.8 019.2  44.9 4.06E-04 002.9 288.2  31.7 1.927245 0.629908 0.214752 hargrave 2023-02-20 14:44:24 
TT 500 328.6  20.9 018.3  43.7 3.61E-04 000.6 289.7  31.3 0.213265 0.164014 0.249399 hargrave 2023-02-20 20:44:39 
TT 525 326.3  21.6 018.7  46.0 3.48E-04 001.0 287.1  31.0 0.475776 0.282073 0.286135 hargrave 2023-02-21 14:56:06 
TT 550 325.2  17.7 012.8  46.3 3.06E-04 001.1 287.9  27.0 0.542578 0.194734 0.232081 hargrave 2023-02-22 10:29:13 
TT 555 325.7  17.5 012.8  45.8 3.02E-04 000.6 288.5  27.0 0.179230 0.158212 0.261817 hargrave 2023-02-22 17:16:31 
TT 560 322.4  17.6 011.9  48.9 2.89E-04 000.7 285.2  25.8 0.307574 0.118408 0.213499 hargrave 2023-02-23 11:04:28 
TT 565 319.8  15.9 008.5  50.9 2.30E-04 000.3 283.5  23.3 0.050370 0.042658 0.139955 hargrave 2023-03-13 18:54:54 
TT 568 314.7  17.9 010.0  56.2 2.27E-04 000.3 277.7  23.1 0.061797 0.083150 0.135386 hargrave 2023-03-14 18:37:25 
TT 573 317.6  16.4 008.5  53.2 2.22E-04 000.9 281.1  22.8 0.088754 0.165222 0.298781 hargrave 2023-03-15 13:25:45 
TT 578 317.6  17.6 010.5  53.4 2.05E-04 001.8 280.6  24.0 0.539011 0.247185 0.375701 hargrave 2023-03-15 18:17:01 
TT 585 317.1  16.8 009.0  53.7 2.05E-04 001.4 280.4  23.0 0.319440 0.122011 0.353212 hargrave 2023-03-16 12:52:18 
TT 588 320.3  15.8 008.4  50.5 1.84E-04 001.5 284.0  23.3 0.325538 0.189214 0.286850 hargrave 2023-03-16 22:31:03 
TT 595 315.6  13.9 003.5  54.3 1.76E-04 001.8 280.4  19.8 0.375116 0.084278 0.384154 hargrave 2023-03-17 13:36:07 
TT 600 318.1  17.4 010.2  52.9 1.62E-04 001.2 281.1  23.9 0.132705 0.109443 0.290068 hargrave 2023-03-19 12:51:05 
TT 610 317.6  16.2 008.2  53.1 1.50E-04 001.6 281.2  22.7 0.149370 0.133023 0.360262 hargrave 2023-03-19 17:19:21 
TT 620 326.2  15.4 010.0  44.9 1.44E-04 003.5 289.9  25.3 0.816435 0.116497 0.292018 hargrave 2023-03-20 12:04:49 
TT 630 311.3  21.4 015.7  59.9 1.37E-04 002.0 272.9  24.8 0.319391 0.216797 0.282090 hargrave 2023-03-20 16:22:27 
TT 640 327.0  16.4 011.7  44.4 1.20E-04 002.4 290.2  26.6 0.443331 0.082473 0.234673 hargrave 2023-03-21 12:20:51 
TT 647 307.8  21.0 014.1  63.0 1.10E-04 001.8 269.9  23.0 0.162198 0.191665 0.250924 hargrave 2023-03-21 15:14:20 
TT 655 329.0  20.2 017.4  43.3 8.60E-05 002.6 290.4  30.8 0.275684 0.130574 0.248471 hargrave 2023-03-21 19:34:37 
