CS3- 8 mag compass orientation (IGRF corrected)
    0.1  82.2   9.0  36.5  23.2   1.0
NRM    043.2  64.7 079.9  54.2 4.27E-03 000.1 069.5  69.2 0.871036 0.582214 1.174577 hargrave 2023-02-02 18:08:04 
LT     042.8  67.5 083.1  56.4 2.44E-03 000.2 072.1  71.9 0.563280 0.119297 1.176568 hargrave 2023-02-05 14:40:48 
TT 150 037.9  68.5 082.1  58.4 2.32E-03 002.9 067.7  73.5 11.31708 1.980955 2.986511 hargrave 2023-02-16 21:23:42 
TT 250 035.7  68.9 081.8  59.3 1.50E-03 003.5 065.7  74.2 8.842040 2.109368 2.450074 hargrave 2023-02-17 13:52:34 
TT 350 037.1  65.4 077.5  56.5 8.86E-04 002.7 063.1  70.7 3.875080 1.212027 2.016781 hargrave 2023-02-17 20:24:42 
TT 375 037.2  67.2 080.0  57.7 8.33E-04 003.4 065.3  72.5 4.697529 1.006614 1.661010 hargrave 2023-02-18 14:46:54 
TT 400 032.3  66.6 076.7  58.8 6.91E-04 002.8 058.5  72.6 3.007256 1.133930 1.375400 hargrave 2023-02-19 08:18:52 
TT 450 028.7  67.5 076.4  60.4 6.34E-04 002.1 055.1  73.9 1.908564 0.895605 1.498100 hargrave 2023-02-20 11:12:38 
TT 500 036.2  67.5 080.0  58.2 4.92E-04 002.7 064.5  72.9 2.038429 0.716353 1.214756 hargrave 2023-02-20 16:37:40 
TT 550 029.3  71.7 083.7  62.6 4.02E-04 002.6 062.3  77.6 1.576341 0.842392 1.370481 hargrave 2023-02-21 09:56:44 
TT 557 025.5  70.1 079.4  62.9 3.11E-04 002.3 054.3  76.7 0.939100 0.646850 1.288158 hargrave 2023-02-21 16:59:02 
TT 561 025.9  69.3 078.1  62.3 3.21E-04 002.9 053.6  75.9 1.296770 0.741693 1.384620 hargrave 2023-02-22 12:33:58 
TT 565 042.9  68.0 083.8  56.7 2.29E-04 002.4 072.9  72.3 0.663721 0.664600 1.205249 hargrave 2023-02-22 19:16:32 
TT 570 035.1  71.2 085.1  60.8 2.27E-04 003.3 068.8  76.4 1.041831 0.745713 1.228916 hargrave 2023-02-23 13:29:08 
TT 575 028.8  64.1 071.3  58.2 1.61E-04 003.2 051.7  70.7 0.590519 0.333542 1.340862 hargrave 2023-03-14 09:09:39 
TT 580 052.3  73.8 095.6  58.5 1.57E-04 004.1 093.2  76.0 0.656627 0.631377 1.451900 hargrave 2023-03-14 14:07:56 
TT 584 014.2  55.7 050.3  57.5 1.35E-04 008.7 028.6  63.8 1.424891 0.782695 1.385706 hargrave 2023-03-15 08:25:58 
TT 588 087.1  72.8 108.8  52.0 1.00E-04 003.8 120.7  70.0 0.764990 0.368051 1.224736 hargrave 2023-03-15 15:04:34 
TT 594 016.5  47.5 043.6  50.2 1.25E-04 007.3 029.5  55.6 1.092094 0.652856 0.982983 hargrave 2023-03-16 08:40:32 
TT 602 023.2  70.5 079.3  63.7 1.04E-04 005.3 051.8  77.4 0.753579 0.344102 1.169098 hargrave 2023-03-16 17:13:15 
TT 611 010.1  52.2 042.8  56.5 1.22E-04 005.6 022.6  60.7 0.550560 0.650251 1.430660 hargrave 2023-03-17 10:13:18 
TT 619 351.4  78.7 098.4  72.9 1.29E-04 004.5 356.1  87.7 0.884333 0.379876 1.246638 hargrave 2023-03-17 18:17:10 
TT 631 233.2  79.4 154.1  67.6 8.72E-05 004.0 213.7  73.1 0.464621 0.425320 0.790901 hargrave 2023-03-19 14:10:05 
TT 633 212.3  82.6 144.3  65.2 9.31E-05 008.1 198.2  74.6 1.203293 1.122825 1.367640 hargrave 2023-03-20 08:53:50 
TT 638 336.6  49.9 003.4  67.3 1.05E-04 007.4 340.7  58.5 0.732636 0.448299 1.255284 hargrave 2023-03-20 13:59:59 
TT 645 147.0  88.6 127.6  65.5 7.52E-05 027.6 176.8  79.8 2.135678 3.262383 0.565370 hargrave 2023-03-21 08:56:12 
TT 645 232.0  63.1 187.7  60.1 8.04E-05 002.7 227.0  57.7 0.246135 0.335160 0.046123 hargrave 2023-03-21 09:35:12 
TT 655 046.7  59.0 076.3  48.8 1.07E-04 004.6 069.0  63.3 0.615943 0.402053 1.113205 hargrave 2023-03-21 13:31:26 
TT 665 334.0  49.3 358.9  67.7 8.84E-05 005.6 337.6  57.8 0.540135 0.337666 0.713071 hargrave 2023-03-21 17:35:58 
