CS3- 5 mag compass orientation (IGRF corrected)
    0.1  51.2  20.0  36.5  23.2   1.0
NRM    345.1  40.6 005.1  56.3 7.78E-04 000.2 035.6  58.1 0.313056 0.373264 0.563897 hargrave 2023-02-02 18:01:18 
LT     344.9  39.3 003.9  55.2 7.15E-04 000.2 034.8  56.9 0.185910 0.295889 0.187924 hargrave 2023-02-05 14:35:29 
LT     349.7  39.8 010.0  54.0 7.19E-04 000.3 041.4  56.3 0.244620 0.325787 0.441188 hargrave 2023-02-10 11:51:34 
TT 150 349.8  40.4 010.5  54.5 7.34E-04 003.6 041.8  56.9 3.095782 3.397987 0.703717 hargrave 2023-02-16 21:19:30 
TT 250 345.7  38.1 003.9  53.8 7.03E-04 001.7 035.2  55.6 1.099541 1.870935 0.724771 hargrave 2023-02-17 13:48:25 
TT 350 348.0  38.5 007.1  53.4 6.90E-04 001.2 038.6  55.5 1.160696 1.040433 0.509255 hargrave 2023-02-17 20:20:31 
TT 375 347.8  38.6 006.8  53.6 6.83E-04 001.1 038.3  55.7 0.851383 1.028737 0.735431 hargrave 2023-02-18 14:42:42 
TT 400 346.0  37.9 004.1  53.5 6.75E-04 000.5 035.5  55.3 0.443645 0.606856 0.603989 hargrave 2023-02-19 08:14:37 
TT 450 345.8  37.5 003.6  53.3 6.70E-04 000.5 035.1  54.9 0.524170 0.469783 0.604118 hargrave 2023-02-20 11:08:23 
TT 500 349.1  38.4 008.2  52.9 6.71E-04 002.5 040.0  55.1 2.135756 2.076395 0.580630 hargrave 2023-02-20 16:33:25 
TT 550 346.6  38.0 005.0  53.4 6.40E-04 000.9 036.4  55.3 0.943594 0.360022 0.578193 hargrave 2023-02-21 09:51:40 
TT 557 348.1  37.5 006.3  52.5 6.02E-04 001.1 038.1  54.5 1.015820 0.539356 0.658823 hargrave 2023-02-21 16:55:41 
TT 561 345.0  37.1 002.4  53.1 5.23E-04 001.8 033.9  54.7 1.411540 0.788385 0.587504 hargrave 2023-02-22 12:28:58 
TT 565 345.7  37.1 003.3  52.9 4.35E-04 001.1 034.8  54.6 0.602264 0.347012 0.667928 hargrave 2023-02-22 19:12:21 
TT 570 347.9  37.8 006.3  52.9 3.93E-04 001.8 038.0  54.9 0.294563 1.162122 0.541318 hargrave 2023-02-23 13:24:09 
TT 575 346.2  37.5 004.2  53.2 3.59E-04 001.4 035.7  54.9 0.833125 0.414904 0.265343 hargrave 2023-03-14 09:05:25 
TT 580 345.9  38.0 004.2  53.7 3.75E-04 000.9 035.5  55.5 0.422949 0.404846 0.398463 hargrave 2023-03-14 14:03:44 
TT 584 347.0  38.6 005.8  53.8 3.88E-04 002.0 037.2  55.8 1.227273 0.650771 0.282341 hargrave 2023-03-15 08:21:46 
TT 588 344.6  39.6 003.7  55.6 4.01E-04 002.3 034.4  57.3 1.344710 0.836316 0.384844 hargrave 2023-03-15 15:00:19 
TT 594 344.1  39.4 003.0  55.6 4.12E-04 003.3 033.7  57.1 1.875194 1.564592 0.253507 hargrave 2023-03-16 08:36:21 
TT 602 347.0  39.5 006.5  54.7 4.25E-04 001.4 037.6  56.7 0.330446 0.974170 0.372832 hargrave 2023-03-16 17:09:00 
TT 611 343.9  39.9 003.1  56.1 3.99E-04 003.5 033.7  57.7 1.708432 1.725371 0.585623 hargrave 2023-03-17 10:09:01 
TT 619 343.5  39.1 002.0  55.5 3.74E-04 001.8 032.7  57.0 1.118665 0.315370 0.370836 hargrave 2023-03-17 18:12:58 
TT 631 345.7  40.2 005.5  55.7 2.90E-04 002.5 036.2  57.6 1.079091 0.664561 0.263362 hargrave 2023-03-19 14:05:49 
TT 633 348.2  39.7 008.0  54.4 2.05E-04 001.3 039.3  56.6 0.520738 0.154086 0.159789 hargrave 2023-03-20 08:49:34 
TT 638 349.8  42.4 012.3  56.2 1.65E-04 002.3 043.1  58.8 0.547723 0.412310 0.120679 hargrave 2023-03-20 13:55:41 
TT 645 347.4  41.4 008.5  56.2 1.49E-04 001.3 039.2  58.3 0.291744 0.175984 0.113917 hargrave 2023-03-21 08:51:53 
TT 655 345.6  52.0 018.1  65.9 7.42E-05 002.6 044.6  68.8 0.159207 0.291227 0.093065 hargrave 2023-03-21 13:27:12 
TT 665 339.2  44.5 001.0  61.8 3.39E-05 002.8 029.0  63.0 0.044517 0.126797 0.149588 hargrave 2023-03-21 17:31:44 
TT 675 298.2  39.1 292.7  61.9 1.60E-05 001.4 326.3  56.9 0.013729 0.035109 0.026502 hargrave 2023-03-21 20:58:42 
