CS3- 4 mag compass orientation (IGRF corrected)
    0.2  17.2  27.0  36.5  23.2   1.0
NRM    346.9  58.4 031.3  70.0 1.37E-03 000.2 108.5  61.5 0.408180 0.448295 0.582738 hargrave 2023-02-02 17:59:40 
LT     343.0  55.1 020.2  69.2 9.77E-04 000.4 100.3  61.2 0.512161 0.373113 0.192549 hargrave 2023-02-05 14:34:14 
LT     348.6  56.5 029.1  68.1 9.68E-04 000.3 106.5  59.7 0.472741 0.438121 0.292765 hargrave 2023-02-10 11:50:07 
TT 150 351.0  57.4 033.2  67.7 9.29E-04 003.2 109.4  59.1 4.906822 1.699057 0.476684 hargrave 2023-02-16 21:18:04 
TT 250 345.0  55.3 022.8  68.6 7.54E-04 002.3 102.0  60.5 2.991668 0.661890 0.340166 hargrave 2023-02-17 13:46:58 
TT 350 342.1  54.3 017.6  68.9 6.01E-04 001.3 098.3  61.1 1.299241 0.615355 0.467006 hargrave 2023-02-17 20:19:05 
TT 375 337.8  52.9 009.5  69.4 5.90E-04 001.3 092.5  62.2 0.939063 0.927861 0.457141 hargrave 2023-02-18 14:41:16 
TT 400 341.3  53.9 015.9  68.9 5.65E-04 000.9 097.0  61.2 0.775364 0.508128 0.355308 hargrave 2023-02-19 08:13:10 
TT 450 341.2  54.2 016.3  69.2 5.17E-04 002.1 097.5  61.5 1.842972 0.317332 0.292175 hargrave 2023-02-20 11:06:56 
TT 500 338.2  52.4 009.3  68.9 4.72E-04 003.5 092.2  61.7 2.866544 0.356630 0.279363 hargrave 2023-02-20 16:31:59 
TT 550 338.4  52.9 010.4  69.2 4.32E-04 004.0 093.1  61.9 2.974068 0.369641 0.265458 hargrave 2023-02-21 09:50:12 
TT 557 338.7  50.0 006.4  66.7 3.88E-04 002.5 088.9  59.8 1.655345 0.295084 0.263045 hargrave 2023-02-21 16:54:31 
TT 561 336.4  51.7 005.6  68.9 3.58E-04 002.9 089.4  62.0 1.787471 0.336063 0.245863 hargrave 2023-02-22 12:27:31 
TT 565 341.4  52.6 013.9  67.9 2.80E-04 001.2 095.1  60.3 0.529537 0.269143 0.195357 hargrave 2023-02-22 19:10:54 
TT 570 338.1  51.7 008.1  68.3 2.62E-04 000.9 091.0  61.2 0.266992 0.312288 0.217466 hargrave 2023-02-23 13:22:42 
TT 575 340.1  50.6 009.2  66.8 2.35E-04 002.3 091.1  59.6 0.922510 0.141339 0.206941 hargrave 2023-03-14 09:03:58 
TT 580 336.7  52.5 007.2  69.4 2.25E-04 001.9 090.9  62.4 0.739014 0.135206 0.210658 hargrave 2023-03-14 14:02:17 
TT 584 343.6  52.6 016.7  67.1 2.16E-04 003.6 096.9  59.3 1.347593 0.197299 0.232976 hargrave 2023-03-15 08:20:18 
TT 588 340.4  53.6 014.3  69.1 2.21E-04 003.2 095.9  61.5 1.207174 0.218690 0.233095 hargrave 2023-03-15 14:58:51 
TT 594 343.2  53.2 017.1  67.6 2.18E-04 003.7 097.4  59.9 1.405210 0.154602 0.194247 hargrave 2023-03-16 08:34:54 
TT 602 340.2  51.7 010.9  67.6 2.22E-04 001.7 092.8  60.3 0.651165 0.175929 0.204514 hargrave 2023-03-16 17:07:32 
TT 611 345.5  54.8 022.6  68.1 9.37E-05 071.0 101.7  60.0 1.019096 4.908278 8.679883 hargrave 2023-03-17 10:07:34 
TT 611 345.5  54.9 022.8  68.1 1.89E-04 000.3 101.8  60.0 0.088353 0.088563 0.197739 hargrave 2023-03-17 11:21:12 
TT 619 344.9  55.8 023.7  69.0 1.45E-04 001.2 102.8  60.9 0.249339 0.125064 0.231839 hargrave 2023-03-17 18:11:32 
TT 631 007.6  55.1 044.4  59.7 8.38E-05 002.8 117.1  50.7 0.341750 0.214436 0.168537 hargrave 2023-03-19 14:04:18 
TT 633 013.3  73.2 082.3  67.6 6.73E-05 002.3 145.4  59.5 0.174899 0.177246 0.288144 hargrave 2023-03-20 08:48:03 
TT 638 019.9  79.6 099.5  67.6 6.04E-05 003.0 158.3  60.8 0.219498 0.181246 0.161927 hargrave 2023-03-20 13:54:10 
TT 645 076.0  86.3 119.8  64.3 5.90E-05 001.3 176.1  59.7 0.081992 0.102827 0.168036 hargrave 2023-03-21 08:50:22 
TT 655 002.5  67.4 063.9  68.9 5.20E-05 003.4 131.7  60.1 0.193049 0.119714 0.246299 hargrave 2023-03-21 13:25:43 
TT 665 099.6  55.6 108.5  34.1 3.25E-05 005.0 175.1  28.8 0.049735 0.144679 0.286611 hargrave 2023-03-21 17:30:14 
