CS3- 2 mag compass orientation (IGRF corrected)
   0.05 358.2  27.0  36.5  23.2   1.0
NRM    346.2  54.7 023.2  67.7 1.03E-03 000.4 115.0  51.4 0.416200 0.602651 0.170332 hargrave 2023-02-02 17:58:06 
LT     346.1  57.2 028.0  69.6 8.17E-04 000.3 118.0  53.2 0.115831 0.373334 0.316125 hargrave 2023-02-05 14:33:02 
LT     348.2  55.9 027.5  67.8 8.11E-04 000.2 117.6  51.4 0.250965 0.250813 0.302464 hargrave 2023-02-10 11:48:37 
TT 150 344.8  55.3 022.7  68.7 7.93E-04 000.6 114.8  52.5 0.611509 0.522543 0.701290 hargrave 2023-02-16 21:16:31 
TT 250 341.0  52.9 013.8  68.3 6.97E-04 001.6 109.4  52.3 1.781213 0.880095 0.777240 hargrave 2023-02-17 13:45:29 
TT 350 338.6  51.1 007.9  67.7 6.08E-04 002.0 105.7  52.1 2.008809 0.663824 0.557228 hargrave 2023-02-17 20:17:35 
TT 375 336.4  51.0 004.6  68.3 5.97E-04 000.9 103.9  53.0 0.826079 0.567910 0.707187 hargrave 2023-02-18 14:39:45 
TT 400 335.5  50.4 002.4  68.1 5.83E-04 001.7 102.5  53.0 1.614450 0.681791 0.763203 hargrave 2023-02-19 08:11:40 
TT 450 335.0  51.3 002.9  69.0 5.52E-04 001.0 103.2  53.8 0.822171 0.377782 0.581168 hargrave 2023-02-20 11:05:26 
TT 500 331.2  49.2 354.4  68.4 5.34E-04 001.3 097.8  54.0 1.104674 0.532233 0.579890 hargrave 2023-02-20 16:30:29 
TT 550 331.9  48.7 354.9  67.7 5.03E-04 001.5 097.8  53.3 1.292092 0.455099 0.482389 hargrave 2023-02-21 09:48:41 
TT 557 335.1  50.1 001.5  68.0 4.78E-04 000.5 101.9  52.9 0.205659 0.270525 0.491726 hargrave 2023-02-21 16:53:19 
TT 561 334.4  50.5 000.9  68.6 4.53E-04 000.8 101.8  53.6 0.594565 0.375970 0.342535 hargrave 2023-02-22 12:26:01 
TT 565 334.4  49.0 359.0  67.2 4.10E-04 001.0 100.1  52.4 0.588473 0.455189 0.331875 hargrave 2023-02-22 19:09:23 
TT 570 335.8  51.3 004.2  68.7 3.74E-04 000.5 103.8  53.4 0.250830 0.280379 0.241846 hargrave 2023-02-23 13:21:10 
TT 575 334.1  49.2 358.7  67.5 3.28E-04 000.4 100.0  52.7 0.172677 0.149828 0.215495 hargrave 2023-03-14 09:02:27 
TT 580 337.3  51.5 006.6  68.5 2.90E-04 000.4 105.2  53.0 0.200965 0.158749 0.201017 hargrave 2023-03-14 14:00:46 
TT 584 338.5  51.6 008.5  68.1 2.37E-04 001.3 106.2  52.5 0.458957 0.299121 0.189422 hargrave 2023-03-15 08:18:48 
TT 588 340.5  52.1 012.0  67.8 2.07E-04 002.0 108.2  52.0 0.662091 0.331389 0.140342 hargrave 2023-03-15 14:57:20 
TT 594 338.1  50.2 005.9  67.1 2.04E-04 000.4 104.3  51.7 0.132747 0.152922 0.162359 hargrave 2023-03-16 08:33:24 
TT 602 337.6  51.7 007.4  68.5 2.29E-04 000.8 105.6  53.0 0.297709 0.219384 0.139742 hargrave 2023-03-16 17:06:01 
TT 611 336.5  53.3 008.5  70.2 2.64E-04 002.1 106.8  54.6 0.892057 0.376540 0.181532 hargrave 2023-03-17 10:06:04 
TT 619 330.5  50.8 355.2  70.0 2.48E-04 001.6 099.1  55.4 0.629813 0.339931 0.159766 hargrave 2023-03-17 18:10:02 
TT 631 334.5  50.7 001.4  68.7 2.47E-04 001.3 102.1  53.6 0.450382 0.375384 0.181216 hargrave 2023-03-19 14:02:45 
TT 633 333.8  52.3 002.6  70.3 2.45E-04 002.3 103.5  55.0 0.896148 0.492845 0.179557 hargrave 2023-03-20 08:46:28 
TT 638 340.7  54.2 015.6  69.4 2.28E-04 002.6 110.7  53.4 1.012686 0.310305 0.198091 hargrave 2023-03-20 13:52:36 
TT 645 333.8  52.6 003.2  70.5 1.55E-04 004.4 103.9  55.2 1.108334 0.443230 0.179548 hargrave 2023-03-21 08:48:49 
TT 655 350.3  52.8 024.7  64.7 1.01E-04 000.7 115.7  48.3 0.087413 0.079566 0.112006 hargrave 2023-03-21 13:24:10 
TT 665 324.0  67.1 046.8  83.1 4.45E-05 003.1 124.7  66.9 0.203710 0.087529 0.153769 hargrave 2023-03-21 17:28:41 
TT 675 322.1  56.0 348.2  77.0 3.45E-05 000.7 100.4  62.7 0.021815 0.036972 0.038565 hargrave 2023-03-21 20:57:08 
