CS3- 6 mag compass orientation (IGRF corrected)
   0.05  27.2  28.0  36.5  23.2   1.0
NRM    332.7  51.6 359.8  70.0 3.77E-04 000.3 077.6  68.3 0.161492 0.161950 0.170404 hargrave 2023-02-02 18:02:59 
LT     340.4  54.0 014.9  69.4 3.53E-04 000.3 090.2  66.3 0.143887 0.217512 0.362507 hargrave 2023-02-10 11:52:58 
LT     337.0  53.1 008.7  69.8 3.51E-04 000.7 085.2  67.3 0.347240 0.321880 0.364962 hargrave 2023-02-16 18:14:30 
TT 150 335.6  53.3 007.1  70.5 3.48E-04 002.0 084.3  68.1 0.854499 0.795380 0.577348 hargrave 2023-02-16 21:20:54 
TT 250 333.3  51.8 001.1  70.0 3.46E-04 001.2 078.7  68.2 0.385715 0.588568 0.587493 hargrave 2023-02-17 13:49:48 
TT 350 335.7  53.2 006.9  70.4 3.47E-04 001.4 084.1  68.0 0.403556 0.838523 0.456207 hargrave 2023-02-17 20:21:55 
TT 375 334.4  51.9 002.9  69.7 3.45E-04 001.8 080.1  67.7 0.851147 0.672635 0.550128 hargrave 2023-02-18 14:44:06 
TT 400 335.0  51.9 003.8  69.6 3.40E-04 001.2 080.8  67.5 0.251887 0.632735 0.516261 hargrave 2023-02-19 08:16:01 
TT 450 334.8  51.5 003.0  69.3 3.34E-04 001.4 079.8  67.3 0.388297 0.636489 0.523101 hargrave 2023-02-20 11:09:48 
TT 500 334.8  51.0 002.3  68.8 3.32E-04 001.5 078.9  66.9 0.421202 0.708118 0.450643 hargrave 2023-02-20 16:34:49 
TT 550 337.9  52.8 009.5  69.3 3.07E-04 001.2 085.5  66.7 0.218943 0.600683 0.331096 hargrave 2023-02-21 09:53:55 
TT 557 336.7  51.6 005.9  68.7 2.85E-04 001.4 082.1  66.5 0.179182 0.608427 0.364157 hargrave 2023-02-21 16:56:46 
TT 561 337.4  51.5 006.8  68.4 2.39E-04 002.0 082.6  66.1 0.243872 0.875599 0.282995 hargrave 2023-02-22 12:31:10 
TT 565 335.8  50.6 003.1  68.2 1.98E-04 001.9 079.2  66.2 0.466709 0.412589 0.315535 hargrave 2023-02-22 19:13:44 
TT 570 335.9  50.1 002.6  67.7 1.78E-04 002.4 078.5  65.8 0.283890 0.788194 0.192951 hargrave 2023-02-23 13:26:20 
TT 575 335.0  50.9 002.5  68.7 1.56E-04 001.5 079.0  66.8 0.185242 0.363058 0.142484 hargrave 2023-03-14 09:06:50 
TT 580 334.1  50.9 001.0  69.0 1.51E-04 001.5 077.9  67.2 0.089010 0.366030 0.201516 hargrave 2023-03-14 14:05:08 
TT 584 334.3  51.6 002.3  69.5 1.56E-04 001.7 079.4  67.6 0.338198 0.341393 0.141815 hargrave 2023-03-15 08:23:10 
TT 588 333.6  51.5 001.1  69.6 1.74E-04 001.4 078.4  67.8 0.102241 0.413301 0.191950 hargrave 2023-03-15 15:01:44 
TT 594 334.2  51.6 002.3  69.6 1.86E-04 001.5 079.5  67.7 0.310992 0.395571 0.190704 hargrave 2023-03-16 08:37:45 
TT 602 333.9  52.3 002.8  70.2 1.95E-04 001.5 080.4  68.2 0.136288 0.463151 0.251728 hargrave 2023-03-16 17:10:26 
TT 611 335.3  52.2 004.7  69.7 2.01E-04 001.9 081.7  67.5 0.485825 0.364319 0.329926 hargrave 2023-03-17 10:10:25 
TT 619 334.0  54.4 006.7  72.0 1.76E-04 001.4 085.2  69.6 0.094286 0.413578 0.170335 hargrave 2023-03-17 18:14:22 
TT 631 319.9  62.8 007.5  83.1 6.15E-05 001.3 104.3  79.5 0.049644 0.134453 0.042155 hargrave 2023-03-19 14:07:16 
TT 633 300.4  51.5 292.2  74.4 3.39E-05 002.2 010.8  79.3 0.113899 0.023902 0.089213 hargrave 2023-03-20 08:51:01 
TT 638 342.2  54.8 018.8  69.3 3.00E-05 000.8 093.5  65.9 0.025655 0.050172 0.060640 hargrave 2023-03-20 13:57:09 
TT 645 266.1  65.9 201.0  74.0 2.87E-05 003.2 240.5  75.9 0.151204 0.065670 0.052956 hargrave 2023-03-21 08:53:22 
TT 655 077.4  52.8 092.6  35.2 2.84E-05 001.3 153.8  29.0 0.071003 0.078038 0.036387 hargrave 2023-03-21 13:28:39 
TT 665 273.6 -00.2 271.5  19.1 1.70E-05 002.1 333.8  25.3 0.074067 0.035309 0.024354 hargrave 2023-03-21 17:33:11 
TT 675 318.3 -19.7 317.6  03.0 2.66E-05 000.7 019.9  06.6 0.037834 0.032057 0.021722 hargrave 2023-03-21 21:00:13 
