CS3- 7 mag compass orientation (IGRF corrected)
    0.1  50.2  18.0  36.5  23.2   1.0
NRM    027.0  74.1 087.8  64.4 9.22E-05 000.5 127.7  71.4 0.068351 0.039674 0.016088 hargrave 2023-02-03 10:00:34 
LT     035.7  76.9 095.6  63.7 8.06E-05 000.8 138.2  70.7 0.079463 0.093025 0.039491 hargrave 2023-02-16 18:16:04 
TT 150 026.1  74.6 088.7  64.8 6.87E-05 002.9 128.9  71.9 0.304259 0.162825 0.071264 hargrave 2023-02-16 21:22:18 
TT 250 030.6  76.4 093.5  64.5 6.53E-05 003.2 135.4  71.6 0.338066 0.145339 0.078877 hargrave 2023-02-17 13:51:11 
TT 350 041.6  78.1 099.5  63.2 6.12E-05 001.4 143.3  70.1 0.133754 0.081826 0.060679 hargrave 2023-02-17 20:23:19 
TT 375 046.9  78.6 101.6  62.5 6.06E-05 002.5 145.9  69.4 0.240801 0.091161 0.092462 hargrave 2023-02-18 14:45:30 
TT 400 051.5  79.1 103.5  62.0 6.00E-05 002.5 148.3  68.8 0.239386 0.088986 0.083252 hargrave 2023-02-19 08:17:25 
TT 450 059.9  80.3 107.6  61.6 5.72E-05 002.1 153.4  68.2 0.173282 0.097957 0.071311 hargrave 2023-02-20 11:11:12 
TT 500 043.6  76.6 097.2  62.0 5.52E-05 001.8 140.2  69.0 0.107984 0.130713 0.064508 hargrave 2023-02-20 16:36:16 
TT 550 061.2  81.4 109.7  62.2 5.11E-05 003.2 156.3  68.7 0.185386 0.219762 0.031143 hargrave 2023-02-21 09:55:20 
TT 557 059.2  80.5 107.7  61.8 4.79E-05 003.6 153.6  68.4 0.190650 0.229264 0.038320 hargrave 2023-02-21 16:57:53 
TT 561 070.5  76.2 105.1  57.1 4.50E-05 003.5 149.4  63.9 0.180304 0.210971 0.037627 hargrave 2023-02-22 12:32:34 
TT 565 090.0  72.6 109.9  51.5 4.17E-05 003.2 154.3  58.0 0.149511 0.180753 0.025380 hargrave 2023-02-22 19:15:08 
TT 570 080.3  68.1 102.4  48.7 3.97E-05 001.9 145.2  55.5 0.098948 0.084217 0.032368 hargrave 2023-02-23 13:27:44 
TT 575 072.9  64.8 096.3  47.0 3.88E-05 002.2 137.9  54.0 0.116235 0.100131 0.027438 hargrave 2023-03-14 09:08:15 
TT 580 083.2  66.9 103.2  47.1 3.70E-05 001.9 146.0  54.0 0.097909 0.081446 0.024503 hargrave 2023-03-14 14:06:32 
TT 584 078.0  67.1 100.6  48.2 3.54E-05 002.9 143.1  55.1 0.127865 0.131246 0.033018 hargrave 2023-03-15 08:24:34 
TT 588 071.4  67.3 097.3  49.5 3.73E-05 001.4 139.3  56.5 0.070379 0.063544 0.027042 hargrave 2023-03-15 15:03:09 
TT 594 079.8  70.1 103.5  50.6 3.71E-05 003.0 146.7  57.4 0.121981 0.152317 0.020935 hargrave 2023-03-16 08:39:08 
TT 602 065.1  66.1 093.0  49.8 3.94E-05 001.4 134.3  56.9 0.073004 0.067821 0.021708 hargrave 2023-03-16 17:11:50 
TT 611 067.0  67.8 095.4  50.8 3.99E-05 002.4 137.1  57.8 0.117581 0.120394 0.031208 hargrave 2023-03-17 10:11:50 
TT 619 073.8  72.5 102.8  53.6 4.18E-05 003.2 146.1  60.5 0.144034 0.184789 0.032357 hargrave 2023-03-17 18:15:47 
TT 631 075.5  77.7 108.4  57.7 3.31E-05 001.6 153.6  64.3 0.074686 0.050943 0.030634 hargrave 2023-03-19 14:08:41 
TT 633 091.7  64.7 106.7  43.8 1.60E-05 016.5 149.8  50.5 0.936986 0.546303 1.316489 hargrave 2023-03-20 08:52:26 
TT 633 090.3  65.4 106.3  44.7 3.21E-05 000.8 149.3  51.4 0.041364 0.024075 0.030538 hargrave 2023-03-20 09:58:34 
TT 638 114.0  70.9 120.4  48.0 3.10E-05 002.0 165.8  53.9 0.079375 0.048706 0.068384 hargrave 2023-03-20 13:58:33 
TT 645 120.3  67.8 123.2  44.7 3.08E-05 002.0 168.3  50.5 0.072443 0.060338 0.067298 hargrave 2023-03-21 08:54:46 
TT 655 124.4  51.9 125.0  28.7 2.41E-05 002.2 168.2  34.4 0.068073 0.043096 0.057243 hargrave 2023-03-21 13:30:02 
TT 665 212.1  68.0 170.2  57.2 1.77E-05 004.0 221.9  57.8 0.092930 0.057474 0.059238 hargrave 2023-03-21 17:34:35 
TT 675 199.6  15.5 195.0  07.8 1.07E-05 001.1 236.5  05.9 0.027184 0.012448 0.006443 hargrave 2023-03-21 21:01:41 
