CS3- 1 mag compass orientation (IGRF corrected)
    0.3  67.2  22.0  36.5  23.2   1.0
NRM    019.7  69.3 075.5  64.1 1.34E-03 000.1 114.3  74.8 0.104706 0.284334 0.152348 hargrave 2023-02-02 17:56:32 
LT     360.0  61.2 048.5  66.7 7.24E-04 000.3 066.0  78.2 0.259830 0.146796 0.196922 hargrave 2023-02-05 14:31:48 
LT     358.4  59.4 043.7  66.2 7.41E-04 000.5 057.4  77.4 0.390394 0.412644 0.451659 hargrave 2023-02-10 11:47:03 
TT 150 356.0  55.3 034.4  64.3 7.10E-04 003.1 043.8  74.6 3.411640 1.513088 1.271776 hargrave 2023-02-16 21:14:58 
TT 250 351.2  53.5 026.8  64.9 3.92E-04 004.1 031.5  74.1 2.395675 1.088734 1.277918 hargrave 2023-02-17 13:43:56 
TT 350 347.9  42.5 010.1  57.0 2.32E-04 004.3 018.1  63.8 1.308726 0.487567 1.197252 hargrave 2023-02-17 20:16:02 
TT 375 353.3  45.8 019.4  57.9 2.21E-04 004.0 028.8  66.3 0.991937 0.739089 1.122034 hargrave 2023-02-18 14:38:11 
TT 400 345.1  48.3 012.6  63.0 1.46E-04 005.4 015.4  69.9 0.933117 0.873861 0.581186 hargrave 2023-02-19 08:10:06 
TT 450 332.4  50.6 358.1  69.2 1.22E-04 004.6 349.9  72.4 0.668311 0.569461 0.711505 hargrave 2023-02-20 11:03:52 
TT 500 323.7  36.8 333.4  58.4 8.81E-05 005.9 339.4  57.9 0.559161 0.629081 0.602283 hargrave 2023-02-20 16:28:56 
TT 550 339.9  45.5 002.8  62.4 7.83E-05 006.4 004.9  67.4 0.549924 0.441085 0.801288 hargrave 2023-02-21 09:47:07 
TT 557 346.5  09.0 351.6  26.2 3.44E-05 013.8 010.7  30.7 0.324231 0.708755 0.401423 hargrave 2023-02-21 16:52:03 
TT 557 348.3  05.2 352.2  22.1 3.47E-05 006.4 012.4  26.8 0.364957 0.321739 0.038250 hargrave 2023-02-21 18:22:01 
TT 561 347.9  37.7 006.2  52.7 4.93E-05 008.3 016.6  59.1 0.399448 0.397246 0.677057 hargrave 2023-02-22 12:23:39 
TT 561 340.6  31.0 353.4  48.9 4.51E-05 005.7 004.8  53.0 0.342901 0.344624 0.052379 hargrave 2023-02-22 14:03:37 
TT 565 351.5  22.4 001.9  37.4 5.27E-05 007.2 018.4  43.5 0.362850 0.379740 0.575847 hargrave 2023-02-22 19:07:50 
TT 570 337.2  27.9 347.8  46.9 5.23E-05 008.3 000.0  49.9 0.369161 0.356184 0.835630 hargrave 2023-02-23 13:18:49 
TT 570 328.9  19.1 334.6  40.1 4.68E-05 005.1 349.6  40.8 0.348714 0.354154 0.020371 hargrave 2023-02-23 15:25:39 
TT 575 321.0  29.5 327.1  51.7 2.69E-05 013.8 337.7  50.4 0.221379 0.204295 0.786642 hargrave 2023-03-14 09:00:53 
TT 580 344.3  43.4 006.5  59.1 3.32E-05 011.7 012.3  65.1 0.195119 0.215561 1.143086 hargrave 2023-03-14 13:59:12 
TT 584 011.9  59.8 054.4  61.3 3.79E-05 005.3 078.2  73.0 0.183331 0.190774 0.776607 hargrave 2023-03-15 08:17:15 
TT 588 306.9  51.2 307.3  74.4 2.69E-05 013.4 303.5  67.7 0.349267 0.224953 0.764177 hargrave 2023-03-15 14:55:46 
TT 594 309.3  72.4 117.9  84.3 1.51E-05 013.8 232.0  79.7 0.217824 0.225585 0.563895 hargrave 2023-03-16 08:31:50 
TT 602 346.3  18.0 354.4  34.9 1.85E-05 026.8 011.2  39.7 0.441748 0.209837 0.826683 hargrave 2023-03-16 17:04:27 
TT 602 325.3 -01.0 326.7  20.9 2.01E-05 006.9 347.3  20.5 0.184186 0.230773 0.036079 hargrave 2023-03-16 20:40:45 
TT 611 018.2  19.8 027.7  25.3 2.93E-05 016.3 049.3  35.4 0.275021 0.341874 0.855922 hargrave 2023-03-17 10:04:12 
TT 619 141.1  36.3 138.6  13.7 2.64E-05 022.5 166.6  15.0 0.609075 0.209553 1.137155 hargrave 2023-03-17 18:08:28 
