CS4- 2 mag compass orientation (IGRF corrected)
    2.9 194.2  56.0  74.0  33.1   1.0
NRM    184.9  29.1 182.2 -02.2 5.87E-04 000.4 110.6  22.9 0.337420 0.053531 0.306051 hargrave 2023-02-03 10:02:00 
LT     122.4 -71.6 017.1 -67.5 2.38E-04 000.6 005.9 -16.4 0.205113 0.213101 0.199259 hargrave 2023-02-05 14:43:08 
TT 150 114.2 -74.3 012.6 -64.4 2.48E-04 002.4 002.9 -18.5 0.348611 0.580714 0.792761 hargrave 2023-02-16 21:26:38 
TT 250 072.8 -73.9 011.6 -53.3 2.86E-04 002.4 351.2 -20.0 0.396314 0.724271 0.880912 hargrave 2023-02-17 13:55:31 
TT 350 054.9 -71.0 011.0 -47.2 3.05E-04 002.7 344.7 -20.6 0.218619 1.144379 0.837149 hargrave 2023-02-17 20:27:39 
TT 375 059.5 -71.8 011.4 -48.8 3.04E-04 002.2 346.4 -20.3 0.317337 0.696150 0.870579 hargrave 2023-02-18 14:49:51 
TT 400 054.5 -72.9 008.6 -48.4 3.02E-04 003.8 346.0 -22.2 0.141725 1.847941 0.765250 hargrave 2023-02-19 08:21:53 
TT 450 058.4 -72.5 010.2 -49.0 2.84E-04 002.3 346.6 -21.1 0.580406 0.685519 0.728941 hargrave 2023-02-20 11:16:22 
TT 500 046.9 -71.1 008.3 -45.4 2.61E-04 001.8 342.8 -22.6 0.474183 0.360257 0.617547 hargrave 2023-02-20 16:40:36 
TT 550 041.7 -66.6 010.3 -40.8 2.28E-04 001.5 337.8 -21.2 0.185112 0.287311 0.545896 hargrave 2023-02-21 10:00:34 
TT 557 037.6 -71.4 004.8 -43.7 2.28E-04 003.3 341.1 -25.1 0.216464 1.213552 0.513118 hargrave 2023-02-21 17:01:23 
TT 561 041.6 -60.2 015.0 -35.6 2.10E-04 002.0 332.5 -17.2 0.239285 0.546861 0.450457 hargrave 2023-02-22 12:37:43 
TT 565 033.9 -68.3 005.8 -40.4 2.06E-04 001.3 337.5 -24.6 0.249639 0.256155 0.342954 hargrave 2023-02-22 19:20:19 
TT 570 033.7 -66.5 007.0 -38.9 2.03E-04 001.1 335.8 -23.7 0.180758 0.199869 0.347476 hargrave 2023-02-23 13:32:54 
TT 575 026.2 -68.5 002.5 -39.1 2.09E-04 001.8 336.2 -27.2 0.089912 0.477009 0.451616 hargrave 2023-03-14 09:12:36 
TT 580 046.7 -61.3 016.7 -37.9 1.74E-04 002.1 335.1 -16.1 0.115300 0.376846 0.524613 hargrave 2023-03-14 14:10:54 
TT 584 043.8 -60.2 016.1 -36.2 1.71E-04 004.6 333.2 -16.4 0.574377 1.127435 0.519996 hargrave 2023-03-15 08:28:56 
TT 588 036.2 -63.3 010.3 -36.7 1.58E-04 002.4 333.5 -21.1 0.196940 0.385927 0.549168 hargrave 2023-03-15 15:07:33 
TT 594 053.0 -66.1 015.4 -43.3 1.52E-04 002.2 340.7 -17.5 0.210880 0.440497 0.383761 hargrave 2023-03-16 08:43:29 
TT 602 032.2 -56.0 012.6 -29.4 1.46E-04 003.0 325.8 -18.7 0.324441 0.498301 0.499618 hargrave 2023-03-16 17:16:14 
TT 611 056.9 -65.4 017.6 -44.0 1.45E-04 002.5 341.4 -15.9 0.176250 0.385702 0.521447 hargrave 2023-03-17 10:16:17 
TT 619 041.8 -65.6 011.2 -40.0 1.18E-04 002.1 337.0 -20.5 0.096891 0.114498 0.471259 hargrave 2023-03-17 18:20:07 
TT 631 044.5 -61.6 015.4 -37.5 1.44E-04 002.5 334.6 -17.0 0.200345 0.365006 0.489310 hargrave 2023-03-19 14:12:57 
TT 633 035.1 -56.9 013.7 -31.0 9.77E-05 008.2 327.6 -17.9 0.772519 1.073854 0.523218 hargrave 2023-03-20 08:56:43 
TT 638 040.2 -60.4 014.2 -35.3 1.37E-04 002.4 332.2 -17.9 0.146349 0.412801 0.444921 hargrave 2023-03-20 14:02:51 
TT 645 034.0 -55.6 013.8 -29.5 1.22E-04 003.5 326.1 -17.6 0.299533 0.537302 0.483555 hargrave 2023-03-21 08:59:04 
TT 655 040.7 -64.4 011.5 -38.8 1.11E-04 003.6 335.7 -20.2 0.214584 0.511001 0.471079 hargrave 2023-03-21 13:34:16 
TT 665 042.5 -47.3 023.6 -25.0 1.21E-04 003.7 322.9 -08.3 0.346076 0.572445 0.452296 hargrave 2023-03-21 17:38:49 
