CS4- 1 mag compass orientation (IGRF corrected)
    2.9 110.2  36.0  74.0  33.1   1.0
NRM    019.9  55.1 084.1  70.1 9.07E-04 000.4 187.9  88.9 0.657882 0.205190 0.479366 hargrave 2023-02-02 18:09:44 
LT     208.5  52.3 192.2  25.2 1.17E-04 002.0 185.3  16.6 0.150102 0.110452 0.385590 hargrave 2023-02-05 14:41:59 
TT 150 205.2  35.8 196.7  09.0 1.09E-04 004.4 184.0 -00.1 1.030066 0.696372 0.346329 hargrave 2023-02-16 21:25:08 
TT 250 211.3  09.2 212.2 -13.4 1.21E-04 002.6 192.2 -26.1 0.782317 0.297329 0.255016 hargrave 2023-02-17 13:54:01 
TT 350 198.2 -11.5 208.0 -37.6 1.59E-04 002.0 177.1 -47.5 0.549007 0.253972 0.208242 hargrave 2023-02-17 20:26:09 
TT 375 194.7 -11.7 204.0 -39.1 1.62E-04 001.7 172.0 -47.5 0.429226 0.327555 0.170897 hargrave 2023-02-18 14:48:21 
TT 400 195.7 -16.2 207.4 -42.8 1.76E-04 001.5 172.9 -52.0 0.478346 0.276802 0.170238 hargrave 2023-02-19 08:20:19 
TT 450 197.5 -16.0 209.5 -41.9 1.69E-04 003.3 175.8 -51.9 0.500313 0.863983 0.174072 hargrave 2023-02-20 11:14:53 
TT 500 196.3 -19.8 210.3 -45.9 1.77E-04 001.9 173.5 -55.7 0.489405 0.333811 0.178795 hargrave 2023-02-20 16:39:07 
TT 550 193.9 -18.5 206.6 -45.6 1.65E-04 002.8 169.8 -54.2 0.373533 0.647511 0.313434 hargrave 2023-02-21 09:58:59 
TT 557 196.3 -25.0 213.7 -50.5 1.85E-04 001.7 172.8 -60.8 0.455129 0.203644 0.221570 hargrave 2023-02-21 17:00:11 
TT 561 194.6 -20.3 208.4 -47.0 1.42E-04 002.5 170.6 -56.0 0.518261 0.302107 0.228316 hargrave 2023-02-22 12:36:13 
TT 565 197.8 -26.3 216.5 -51.0 1.75E-04 002.1 175.4 -62.2 0.510979 0.288793 0.244365 hargrave 2023-02-22 19:18:48 
TT 570 200.0 -25.7 218.8 -49.6 1.66E-04 002.0 179.6 -61.7 0.458731 0.230099 0.281093 hargrave 2023-02-23 13:31:23 
TT 575 199.8 -31.3 223.3 -54.4 1.80E-04 001.3 179.2 -67.3 0.187124 0.323206 0.303513 hargrave 2023-03-14 09:11:06 
TT 580 193.9 -23.7 209.6 -50.4 1.30E-04 003.4 168.6 -59.3 0.376130 0.623137 0.276463 hargrave 2023-03-14 14:09:24 
TT 584 186.0 -33.3 205.8 -62.0 1.30E-04 001.2 148.4 -67.0 0.182070 0.089999 0.302275 hargrave 2023-03-15 08:27:25 
TT 588 192.0 -25.0 208.1 -52.2 1.34E-04 001.7 164.9 -60.3 0.246312 0.142778 0.344639 hargrave 2023-03-15 15:06:02 
TT 594 184.5 -34.5 204.5 -63.7 1.27E-04 001.7 144.1 -67.6 0.265204 0.232240 0.210218 hargrave 2023-03-16 08:41:59 
TT 602 201.3 -23.8 218.9 -47.4 1.34E-04 001.5 182.0 -59.8 0.201059 0.136338 0.310908 hargrave 2023-03-16 17:14:43 
TT 611 194.3 -38.2 223.8 -62.7 1.19E-04 001.3 163.4 -73.7 0.161990 0.129345 0.360517 hargrave 2023-03-17 10:14:46 
TT 619 192.2 -23.3 207.2 -50.6 1.30E-04 001.5 165.8 -58.7 0.213822 0.110524 0.320470 hargrave 2023-03-17 18:18:37 
TT 631 201.6 -35.5 229.8 -57.0 1.15E-04 001.3 183.5 -71.5 0.144008 0.171892 0.311098 hargrave 2023-03-19 14:11:29 
TT 633 196.8 -18.1 209.9 -44.1 1.28E-04 001.9 174.5 -54.0 0.274170 0.217290 0.269857 hargrave 2023-03-20 08:55:14 
TT 638 212.3 -33.7 239.4 -50.1 1.16E-04 001.5 207.6 -68.0 0.188227 0.179732 0.344153 hargrave 2023-03-20 14:01:23 
TT 645 211.0 -24.0 229.8 -42.9 1.05E-04 004.7 199.3 -58.9 0.148518 0.813508 0.271520 hargrave 2023-03-21 08:57:36 
TT 655 173.5 -31.9 182.7 -64.2 1.01E-04 001.9 128.4 -60.9 0.198750 0.136777 0.335062 hargrave 2023-03-21 13:32:49 
TT 665 222.6 -31.7 247.3 -43.0 9.15E-05 002.1 224.6 -62.5 0.149570 0.170903 0.420671 hargrave 2023-03-21 17:37:22 
