CS4- 8 mag compass orientation (IGRF corrected)
    0.6  98.2  61.0  74.0  33.1   1.0
NRM    295.7  43.4 257.2  57.1 1.15E-04 000.6 234.5  31.6 0.064473 0.017508 0.133567 hargrave 2023-02-02 18:26:42 
LT     297.1  47.6 252.0  60.5 8.39E-05 000.9 229.8  33.3 0.137208 0.078793 0.067474 hargrave 2023-02-16 18:17:36 
TT 150 297.6  36.9 267.0  53.5 7.45E-05 006.3 242.3  31.5 0.792994 0.219876 0.110387 hargrave 2023-02-16 21:36:45 
TT 250 297.2  32.4 271.3  49.8 7.01E-05 001.5 247.3  30.0 0.162989 0.132991 0.098270 hargrave 2023-02-17 14:05:42 
TT 350 292.4  28.6 269.9  44.3 4.15E-05 002.9 249.8  24.9 0.213921 0.065712 0.034109 hargrave 2023-02-17 20:37:54 
TT 375 291.7  22.9 273.6  39.3 3.77E-05 002.2 255.3  22.1 0.131916 0.087829 0.018402 hargrave 2023-02-18 15:00:03 
TT 400 289.9  19.0 274.5  35.1 3.48E-05 003.8 258.3  18.9 0.232141 0.057679 0.015721 hargrave 2023-02-19 08:32:11 
TT 450 287.9  15.7 274.7  31.3 3.07E-05 003.8 260.5  15.9 0.205007 0.053906 0.014791 hargrave 2023-02-20 11:26:33 
TT 500 290.0  10.8 279.6  28.1 2.55E-05 001.8 266.1  15.4 0.079879 0.033478 0.022024 hargrave 2023-02-20 16:50:50 
TT 550 287.8  07.5 279.4  24.2 1.87E-05 005.2 268.0  12.0 0.164511 0.055114 0.042386 hargrave 2023-02-21 10:10:54 
TT 557 289.1  10.4 279.0  27.4 1.72E-05 003.1 266.0  14.5 0.083979 0.054842 0.037317 hargrave 2023-02-21 17:09:37 
TT 561 290.4  01.0 285.2  19.8 2.11E-05 002.9 275.1  11.1 0.096854 0.048683 0.045977 hargrave 2023-02-22 12:47:59 
TT 565 290.7 -06.5 289.1  13.3 1.90E-05 002.2 281.8  07.7 0.049242 0.057411 0.043426 hargrave 2023-02-22 19:30:27 
TT 570 293.9 -02.5 290.1  18.3 1.79E-05 002.5 279.9  12.4 0.043644 0.060443 0.054239 hargrave 2023-02-23 13:43:05 
TT 575 287.3 -11.7 288.4  07.1 1.13E-05 002.9 284.6  02.1 0.035273 0.049166 0.033795 hargrave 2023-03-14 09:22:51 
TT 580 288.1 -07.4 287.1  11.3 1.25E-05 003.5 281.3  05.0 0.037380 0.055956 0.062236 hargrave 2023-03-14 14:21:06 
TT 584 000.0 -19.9 359.4  12.1 7.11E-06 006.0 349.9  40.5 0.052783 0.029262 0.049010 hargrave 2023-03-15 08:39:08 
TT 588 312.3 -12.7 311.9  15.6 8.98E-06 006.9 299.6  21.8 0.064246 0.055610 0.076165 hargrave 2023-03-15 15:17:49 
TT 594 051.1 -08.1 050.3  05.2 5.65E-06 008.6 054.8  34.4 0.064142 0.045147 0.043212 hargrave 2023-03-16 08:53:40 
TT 602 300.9 -17.3 302.8  07.5 7.70E-06 007.0 296.5  10.2 0.055882 0.064601 0.072507 hargrave 2023-03-16 17:26:30 
TT 611 016.3  01.6 021.7  29.0 2.40E-06 022.6 017.3  61.5 0.023513 0.083768 0.081774 hargrave 2023-03-17 10:26:32 
TT 611 343.6 -16.3 343.6  16.8 2.18E-06 005.7 329.1  38.8 0.012706 0.020203 0.003892 hargrave 2023-03-17 11:26:08 
TT 619 313.8 -20.0 315.4  09.0 1.00E-05 008.2 306.5  18.2 0.037331 0.110968 0.102275 hargrave 2023-03-17 18:30:31 
