CS4- 7 mag compass orientation (IGRF corrected)
    0.5 356.2  63.0  74.0  33.1   1.0
NRM    248.8 -16.8 259.1 -16.8 6.21E-05 000.6 336.9  43.1 0.037625 0.044395 0.044622 hargrave 2023-02-02 18:25:07 
LT     248.2 -35.6 271.1 -32.2 5.67E-05 000.7 343.9  25.1 0.077262 0.061155 0.020762 hargrave 2023-02-05 14:52:08 
TT 150 248.0 -42.5 276.5 -37.4 6.19E-05 002.7 345.9  18.5 0.117031 0.166599 0.220940 hargrave 2023-02-16 21:35:23 
TT 250 234.4 -39.3 264.0 -42.3 6.52E-05 003.8 334.7  17.3 0.058203 0.424343 0.217794 hargrave 2023-02-17 14:04:19 
TT 350 256.3 -19.9 267.0 -15.3 4.71E-05 003.4 347.4  42.2 0.192897 0.135781 0.154553 hargrave 2023-02-17 20:36:29 
TT 375 258.8 -15.6 266.6 -10.4 4.75E-05 004.5 349.6  46.8 0.233761 0.262053 0.149562 hargrave 2023-02-18 14:58:39 
TT 400 259.2 -14.4 266.3 -09.3 4.81E-05 003.7 349.8  48.0 0.221886 0.170302 0.147007 hargrave 2023-02-19 08:30:47 
TT 450 258.9 -12.3 264.8 -07.6 4.58E-05 003.9 348.8  50.1 0.141028 0.174615 0.349095 hargrave 2023-02-20 11:25:11 
TT 500 259.7 -14.5 266.7 -09.0 4.07E-05 003.4 350.6  48.0 0.154058 0.146805 0.121585 hargrave 2023-02-20 16:49:27 
TT 550 255.7 -13.6 262.9 -10.4 3.41E-05 003.5 344.6  48.2 0.115283 0.140471 0.109482 hargrave 2023-02-21 10:09:31 
TT 557 252.0 -17.5 262.1 -15.7 3.49E-05 002.9 341.2  43.4 0.134631 0.094914 0.104819 hargrave 2023-02-21 17:08:31 
TT 561 249.2 -17.5 259.9 -17.2 3.40E-05 002.6 337.8  42.6 0.078670 0.088002 0.110462 hargrave 2023-02-22 12:46:32 
TT 565 242.5 -22.1 257.2 -24.6 3.20E-05 002.5 332.7  35.8 0.088483 0.048620 0.103222 hargrave 2023-02-22 19:29:05 
TT 570 245.3 -14.8 255.1 -17.1 2.93E-05 004.3 331.7  43.5 0.149081 0.130731 0.103250 hargrave 2023-02-23 13:41:41 
TT 575 224.7 -35.8 253.0 -44.9 1.80E-05 003.9 326.0  16.0 0.080649 0.051769 0.085694 hargrave 2023-03-14 09:21:27 
TT 580 208.9 -40.4 243.7 -56.9 1.78E-05 003.8 320.0  04.2 0.072595 0.048538 0.096220 hargrave 2023-03-14 14:19:42 
TT 584 172.3 -73.3 335.7 -73.3 1.52E-05 004.3 341.2 -26.9 0.065980 0.078520 0.087648 hargrave 2023-03-15 08:37:44 
TT 588 170.9 -42.7 184.1 -75.1 1.64E-05 004.5 308.1 -21.6 0.100813 0.051239 0.090538 hargrave 2023-03-15 15:16:25 
TT 594 143.3 -83.0 349.5 -63.4 1.14E-05 005.8 353.1 -30.6 0.056313 0.093381 0.084085 hargrave 2023-03-16 08:52:17 
TT 602 173.5 -34.4 184.1 -66.6 1.40E-05 004.5 300.6 -16.9 0.095887 0.047505 0.096776 hargrave 2023-03-16 17:25:07 
TT 611 146.2 -75.3 357.4 -70.4 7.32E-06 006.1 344.7 -33.5 0.035006 0.044466 0.093880 hargrave 2023-03-17 10:25:08 
TT 619 168.5 -56.6 249.3 -87.5 1.84E-05 005.1 322.5 -26.4 0.105338 0.089053 0.127955 hargrave 2023-03-17 18:29:09 
TT 631 181.3 -65.5 307.1 -78.1 2.21E-05 005.0 333.4 -22.3 0.096585 0.134081 0.125689 hargrave 2023-03-19 14:19:47 
TT 633 119.7 -28.0 097.9 -47.6 1.21E-05 004.1 279.8 -60.3 0.095258 0.081760 0.124372 hargrave 2023-03-20 09:03:34 
TT 638 008.8 -51.0 000.3 -19.8 1.52E-05 006.4 044.3 -28.4 0.026923 0.102919 0.134297 hargrave 2023-03-20 14:09:44 
TT 645 160.6 -01.5 159.9 -34.6 1.81E-05 008.1 264.2 -14.6 0.211844 0.050186 0.152477 hargrave 2023-03-21 09:05:55 
TT 655 205.7 -56.2 270.0 -67.4 2.68E-05 004.3 330.8 -07.7 0.148715 0.090550 0.158616 hargrave 2023-03-21 13:40:17 
TT 665 182.5 -22.0 193.0 -52.6 3.01E-05 003.2 292.4 -04.6 0.063847 0.141283 0.173036 hargrave 2023-03-21 17:44:49 
