CS4- 6 mag compass orientation (IGRF corrected)
    2.6  81.2  29.0  74.0  33.1   1.0
NRM    002.5  73.1 146.4  72.2 1.33E-03 000.2 165.1  77.2 0.490512 0.259010 1.010617 hargrave 2023-02-02 18:23:36 
LT     007.3  65.3 120.4  76.1 3.24E-04 000.5 127.4  81.6 0.256745 0.125790 0.271712 hargrave 2023-02-05 14:50:54 
TT 150 011.7  62.5 107.6  75.1 2.79E-04 002.4 107.9  80.2 0.974272 0.594620 0.610581 hargrave 2023-02-16 21:34:01 
TT 250 012.0  59.3 095.1  75.1 2.36E-04 004.1 089.9  79.6 1.467114 0.785884 0.533849 hargrave 2023-02-17 14:02:55 
TT 350 001.8  61.6 108.7  79.8 1.37E-04 003.9 101.2  84.9 0.565426 0.742380 0.366076 hargrave 2023-02-17 20:35:04 
TT 375 359.4  60.1 102.0  81.4 1.28E-04 004.3 080.6  85.9 0.646375 0.699779 0.410827 hargrave 2023-02-18 14:57:15 
TT 400 357.0  58.4 091.5  82.9 1.15E-04 005.0 050.5  86.1 0.590175 0.788710 0.383727 hargrave 2023-02-19 08:29:23 
TT 450 355.0  57.8 087.7  84.0 1.03E-04 005.2 032.9  86.3 0.520132 0.751970 0.375867 hargrave 2023-02-20 11:23:48 
TT 500 357.7  53.3 055.2  81.4 8.42E-05 005.1 027.5  81.5 0.381549 0.600570 0.354107 hargrave 2023-02-20 16:48:02 
TT 550 349.5  46.5 004.4  79.1 5.78E-05 005.4 355.3  75.5 0.253629 0.443314 0.358738 hargrave 2023-02-21 10:08:04 
TT 557 345.5  36.8 347.5  69.9 4.45E-05 005.4 348.9  65.5 0.245341 0.300763 0.226783 hargrave 2023-02-21 17:07:24 
TT 561 336.1  35.1 326.9  67.6 4.73E-05 007.2 332.7  62.4 0.300519 0.495023 0.310124 hargrave 2023-02-22 12:45:07 
TT 565 333.9  27.0 326.1  59.3 3.56E-05 008.2 333.1  54.1 0.269805 0.391906 0.311911 hargrave 2023-02-22 19:27:41 
TT 570 319.8  20.1 308.0  49.1 3.26E-05 006.0 317.6  43.6 0.184876 0.271969 0.301972 hargrave 2023-02-23 13:40:18 
TT 575 281.4 -24.1 289.4 -06.5 1.72E-05 011.6 298.9 -11.8 0.076397 0.189186 0.305890 hargrave 2023-03-14 09:20:03 
TT 575 278.0 -34.2 291.9 -16.7 1.73E-05 003.6 301.3 -22.0 0.089762 0.071257 0.039598 hargrave 2023-03-14 10:23:19 
TT 580 288.7 -12.9 290.2  06.7 1.48E-05 015.5 300.2  01.3 0.170468 0.155727 0.351280 hargrave 2023-03-14 14:18:20 
TT 580 288.3 -27.7 296.6 -06.7 1.72E-05 003.5 306.3 -12.2 0.082465 0.081703 0.034374 hargrave 2023-03-14 15:46:07 
TT 584 274.5 -60.5 307.4 -39.4 2.18E-05 011.0 317.4 -44.9 0.196580 0.258113 0.356325 hargrave 2023-03-15 08:36:21 
TT 584 275.3 -67.1 313.8 -44.0 2.47E-05 002.9 324.6 -49.4 0.088519 0.092908 0.033503 hargrave 2023-03-15 09:32:19 
TT 588 286.2 -35.6 298.7 -14.6 3.37E-05 006.6 308.4 -20.1 0.081223 0.114616 0.377116 hargrave 2023-03-15 15:15:02 
TT 594 008.8 -72.6 353.5 -40.6 2.88E-05 004.0 007.3 -44.1 0.169135 0.159327 0.328291 hargrave 2023-03-16 08:50:54 
TT 602 249.4 -45.1 279.7 -38.6 3.09E-05 006.1 287.4 -43.6 0.199950 0.099356 0.400806 hargrave 2023-03-16 17:23:44 
TT 611 178.9 -67.0 315.5 -77.8 2.44E-05 003.2 333.7 -83.2 0.082065 0.075258 0.367272 hargrave 2023-03-17 10:23:44 
TT 619 257.2 -52.1 290.9 -40.0 4.98E-05 003.4 299.4 -45.3 0.205481 0.097075 0.355653 hargrave 2023-03-17 18:27:40 
