CS4- 9 mag compass orientation (IGRF corrected)
    0.7 244.2  43.0  74.0  33.1   1.0
NRM    055.4  29.9 076.8  34.6 4.48E-05 001.3 243.0  15.9 0.091910 0.098404 0.022642 hargrave 2023-02-02 18:28:18 
LT     352.1  32.7 000.5  65.2 3.75E-05 001.5 195.2 -08.7 0.076976 0.104477 0.017146 hargrave 2023-02-05 14:54:49 
TT 150 339.5  30.0 335.3  62.9 4.25E-05 003.1 184.7 -12.9 0.108900 0.231049 0.051635 hargrave 2023-02-16 21:38:08 
TT 250 333.9  29.7 325.1  61.9 4.29E-05 003.7 179.7 -13.3 0.123127 0.267872 0.057409 hargrave 2023-02-17 14:07:07 
TT 350 351.2  30.2 357.7  62.9 2.96E-05 001.5 194.9 -11.3 0.079933 0.057976 0.038928 hargrave 2023-02-17 20:39:17 
TT 375 357.5  29.6 008.9  61.1 2.87E-05 002.4 200.5 -10.6 0.051893 0.118243 0.041509 hargrave 2023-02-18 15:01:25 
TT 400 356.6  27.6 006.2  59.3 2.79E-05 004.1 200.2 -12.7 0.058439 0.192773 0.049462 hargrave 2023-02-19 08:33:33 
TT 450 353.5  28.6 001.3  60.9 2.63E-05 002.8 197.3 -12.5 0.039860 0.131737 0.026047 hargrave 2023-02-20 11:27:57 
TT 500 349.7  24.8 353.8  57.7 2.62E-05 002.2 194.7 -16.8 0.036062 0.103270 0.019748 hargrave 2023-02-20 16:52:13 
TT 550 329.5  33.2 315.2  64.3 2.20E-05 005.8 176.0 -09.7 0.100423 0.224305 0.021857 hargrave 2023-02-21 10:12:20 
TT 557 330.5  36.6 314.3  67.8 2.18E-05 001.6 177.0 -06.3 0.069154 0.058993 0.015493 hargrave 2023-02-21 17:10:44 
TT 561 348.0  31.4 351.9  64.3 2.21E-05 003.5 192.0 -10.7 0.100538 0.136113 0.017525 hargrave 2023-02-22 12:49:22 
TT 565 352.1  32.3 000.2  64.8 1.98E-05 005.4 195.2 -09.1 0.098823 0.189919 0.023345 hargrave 2023-02-22 19:31:53 
TT 570 354.5  36.4 007.4  68.3 1.66E-05 003.1 196.3 -04.6 0.092332 0.088016 0.032612 hargrave 2023-02-23 13:44:31 
TT 575 340.0  20.8 337.7  53.8 1.48E-05 003.0 185.8 -22.0 0.065907 0.076395 0.025272 hargrave 2023-03-14 09:24:16 
TT 580 355.5  26.5 003.9  58.5 1.15E-05 003.3 199.6 -14.0 0.064680 0.059397 0.050365 hargrave 2023-03-14 14:22:31 
TT 584 294.5  47.7 249.8  59.1 5.53E-06 006.0 154.1  10.8 0.037993 0.019166 0.050875 hargrave 2023-03-15 08:40:33 
TT 588 323.7 -15.8 323.8  15.4 8.96E-06 005.0 161.0 -57.6 0.053802 0.060101 0.061641 hargrave 2023-03-15 15:19:15 
TT 594 296.8  08.7 287.5  29.6 1.36E-05 004.6 138.5 -25.1 0.077314 0.077490 0.033362 hargrave 2023-03-16 08:55:02 
TT 602 343.4  16.9 343.2  50.0 1.44E-05 003.0 189.8 -25.5 0.060284 0.042704 0.075824 hargrave 2023-03-16 17:27:52 
TT 611 289.0  07.1 280.8  24.5 1.10E-05 008.1 130.2 -22.8 0.082212 0.109416 0.083798 hargrave 2023-03-17 10:27:55 
TT 619 038.4  06.7 046.5  24.4 7.37E-06 007.7 246.2 -12.1 0.033145 0.054301 0.097245 hargrave 2023-03-17 18:31:53 
