CS4- 4 mag compass orientation (IGRF corrected)
    2.6 104.2  19.0  74.0  33.1   1.0
NRM    347.3  79.2 162.4  67.7 8.04E-04 000.2 207.6  79.5 0.308177 0.170776 0.317154 hargrave 2023-02-02 18:19:47 
LT     279.7  74.3 193.8  60.5 1.60E-04 000.7 219.0  64.6 0.124963 0.187585 0.069752 hargrave 2023-02-05 14:47:53 
TT 150 281.5  74.4 193.4  61.0 1.41E-04 004.2 219.5  65.1 0.997692 0.394465 0.228001 hargrave 2023-02-16 21:31:08 
TT 250 275.9  68.0 205.8  58.5 1.15E-04 002.6 226.4  59.2 0.568772 0.141348 0.188255 hargrave 2023-02-17 14:00:01 
TT 350 244.2  50.3 215.0  35.8 6.23E-05 005.6 217.5  36.4 0.515444 0.380348 0.235566 hargrave 2023-02-17 20:32:11 
TT 375 242.8  45.0 218.1  31.2 5.81E-05 005.6 218.2  31.1 0.445108 0.376455 0.185721 hargrave 2023-02-18 14:54:21 
TT 400 243.7  32.6 227.1  21.7 5.21E-05 007.1 222.8  19.4 0.507788 0.419806 0.140259 hargrave 2023-02-19 08:26:29 
TT 450 247.0  32.2 229.8  23.0 5.01E-05 004.8 225.7  19.7 0.337587 0.244792 0.188144 hargrave 2023-02-20 11:20:54 
TT 500 247.6  27.3 233.3  19.3 4.35E-05 005.3 227.7  15.2 0.290093 0.242111 0.190705 hargrave 2023-02-20 16:45:08 
TT 550 245.8  17.7 237.5  10.4 3.82E-05 006.6 228.6  05.4 0.277099 0.268452 0.235254 hargrave 2023-02-21 10:05:08 
TT 557 245.5  11.2 240.8  04.7 3.90E-05 005.3 229.9 -01.0 0.256877 0.228516 0.186436 hargrave 2023-02-21 17:05:06 
TT 561 252.6  07.4 248.8  05.4 3.16E-05 007.3 237.8 -02.7 0.261876 0.264170 0.230573 hargrave 2023-02-22 12:42:13 
TT 565 243.5 -11.6 251.6 -15.4 3.03E-05 006.6 234.0 -23.4 0.221413 0.257386 0.227613 hargrave 2023-02-22 19:24:48 
TT 570 249.5 -15.2 258.7 -15.1 2.92E-05 009.8 241.3 -25.2 0.269835 0.702030 0.228925 hargrave 2023-02-23 13:37:25 
TT 570 254.9 -20.4 266.3 -16.5 3.02E-05 004.0 248.7 -28.6 0.180358 0.190435 0.049993 hargrave 2023-02-23 15:28:29 
TT 575 221.3 -43.6 258.6 -52.3 4.10E-05 001.8 220.6 -59.5 0.093355 0.135808 0.174984 hargrave 2023-03-14 09:17:08 
TT 580 233.2 -41.4 265.1 -44.4 3.31E-05 005.5 234.5 -54.6 0.194702 0.277385 0.233570 hargrave 2023-03-14 14:15:25 
TT 584 226.9 -27.5 247.8 -37.4 3.07E-05 005.2 220.8 -42.8 0.173981 0.140718 0.224170 hargrave 2023-03-15 08:33:27 
TT 588 231.4 -38.9 261.3 -43.6 3.68E-05 002.7 230.9 -52.7 0.092315 0.163889 0.227240 hargrave 2023-03-15 15:12:06 
TT 594 176.2 -37.7 192.1 -69.1 3.01E-05 004.7 154.5 -55.4 0.093450 0.176215 0.218857 hargrave 2023-03-16 08:47:59 
TT 602 215.2 -29.7 238.7 -45.5 3.60E-05 005.9 207.2 -47.1 0.149719 0.329646 0.189339 hargrave 2023-03-16 17:20:50 
TT 611 184.3 -43.3 215.9 -71.3 2.19E-05 005.0 164.5 -61.9 0.081902 0.136284 0.242556 hargrave 2023-03-17 10:20:50 
TT 619 219.3 -21.0 235.9 -36.2 3.61E-05 004.8 210.1 -37.9 0.123464 0.272527 0.167956 hargrave 2023-03-17 18:24:42 
TT 631 166.6 -76.4 342.2 -70.5 2.37E-05 003.9 042.3 -80.7 0.098244 0.091794 0.208523 hargrave 2023-03-19 14:16:12 
TT 633 225.7 -34.2 252.3 -43.2 2.67E-05 006.6 221.8 -49.5 0.190922 0.179511 0.247552 hargrave 2023-03-20 08:59:58 
TT 638 128.5 -73.2 011.4 -68.5 2.76E-05 004.0 053.0 -70.7 0.065689 0.118070 0.215609 hargrave 2023-03-20 14:06:07 
TT 645 229.6 -50.5 273.1 -52.2 2.80E-05 002.7 237.0 -63.9 0.086470 0.097716 0.189068 hargrave 2023-03-21 09:02:19 
TT 655 130.1 -40.9 095.7 -63.0 2.20E-05 006.4 098.2 -46.6 0.059226 0.110552 0.244943 hargrave 2023-03-21 13:37:30 
TT 665 238.6 -63.4 296.1 -54.5 2.63E-05 002.1 268.0 -71.7 0.048666 0.156100 0.239002 hargrave 2023-03-21 17:42:03 
