CS4- 5 mag compass orientation (IGRF corrected)
    0.4  71.2  31.0  74.0  33.1   1.0
LT     341.1  58.3 211.6  87.9 1.81E-04 000.4 355.0  89.3 0.084034 0.083260 0.098380 hargrave 2023-02-05 14:49:03 
TT 150 333.6  53.9 276.6  83.4 1.39E-04 002.9 317.4  83.4 0.674571 0.151760 0.241928 hargrave 2023-02-16 21:32:36 
TT 250 315.2  46.3 272.6  69.5 8.06E-05 004.4 297.8  70.0 0.589074 0.163958 0.197922 hargrave 2023-02-17 14:01:29 
TT 350 285.0  21.9 267.9  35.0 3.43E-05 004.2 288.0  35.8 0.197214 0.154994 0.176160 hargrave 2023-02-17 20:33:39 
TT 375 277.7  17.3 264.4  27.3 1.48E-05 066.1 284.0  28.3 0.335739 1.350040 0.749192 hargrave 2023-02-18 14:55:49 
TT 375 280.3  15.4 267.8  27.1 3.00E-05 001.2 287.4  28.0 0.035761 0.058080 0.048794 hargrave 2023-02-18 16:03:18 
TT 400 276.0  00.2 272.6  11.9 1.38E-05 046.9 291.5  12.6 0.526882 1.337570 0.324315 hargrave 2023-02-19 08:27:57 
TT 400 273.6  00.8 270.2  11.3 2.86E-05 001.4 289.0  12.0 0.022375 0.064431 0.056063 hargrave 2023-02-19 15:03:22 
TT 450 267.6 -01.1 266.1  06.5 1.19E-05 069.0 284.7  07.4 0.321460 1.219357 0.166679 hargrave 2023-02-20 11:22:23 
TT 450 265.2  04.8 260.8  10.1 2.49E-05 005.3 279.6  11.3 0.136267 0.099019 0.194761 hargrave 2023-02-20 12:30:14 
TT 500 258.0 -12.3 264.1 -08.2 2.11E-05 005.6 282.2 -07.1 0.088864 0.090839 0.181546 hargrave 2023-02-20 16:46:37 
TT 550 237.5 -17.8 250.2 -23.9 1.88E-05 006.1 267.8 -22.3 0.078015 0.088017 0.187786 hargrave 2023-02-21 10:06:37 
TT 557 232.5 -18.5 246.4 -27.1 2.03E-05 005.7 263.8 -25.4 0.100534 0.092333 0.176108 hargrave 2023-02-21 17:06:17 
TT 561 254.8 -24.9 268.9 -20.2 2.09E-05 007.6 286.4 -19.4 0.178958 0.089159 0.204701 hargrave 2023-02-22 12:43:42 
TT 565 237.3 -22.0 252.8 -27.4 2.08E-05 005.0 270.1 -25.8 0.074869 0.092337 0.164510 hargrave 2023-02-22 19:26:16 
TT 570 236.9 -25.1 254.6 -30.0 2.37E-05 004.8 271.8 -28.6 0.098491 0.111370 0.163324 hargrave 2023-02-23 13:38:53 
TT 575 220.2 -36.0 249.3 -47.6 1.06E-05 040.4 265.5 -45.9 0.066682 0.783288 0.811453 hargrave 2023-03-14 09:18:38 
TT 575 222.2 -35.7 250.7 -46.3 2.12E-05 001.5 267.0 -44.7 0.043694 0.038223 0.037074 hargrave 2023-03-14 10:21:53 
TT 580 230.8 -26.3 250.2 -34.3 8.50E-06 067.2 267.3 -32.7 0.044010 0.764258 0.492147 hargrave 2023-03-14 14:16:53 
TT 580 233.3 -25.3 251.7 -32.2 1.82E-05 001.5 268.8 -30.6 0.035383 0.044891 0.033498 hargrave 2023-03-14 15:44:40 
TT 584 169.0  07.5 169.5 -25.5 5.13E-06 055.6 188.4 -23.3 0.500409 0.074654 0.217464 hargrave 2023-03-15 08:34:56 
TT 584 171.9  06.9 172.7 -25.9 1.04E-05 002.0 191.6 -23.6 0.072240 0.015639 0.025119 hargrave 2023-03-15 09:30:53 
TT 588 236.0 -18.3 249.3 -25.1 7.79E-06 026.1 266.8 -23.5 0.047969 0.762927 0.331808 hargrave 2023-03-15 15:13:35 
TT 588 237.4 -17.8 250.2 -23.9 1.62E-05 001.5 267.7 -22.3 0.036161 0.032352 0.024337 hargrave 2023-03-15 15:51:01 
TT 594 128.2 -41.0 093.3 -62.1 2.23E-06 025.5 116.5 -62.6 0.055227 0.100006 0.211374 hargrave 2023-03-16 08:49:28 
TT 594 141.4 -46.8 100.4 -72.9 4.14E-06 006.1 127.2 -73.1 0.036684 0.030729 0.015343 hargrave 2023-03-16 10:46:05 
TT 602 254.9 -33.3 274.4 -27.0 5.20E-06 056.6 291.5 -26.3 0.184437 0.464116 0.247539 hargrave 2023-03-16 17:22:18 
TT 602 256.6 -33.0 275.5 -25.8 1.17E-05 003.2 292.7 -25.2 0.043962 0.045496 0.026488 hargrave 2023-03-16 20:43:29 
TT 611 094.6 -33.5 069.9 -38.5 5.36E-06 036.1 090.0 -40.0 0.030202 0.440410 0.367855 hargrave 2023-03-17 10:22:18 
TT 611 096.2 -34.9 070.0 -40.5 1.02E-05 003.2 090.2 -42.0 0.046684 0.058768 0.013866 hargrave 2023-03-17 11:24:38 
TT 619 240.7 -11.1 249.0 -16.5 5.17E-06 030.1 266.8 -14.9 0.037805 0.533383 0.141741 hargrave 2023-03-17 18:26:14 
