CS4- 3 mag compass orientation (IGRF corrected)
    2.9  88.2  35.0  74.0  33.1   1.0
NRM    004.8  64.5 119.5  77.4 1.03E-03 000.2 163.5  79.9 0.346769 0.174979 0.270679 hargrave 2023-02-02 18:15:21 
LT     325.8  64.3 206.7  78.5 2.38E-04 000.9 227.0  71.5 0.205353 0.283829 0.143125 hargrave 2023-02-05 14:44:20 
TT 150 318.9  61.3 224.6  76.5 2.16E-04 004.8 236.8  68.7 1.003899 1.545394 0.446082 hargrave 2023-02-16 21:28:22 
TT 250 278.3  41.3 245.6  46.2 1.33E-04 004.5 249.9  38.0 0.251267 1.113111 0.442468 hargrave 2023-02-17 13:57:15 
TT 350 224.3 -12.3 235.1 -26.3 1.49E-04 003.2 238.3 -34.3 0.214266 1.298800 0.429229 hargrave 2023-02-17 20:29:24 
TT 375 223.9 -15.7 236.9 -29.4 1.49E-04 003.9 240.1 -37.4 0.328386 1.368989 0.412274 hargrave 2023-02-18 14:51:35 
TT 400 222.2 -21.6 239.2 -35.2 1.59E-04 003.1 242.5 -43.3 0.276730 1.129288 0.396567 hargrave 2023-02-19 08:23:42 
TT 450 225.0 -21.2 241.5 -33.3 1.45E-04 002.1 245.1 -41.4 0.384026 0.962628 0.406632 hargrave 2023-02-20 11:18:07 
TT 500 226.6 -23.2 244.3 -34.1 1.31E-04 002.1 248.3 -42.2 0.520117 0.793481 0.418041 hargrave 2023-02-20 16:42:20 
TT 550 231.5 -22.6 248.2 -31.0 1.04E-04 002.2 252.6 -39.2 0.202234 0.828756 0.430926 hargrave 2023-02-21 10:02:18 
TT 557 232.0 -29.4 253.6 -36.1 1.08E-04 001.9 258.7 -44.2 0.401381 0.634522 0.436423 hargrave 2023-02-21 17:02:49 
TT 561 245.3 -26.1 262.1 -26.3 8.91E-05 002.2 267.6 -34.1 0.333301 0.658815 0.441908 hargrave 2023-02-22 12:39:27 
TT 565 241.3 -30.6 262.1 -32.0 1.03E-04 002.0 268.0 -39.8 0.321060 0.653180 0.413071 hargrave 2023-02-22 19:22:03 
TT 570 240.3 -30.0 260.9 -32.1 9.78E-05 001.6 266.6 -40.0 0.217383 0.603325 0.398667 hargrave 2023-02-23 13:34:38 
TT 575 223.2 -39.9 255.9 -48.8 1.07E-04 003.4 262.0 -56.8 0.609111 0.524425 0.466143 hargrave 2023-03-14 09:14:21 
TT 580 245.7 -29.4 264.7 -28.7 7.50E-05 002.9 270.6 -36.4 0.362879 0.606837 0.527398 hargrave 2023-03-14 14:12:38 
TT 584 225.6 -32.6 250.9 -42.1 6.92E-05 001.6 255.8 -50.2 0.145726 0.371139 0.554199 hargrave 2023-03-15 08:30:40 
TT 588 235.6 -23.2 252.2 -29.2 8.35E-05 002.9 256.9 -37.3 0.365217 1.149502 0.535587 hargrave 2023-03-15 15:09:18 
TT 594 210.3 -31.4 235.2 -49.4 6.82E-05 001.6 237.1 -57.3 0.144685 0.380786 0.439966 hargrave 2023-03-16 08:45:13 
TT 602 244.8 -25.9 261.6 -26.3 8.19E-05 001.5 267.1 -34.2 0.131021 0.478309 0.512966 hargrave 2023-03-16 17:17:58 
TT 611 213.8 -33.8 241.1 -49.4 6.42E-05 003.3 244.1 -57.5 0.135163 0.595121 0.428284 hargrave 2023-03-17 10:18:01 
TT 619 219.8 -24.1 238.7 -38.5 5.45E-05 002.2 241.8 -46.5 0.157274 0.510024 0.446507 hargrave 2023-03-17 18:21:51 
TT 631 261.0 -46.1 288.0 -33.9 6.39E-05 003.1 296.5 -39.9 0.130792 0.545858 0.403932 hargrave 2023-03-19 14:14:28 
TT 633 225.5 -18.8 240.4 -31.1 6.15E-05 003.7 243.9 -39.2 0.248258 0.162632 0.375810 hargrave 2023-03-20 08:58:13 
TT 638 244.4 -44.4 275.9 -40.6 4.77E-05 002.3 284.2 -47.6 0.084964 0.543693 0.455898 hargrave 2023-03-20 14:04:22 
TT 645 225.4 -20.9 241.6 -32.8 5.66E-05 004.7 245.3 -41.0 0.242607 0.158350 0.478009 hargrave 2023-03-21 09:00:34 
TT 655 169.3 -34.3 175.2 -67.1 5.37E-05 005.4 159.6 -68.4 0.140716 0.439994 0.367293 hargrave 2023-03-21 13:35:46 
TT 665 234.0 -48.8 273.7 -48.9 6.76E-05 003.5 283.2 -56.0 0.249820 0.576402 0.425842 hargrave 2023-03-21 17:40:19 
