CS5- 1 mag compass orientation (IGRF corrected)
    0.3 280.2  84.0 351.2  54.9   1.0
NRM    342.9  56.7 040.7  33.0 9.64E-04 000.4 164.1 -23.5 0.087552 0.548038 0.411947 hargrave 2023-02-03 10:03:19 
LT     332.7  58.2 041.2  38.7 5.43E-04 000.4 160.1 -19.1 0.035770 0.340715 0.182260 hargrave 2023-02-05 14:56:41 
TT 150 326.1  55.2 036.9  42.1 5.18E-04 002.2 155.2 -18.8 1.246777 1.257123 1.134266 hargrave 2023-02-16 21:39:33 
TT 250 328.8  57.0 039.5  40.7 4.93E-04 004.3 157.7 -18.5 0.739386 3.497503 1.087218 hargrave 2023-02-17 14:08:34 
TT 350 331.7  58.6 041.7  39.2 4.31E-04 001.8 160.0 -18.5 0.364877 1.173988 0.758475 hargrave 2023-02-17 20:40:42 
TT 375 327.2  56.1 038.2  41.5 4.17E-04 001.5 156.3 -18.6 0.714064 0.309632 0.913148 hargrave 2023-02-18 15:02:51 
TT 400 324.1  53.8 034.9  43.1 4.01E-04 004.2 153.3 -18.9 1.824996 2.229015 0.866191 hargrave 2023-02-19 08:34:59 
TT 450 327.1  56.9 039.3  41.5 3.71E-04 002.0 156.9 -18.0 0.294540 1.163299 0.697525 hargrave 2023-02-20 11:29:25 
TT 500 321.9  53.7 034.8  44.4 3.24E-04 001.4 152.4 -17.9 0.597462 0.348078 0.531808 hargrave 2023-02-20 16:53:38 
TT 550 321.1  55.0 036.6  44.9 2.54E-04 001.3 153.1 -16.7 0.436913 0.402492 0.225304 hargrave 2023-02-21 10:13:45 
TT 557 324.4  58.5 041.4  43.0 2.42E-04 001.3 157.1 -15.9 0.310144 0.485247 0.212061 hargrave 2023-02-21 17:11:51 
TT 561 322.6  58.6 041.6  44.0 2.22E-04 000.7 156.5 -15.1 0.236958 0.181566 0.175875 hargrave 2023-02-22 12:50:51 
TT 565 330.1  61.7 045.7  40.2 2.00E-04 003.1 161.5 -15.6 0.287328 1.033451 0.113525 hargrave 2023-02-22 19:33:18 
TT 570 331.3  61.6 045.6  39.6 1.84E-04 002.5 161.9 -16.0 0.265149 0.775501 0.138599 hargrave 2023-02-23 13:45:56 
TT 575 341.1  65.1 050.4  35.5 1.54E-04 000.6 167.7 -15.8 0.112755 0.127200 0.099007 hargrave 2023-03-14 09:25:42 
TT 580 342.4  69.1 055.4  35.6 1.51E-04 003.9 170.2 -12.5 0.287599 0.975350 0.129061 hargrave 2023-03-14 14:23:56 
TT 584 327.1  66.6 052.2  41.3 1.40E-04 002.6 163.9 -11.1 0.326328 0.571256 0.075770 hargrave 2023-03-15 08:41:58 
TT 588 336.2  68.9 055.0  37.8 1.39E-04 003.7 168.1 -11.5 0.292028 0.839883 0.165433 hargrave 2023-03-15 15:20:41 
TT 594 331.6  60.9 044.7  39.5 1.28E-04 000.9 161.5 -16.6 0.118311 0.157413 0.127649 hargrave 2023-03-16 08:56:27 
TT 602 340.6  63.3 048.2  35.5 9.89E-05 000.5 166.5 -17.2 0.120567 0.083684 0.086986 hargrave 2023-03-16 17:29:18 
TT 611 317.8  63.8 049.2  45.6 8.78E-05 002.4 159.2 -10.1 0.180163 0.324749 0.060524 hargrave 2023-03-17 10:29:20 
TT 619 332.6  65.1 050.2  39.1 8.80E-05 001.2 164.7 -13.7 0.116819 0.137546 0.131699 hargrave 2023-03-17 18:33:19 
TT 631 359.1  59.0 046.6  25.7 6.64E-05 004.0 173.8 -24.4 0.117923 0.455605 0.068050 hargrave 2023-03-19 14:21:16 
TT 633 344.5  68.0 054.2  34.7 7.83E-05 002.4 170.4 -13.8 0.156085 0.303972 0.068806 hargrave 2023-03-20 09:05:03 
TT 638 337.3  58.9 042.5  36.4 6.43E-05 002.4 162.6 -20.0 0.084812 0.281922 0.065768 hargrave 2023-03-20 14:11:13 
TT 645 345.1  61.0 046.0  33.0 4.09E-05 055.9 167.3 -20.2 3.999057 0.898591 1.511689 hargrave 2023-03-21 09:07:24 
TT 645 343.8  60.7 045.5  33.5 8.17E-05 000.7 166.6 -20.2 0.133872 0.076845 0.057766 hargrave 2023-03-21 09:36:42 
TT 655 352.8  57.4 043.4  28.1 5.79E-05 004.4 169.7 -25.1 0.213405 0.407209 0.072205 hargrave 2023-03-21 13:41:46 
TT 665 028.3  66.9 061.7  19.6 6.00E-05 006.6 187.3 -15.9 0.092307 0.700158 0.098804 hargrave 2023-03-21 17:46:18 
TT 675 357.5  53.3 040.6  24.0 5.35E-05 000.4 171.3 -29.7 0.050506 0.036289 0.038516 hargrave 2023-03-21 21:03:06 
