CS5- 2 mag compass orientation (IGRF corrected)
    0.7  36.2  14.0 351.2  54.9   1.0
NRM    237.1 -18.1 234.0  32.1 9.21E-05 000.4 294.5 -12.7 0.024259 0.034865 0.061397 hargrave 2023-02-02 18:32:12 
LT     241.5 -42.4 246.5  10.5 8.73E-05 001.5 305.1 -35.3 0.277709 0.084149 0.056473 hargrave 2023-02-05 14:57:50 
TT 150 229.2 -43.9 238.6  05.8 9.81E-05 002.1 294.8 -39.3 0.347093 0.118595 0.125285 hargrave 2023-02-16 21:41:01 
TT 250 229.5 -44.2 238.9  05.6 9.99E-05 001.1 295.3 -39.6 0.095915 0.138866 0.135337 hargrave 2023-02-17 14:10:02 
TT 350 229.3 -45.0 239.2  04.9 8.31E-05 001.7 295.4 -40.3 0.205738 0.125791 0.134037 hargrave 2023-02-17 20:42:10 
TT 375 231.6 -43.9 240.1  06.6 8.32E-05 001.4 296.9 -38.8 0.160656 0.091350 0.134904 hargrave 2023-02-18 15:04:19 
TT 400 230.9 -44.8 240.1  05.5 8.13E-05 000.8 296.7 -39.8 0.078546 0.074093 0.117571 hargrave 2023-02-19 08:36:27 
TT 450 230.0 -45.7 239.9  04.4 7.47E-05 000.8 296.3 -40.9 0.058685 0.054224 0.123009 hargrave 2023-02-20 11:30:54 
TT 500 230.6 -47.6 241.0  02.9 6.89E-05 000.6 297.6 -42.5 0.056651 0.078299 0.081862 hargrave 2023-02-20 16:55:06 
TT 550 226.5 -49.2 239.3  00.3 5.25E-05 001.6 294.8 -44.9 0.109882 0.088902 0.101492 hargrave 2023-02-21 10:15:14 
TT 557 225.5 -49.8 239.0 -00.6 5.06E-05 002.4 294.2 -45.7 0.180119 0.063932 0.121053 hargrave 2023-02-21 17:13:02 
TT 561 231.1 -47.0 241.1  03.6 4.78E-05 002.3 297.7 -41.8 0.161684 0.087373 0.107374 hargrave 2023-02-22 12:52:20 
TT 565 221.6 -51.8 237.8 -03.5 4.76E-05 001.4 291.8 -48.4 0.090568 0.097459 0.078158 hargrave 2023-02-22 19:34:46 
TT 570 206.3 -56.6 233.7 -12.8 4.39E-05 002.0 281.5 -56.4 0.092449 0.133386 0.082468 hargrave 2023-02-23 13:47:24 
TT 575 195.1 -55.6 228.5 -16.6 3.83E-05 001.4 270.2 -58.2 0.054405 0.062398 0.191664 hargrave 2023-03-14 09:27:11 
TT 580 197.7 -49.5 224.8 -11.5 3.13E-05 001.0 268.5 -52.0 0.045530 0.076659 0.091341 hargrave 2023-03-14 14:25:25 
TT 584 209.9 -57.5 235.8 -12.1 3.02E-05 002.6 285.4 -56.4 0.115304 0.057080 0.097623 hargrave 2023-03-15 08:43:28 
TT 588 180.8 -57.0 225.1 -24.0 3.19E-05 001.2 256.9 -62.9 0.042821 0.093949 0.123936 hargrave 2023-03-15 15:22:10 
TT 594 188.2 -63.8 233.5 -24.2 2.94E-05 001.0 272.3 -67.0 0.029740 0.046454 0.092325 hargrave 2023-03-16 08:57:59 
TT 602 190.1 -52.4 224.0 -17.0 3.08E-05 000.8 262.9 -56.4 0.033057 0.099074 0.136512 hargrave 2023-03-16 17:30:46 
TT 611 226.8 -74.6 251.8 -22.0 2.75E-05 001.7 317.0 -67.4 0.038751 0.096395 0.163588 hargrave 2023-03-17 10:30:48 
TT 619 152.3 -73.4 240.8 -38.8 2.69E-05 002.0 262.3 -82.7 0.023936 0.111536 0.182631 hargrave 2023-03-17 18:34:48 
TT 631 265.6 -52.1 263.9  02.7 3.04E-05 003.0 328.1 -40.8 0.084424 0.110237 0.133741 hargrave 2023-03-19 14:22:43 
TT 633 167.8 -40.5 204.8 -24.1 2.80E-05 003.9 232.0 -50.1 0.129799 0.112319 0.146812 hargrave 2023-03-20 09:06:30 
TT 638 334.8 -70.7 282.2 -27.8 2.15E-05 004.3 017.3 -57.7 0.044133 0.097192 0.165286 hargrave 2023-03-20 14:12:39 
TT 645 151.9 -32.1 190.0 -32.3 2.73E-05 003.2 210.9 -44.5 0.067396 0.061440 0.158464 hargrave 2023-03-21 09:08:50 
TT 655 284.4 -47.8 276.6  04.5 2.85E-05 003.7 342.4 -34.6 0.071209 0.122278 0.215882 hargrave 2023-03-21 13:43:12 
TT 665 196.5 -26.0 206.7  03.6 3.82E-05 001.7 257.5 -29.9 0.077551 0.148248 0.167619 hargrave 2023-03-21 17:47:44 
