CS5- 6 mag compass orientation (IGRF corrected)
    1.8  15.2  36.0 351.2  54.9   1.0
NRM    011.4  53.8 045.7  17.2 7.63E-05 000.9 126.9  42.5 0.096362 0.041694 0.079257 hargrave 2023-02-02 18:42:51 
LT     236.6 -72.9 253.7 -19.3 8.19E-05 001.2 343.0 -41.2 0.068043 0.166272 0.083216 hargrave 2023-02-05 15:05:56 
TT 150 211.5 -68.1 243.5 -19.6 1.05E-04 002.1 330.3 -43.5 0.251623 0.135083 0.280643 hargrave 2023-02-16 21:48:38 
TT 250 210.5 -67.2 242.6 -19.2 1.09E-04 002.6 329.1 -43.3 0.337061 0.224009 0.323932 hargrave 2023-02-17 14:17:38 
TT 350 208.9 -67.7 242.5 -20.0 9.67E-05 003.2 329.1 -44.1 0.317118 0.313812 0.348295 hargrave 2023-02-17 20:50:37 
TT 375 203.2 -66.8 240.1 -20.9 9.56E-05 002.1 326.3 -45.3 0.217151 0.140781 0.295832 hargrave 2023-02-18 15:11:58 
TT 400 204.1 -68.6 241.8 -21.9 9.44E-05 002.1 328.7 -46.0 0.092930 0.234753 0.266309 hargrave 2023-02-19 08:44:06 
TT 450 198.3 -65.1 237.4 -21.3 9.13E-05 001.7 322.7 -46.1 0.132449 0.078857 0.273623 hargrave 2023-02-20 11:38:32 
TT 500 207.4 -64.8 239.9 -18.3 8.67E-05 002.4 325.5 -42.8 0.189348 0.238917 0.257011 hargrave 2023-02-20 17:02:45 
TT 550 214.3 -67.7 244.2 -18.7 5.57E-05 001.5 331.0 -42.5 0.096632 0.071457 0.201991 hargrave 2023-02-21 10:22:58 
TT 557 216.4 -64.4 242.7 -15.5 5.58E-05 004.4 328.5 -39.6 0.155819 0.400160 0.195205 hargrave 2023-02-21 17:19:16 
TT 561 230.6 -57.3 245.1 -05.9 6.11E-05 002.7 329.5 -29.8 0.184252 0.193482 0.201994 hargrave 2023-02-22 13:00:00 
TT 565 219.4 -61.4 242.1 -12.3 5.62E-05 002.6 327.1 -36.5 0.149451 0.172823 0.185386 hargrave 2023-02-22 19:42:23 
TT 570 211.8 -57.9 236.8 -11.8 5.13E-05 002.0 320.7 -36.6 0.079304 0.140880 0.164886 hargrave 2023-02-23 13:55:52 
TT 575 218.0 -72.5 248.3 -21.6 4.59E-05 003.3 337.0 -44.7 0.108125 0.195130 0.200088 hargrave 2023-03-14 09:34:54 
TT 580 233.9 -60.0 247.8 -07.8 4.38E-05 002.9 332.9 -31.2 0.121024 0.117709 0.221157 hargrave 2023-03-14 14:33:53 
TT 584 249.3 -54.9 254.4 -00.6 4.88E-05 004.0 338.6 -22.8 0.124728 0.256946 0.212280 hargrave 2023-03-15 08:51:09 
TT 588 238.2 -54.9 248.2 -02.1 4.32E-05 004.2 332.2 -25.6 0.083566 0.266933 0.210806 hargrave 2023-03-15 15:30:43 
TT 594 261.7 -65.4 261.3 -10.5 3.92E-05 002.8 348.9 -30.7 0.065843 0.099828 0.206929 hargrave 2023-03-16 09:05:41 
TT 602 229.2 -56.0 243.8 -05.1 4.14E-05 003.8 327.9 -29.2 0.170248 0.158878 0.219451 hargrave 2023-03-16 17:38:30 
TT 611 266.8 -64.8 263.6 -10.0 4.05E-05 003.6 351.1 -29.6 0.053527 0.111649 0.247143 hargrave 2023-03-17 10:38:29 
TT 619 225.1 -50.3 239.1 -01.1 3.31E-05 003.6 322.1 -25.8 0.191310 0.067801 0.210160 hargrave 2023-03-17 18:42:26 
TT 631 276.4 -47.1 271.5  06.7 4.79E-05 003.3 353.9 -11.3 0.214726 0.088815 0.264787 hargrave 2023-03-19 14:28:22 
TT 633 221.6 -52.2 238.1 -03.8 2.44E-05 003.7 321.3 -28.6 0.139230 0.070467 0.186749 hargrave 2023-03-20 09:12:09 
TT 638 303.7 -50.8 286.5 -03.7 3.66E-05 004.5 012.0 -16.0 0.033468 0.132974 0.260618 hargrave 2023-03-20 14:18:17 
TT 645 193.0 -46.1 220.0 -11.7 1.76E-05 004.7 300.1 -36.8 0.128346 0.065208 0.160837 hargrave 2023-03-21 09:14:30 
TT 655 268.4 -41.0 266.8  13.6 4.32E-05 003.7 347.3 -06.1 0.047447 0.102007 0.259288 hargrave 2023-03-21 13:48:49 
TT 665 190.0 -31.8 207.4 -04.4 1.92E-05 004.3 286.3 -28.1 0.076944 0.202242 0.151373 hargrave 2023-03-21 17:53:22 
