CS5- 3 mag compass orientation (IGRF corrected)
      1 338.2  33.0 351.2  54.9   1.0
NRM    343.8  57.5 041.8  32.7 2.68E-04 000.3 133.3  42.7 0.084295 0.095571 0.116335 hargrave 2023-02-02 18:34:29 
LT     292.5  12.3 320.1  53.6 5.12E-05 001.0 055.4  34.0 0.080731 0.055656 0.032687 hargrave 2023-02-05 14:59:38 
TT 150 276.0 -14.6 279.6  38.3 4.69E-05 002.6 027.8  14.7 0.075644 0.100092 0.186241 hargrave 2023-02-16 21:42:32 
TT 250 269.7 -23.3 270.3  31.0 4.83E-05 002.9 019.9  07.7 0.077727 0.118457 0.229707 hargrave 2023-02-17 14:11:33 
TT 350 262.2 -32.1 262.1  22.8 4.35E-05 003.2 011.8  00.1 0.072497 0.118220 0.212522 hargrave 2023-02-17 20:43:41 
TT 375 256.9 -31.4 257.2  23.3 4.46E-05 003.4 007.4  01.2 0.083763 0.126705 0.233795 hargrave 2023-02-18 15:05:51 
TT 400 258.2 -33.1 258.4  21.8 4.40E-05 002.9 008.3 -00.5 0.093365 0.100056 0.200168 hargrave 2023-02-19 08:37:58 
TT 450 261.8 -33.6 261.7  21.3 4.37E-05 003.4 011.3 -01.3 0.072807 0.141956 0.221125 hargrave 2023-02-20 11:32:25 
TT 500 251.6 -41.6 253.8  12.8 4.50E-05 003.0 002.6 -08.6 0.081387 0.132398 0.203090 hargrave 2023-02-20 16:56:37 
TT 550 243.6 -55.5 251.3 -01.9 3.99E-05 004.8 357.2 -22.6 0.094196 0.290621 0.192207 hargrave 2023-02-21 10:16:46 
TT 557 235.4 -55.1 246.8 -02.9 3.85E-05 003.9 352.1 -22.6 0.100052 0.187119 0.193642 hargrave 2023-02-21 17:14:16 
TT 561 232.4 -46.6 241.7  04.4 4.04E-05 003.3 348.8 -14.4 0.088155 0.133175 0.191828 hargrave 2023-02-22 12:53:51 
TT 565 222.4 -54.9 239.9 -05.9 3.95E-05 004.5 344.1 -23.8 0.104332 0.270061 0.172424 hargrave 2023-02-22 19:36:17 
TT 570 204.3 -53.6 230.7 -11.4 3.35E-05 003.2 332.7 -26.3 0.124757 0.134812 0.166747 hargrave 2023-02-23 13:48:56 
TT 575 187.3 -53.3 223.8 -18.9 2.99E-05 003.7 322.5 -30.9 0.085296 0.102934 0.180670 hargrave 2023-03-14 09:28:44 
TT 580 176.9 -28.5 197.8 -11.6 2.89E-05 004.9 300.8 -14.3 0.144143 0.080693 0.209129 hargrave 2023-03-14 14:26:57 
TT 584 202.4 -51.1 228.0 -10.4 2.21E-05 006.2 330.3 -24.4 0.125191 0.151509 0.178204 hargrave 2023-03-15 08:45:00 
TT 588 168.1 -29.4 194.5 -18.6 3.17E-05 003.9 294.6 -19.3 0.075484 0.079882 0.230951 hargrave 2023-03-15 15:23:43 
TT 594 162.6 -64.4 229.7 -34.8 2.75E-05 005.0 320.3 -47.6 0.130667 0.185768 0.108803 hargrave 2023-03-16 08:59:30 
TT 602 166.0 -42.5 206.1 -26.2 2.74E-05 003.8 301.7 -30.8 0.080965 0.097871 0.200391 hargrave 2023-03-16 17:32:18 
TT 611 240.3 -76.9 256.1 -22.8 2.80E-05 003.9 357.5 -44.0 0.068493 0.079491 0.207720 hargrave 2023-03-17 10:32:20 
TT 619 162.2 -56.7 220.6 -33.4 2.11E-05 004.0 311.7 -42.8 0.054733 0.105349 0.227618 hargrave 2023-03-17 18:36:20 
TT 631 226.8 -52.1 240.8 -02.2 2.97E-05 004.0 346.2 -20.5 0.040666 0.113037 0.177781 hargrave 2023-03-19 14:24:06 
TT 633 117.6 -47.3 206.5 -60.3 2.40E-05 005.1 273.3 -58.9 0.163481 0.076680 0.171014 hargrave 2023-03-20 09:07:53 
TT 638 284.2 -58.3 273.1 -05.3 2.34E-05 005.5 020.6 -28.8 0.081507 0.089409 0.194689 hargrave 2023-03-20 14:14:02 
TT 645 118.9 -43.6 199.1 -59.9 1.76E-05 005.2 269.1 -55.9 0.080767 0.055315 0.200672 hargrave 2023-03-21 09:10:15 
TT 655 235.3 -56.0 247.0 -03.7 2.56E-05 004.7 352.2 -23.5 0.034921 0.090548 0.204433 hargrave 2023-03-21 13:44:35 
TT 665 168.4 -38.4 203.0 -22.8 2.20E-05 005.6 300.5 -26.4 0.109170 0.071908 0.217228 hargrave 2023-03-21 17:49:07 
