CS5- 8 mag compass orientation (IGRF corrected)
    2.2 209.2  53.0 351.2  54.9   1.0
NRM    000.7  26.2 017.9  07.5 1.28E-04 000.6 232.3 -04.3 0.139898 0.130213 0.060027 hargrave 2023-02-02 18:44:20 
LT     217.7 -73.4 248.8 -22.4 1.33E-04 000.4 021.0 -37.6 0.180021 0.048806 0.182227 hargrave 2023-02-05 15:07:09 
TT 150 220.2 -70.2 247.5 -19.4 1.65E-04 003.2 025.0 -38.2 0.804370 0.083778 0.561102 hargrave 2023-02-16 21:50:05 
TT 250 218.4 -73.4 249.0 -22.3 1.64E-04 003.9 020.9 -37.8 0.801120 0.490286 0.633478 hargrave 2023-02-17 14:19:04 
TT 350 210.6 -70.1 244.7 -21.3 1.49E-04 002.8 024.5 -34.9 0.512597 0.087354 0.540585 hargrave 2023-02-17 20:52:03 
TT 375 210.3 -69.4 244.2 -20.9 1.45E-04 005.0 025.3 -34.7 0.929604 0.678344 0.579712 hargrave 2023-02-18 15:13:25 
TT 400 206.5 -72.2 245.3 -23.7 1.43E-04 002.9 021.7 -34.1 0.444579 0.268377 0.549147 hargrave 2023-02-19 08:45:33 
TT 450 207.4 -70.0 243.8 -22.0 1.35E-04 003.0 024.3 -33.9 0.385606 0.292462 0.521056 hargrave 2023-02-20 11:39:59 
TT 500 208.5 -65.9 241.1 -18.8 1.27E-04 003.5 029.1 -33.1 0.123252 0.610576 0.472206 hargrave 2023-02-20 17:04:12 
TT 550 176.6 -68.0 235.5 -30.3 9.71E-05 004.3 020.1 -23.4 0.437524 0.425864 0.411452 hargrave 2023-02-21 10:24:26 
TT 557 178.9 -70.5 238.5 -30.3 9.30E-05 003.0 018.7 -25.6 0.206953 0.194161 0.399091 hargrave 2023-02-21 17:20:25 
TT 561 169.2 -72.2 239.5 -33.8 9.32E-05 003.4 014.9 -24.6 0.305793 0.251114 0.394605 hargrave 2023-02-22 13:01:27 
TT 565 196.6 -72.4 243.4 -26.2 8.47E-05 003.3 020.3 -31.4 0.308281 0.141076 0.357480 hargrave 2023-02-22 19:43:50 
TT 570 184.1 -71.7 240.6 -29.2 8.26E-05 005.1 018.7 -27.7 0.119003 0.611240 0.399369 hargrave 2023-02-23 13:57:21 
TT 575 216.3 -81.9 254.6 -29.2 8.82E-05 003.2 010.1 -37.6 0.252763 0.097942 0.422282 hargrave 2023-03-14 09:36:22 
TT 580 173.9 -70.6 238.1 -31.9 7.07E-05 004.0 017.3 -24.5 0.190016 0.140940 0.430498 hargrave 2023-03-14 14:35:21 
TT 584 159.9 -72.2 239.2 -36.6 8.15E-05 004.8 012.5 -22.9 0.281958 0.418346 0.460240 hargrave 2023-03-15 08:52:36 
TT 588 196.8 -82.7 253.3 -31.7 6.23E-05 005.6 008.8 -35.1 0.157966 0.412021 0.430489 hargrave 2023-03-15 15:32:11 
TT 594 191.8 -68.3 238.6 -25.3 7.98E-05 003.9 023.6 -28.1 0.281243 0.245692 0.398143 hargrave 2023-03-16 09:07:08 
TT 602 195.1 -72.3 243.0 -26.5 6.38E-05 004.6 020.1 -30.9 0.255857 0.108532 0.435376 hargrave 2023-03-16 17:39:58 
TT 611 198.5 -61.6 234.6 -19.0 7.79E-05 003.8 031.8 -27.3 0.236271 0.138038 0.444157 hargrave 2023-03-17 10:39:56 
TT 619 212.0 -74.9 248.6 -24.5 5.40E-05 005.5 018.9 -36.2 0.210109 0.161953 0.459057 hargrave 2023-03-17 18:43:52 
TT 631 196.3 -61.9 234.1 -20.1 7.47E-05 004.2 030.9 -26.5 0.279773 0.193034 0.439586 hargrave 2023-03-19 14:29:52 
TT 633 256.2 -67.7 259.2 -12.8 4.12E-05 004.7 024.4 -51.1 0.235853 0.116906 0.319353 hargrave 2023-03-20 09:13:39 
TT 638 197.7 -51.3 226.1 -12.7 6.45E-05 005.0 041.3 -21.7 0.150160 0.363635 0.430653 hargrave 2023-03-20 14:19:46 
TT 645 306.7 -61.5 281.6 -13.5 3.23E-05 003.5 351.5 -65.0 0.068745 0.103687 0.345356 hargrave 2023-03-21 09:16:00 
TT 655 161.1 -61.1 225.6 -34.9 7.96E-05 004.5 019.4 -13.9 0.122812 0.304405 0.535350 hargrave 2023-03-21 13:50:18 
TT 665 317.7 -30.4 307.4  05.6 2.69E-05 005.8 252.1 -73.3 0.125207 0.355892 0.371149 hargrave 2023-03-21 17:54:51 
