CS5- 5 mag compass orientation (IGRF corrected)
    0.4 362.2  22.0 351.2  54.9   1.0
NRM    300.1  45.5 022.6  58.8 6.38E-05 000.5 046.9  63.3 0.030886 0.048269 0.023824 hargrave 2023-02-02 18:41:17 
LT     300.7  40.3 012.5  58.5 5.27E-05 001.9 043.8  58.3 0.200287 0.045652 0.016826 hargrave 2023-02-05 15:04:48 
TT 150 296.3  37.1 005.5  61.6 4.96E-05 002.7 035.9  56.3 0.206500 0.106450 0.080476 hargrave 2023-02-16 21:47:08 
TT 250 299.2  36.5 004.9  59.2 4.78E-05 002.1 039.6  55.0 0.163629 0.055340 0.090396 hargrave 2023-02-17 14:16:08 
TT 350 298.6  31.4 355.1  58.6 4.06E-05 001.9 036.4  50.3 0.067536 0.123073 0.067444 hargrave 2023-02-17 20:48:19 
TT 375 295.9  28.6 348.5  59.9 3.93E-05 002.2 032.0  48.2 0.130989 0.059057 0.084506 hargrave 2023-02-18 15:10:28 
TT 400 294.2  29.6 349.3  61.6 3.61E-05 002.3 030.1  49.4 0.066025 0.126666 0.073792 hargrave 2023-02-19 08:42:35 
TT 450 292.7  28.2 345.4  62.4 3.31E-05 002.8 027.6  48.3 0.057331 0.144735 0.068397 hargrave 2023-02-20 11:37:03 
TT 500 290.6  27.1 341.6  63.6 3.00E-05 001.7 024.6  47.6 0.053051 0.058764 0.061511 hargrave 2023-02-20 17:01:15 
TT 550 308.8  41.1 014.9  52.4 1.74E-05 001.8 055.0  56.7 0.035306 0.061931 0.051476 hargrave 2023-02-21 10:21:28 
TT 557 296.6  43.6 019.2  61.5 1.51E-05 002.2 040.3  62.4 0.034438 0.055112 0.049843 hargrave 2023-02-21 17:18:04 
TT 561 296.6  41.2 014.2  61.7 1.49E-05 003.5 038.6  60.1 0.044739 0.087115 0.050999 hargrave 2023-02-22 12:58:29 
TT 565 301.1  44.0 019.5  58.2 1.38E-05 002.2 047.0  61.6 0.054263 0.038309 0.049940 hargrave 2023-02-22 19:40:54 
TT 570 288.6  51.3 039.0  64.5 1.09E-05 002.8 033.9  71.5 0.029340 0.052458 0.053404 hargrave 2023-02-23 13:54:22 
TT 575 327.8  35.8 012.7  36.8 9.91E-06 003.2 072.9  45.6 0.038422 0.055360 0.039258 hargrave 2023-03-14 09:33:23 
TT 580 312.4  59.7 044.3  49.0 1.43E-05 002.2 084.2  70.9 0.011873 0.074603 0.060012 hargrave 2023-03-14 14:32:23 
TT 584 300.4  46.0 023.4  58.6 1.48E-05 001.9 047.8  63.6 0.029593 0.046897 0.071367 hargrave 2023-03-15 08:49:38 
TT 588 298.7  71.2 063.7  48.9 1.23E-05 003.6 121.1  80.3 0.018899 0.088067 0.078760 hargrave 2023-03-15 15:29:11 
TT 594 328.7  53.3 034.6  40.3 1.45E-05 002.0 089.4  60.1 0.035638 0.071769 0.072955 hargrave 2023-03-16 09:04:11 
TT 602 004.4  78.7 068.2  31.8 1.37E-05 004.8 152.5  65.0 0.044783 0.127828 0.091475 hargrave 2023-03-16 17:36:59 
TT 611 334.0  32.9 011.8  31.0 1.38E-05 001.8 077.5  40.8 0.039339 0.127294 0.094067 hargrave 2023-03-17 10:36:57 
TT 619 115.4  76.5 089.3  23.7 1.06E-05 011.2 189.2  55.2 0.050317 0.191771 0.119097 hargrave 2023-03-17 18:40:56 
TT 631 306.7  15.7 337.6  45.0 1.63E-05 002.0 040.7  33.3 0.061468 0.083578 0.072831 hargrave 2023-03-19 14:26:56 
TT 633 146.1  52.7 115.6  14.3 1.36E-05 007.4 217.9  37.1 0.168708 0.102367 0.061522 hargrave 2023-03-20 09:10:42 
TT 638 324.4  33.3 008.5  38.5 1.98E-05 002.9 067.8  44.5 0.038210 0.168923 0.089915 hargrave 2023-03-20 14:16:51 
TT 645 072.5  53.0 076.0 -01.6 1.78E-05 002.8 166.2  31.8 0.138419 0.095393 0.106863 hargrave 2023-03-21 09:13:04 
TT 655 288.2  16.7 320.8  59.7 1.90E-05 005.9 019.5  37.7 0.056522 0.193100 0.119448 hargrave 2023-03-21 13:47:23 
TT 665 185.7  33.1 149.3  29.1 1.67E-05 007.7 259.4  31.7 0.097831 0.177411 0.126691 hargrave 2023-03-21 17:51:56 
