CS5- 4 mag compass orientation (IGRF corrected)
      1 306.2   3.0 351.2  54.9   1.0
NRM    354.5  44.6 031.2  21.6 5.83E-04 000.5 140.2  42.3 0.201343 0.260973 0.349757 hargrave 2023-02-02 18:36:01 
LT     344.0  50.2 033.6  30.4 3.38E-04 000.3 130.5  48.3 0.170387 0.139619 0.222373 hargrave 2023-02-05 15:00:44 
TT 150 339.2  49.1 031.2  33.0 3.05E-04 001.4 125.8  47.4 0.257667 0.870736 0.543056 hargrave 2023-02-16 21:44:19 
TT 250 338.8  48.7 030.7  33.2 2.94E-04 001.1 125.3  47.0 0.701503 0.302980 0.572561 hargrave 2023-02-17 14:13:20 
TT 350 336.0  49.0 030.5  35.1 2.60E-04 001.7 122.6  47.5 0.430516 0.730167 0.602475 hargrave 2023-02-17 20:45:30 
TT 375 338.1  49.9 032.0  33.9 2.51E-04 002.5 124.8  48.3 0.553004 1.055052 0.491289 hargrave 2023-02-18 15:07:38 
TT 400 340.6  49.9 032.5  32.4 2.39E-04 004.5 127.2  48.2 1.196636 1.530638 0.455530 hargrave 2023-02-19 08:39:46 
TT 450 338.1  49.9 032.0  33.9 2.23E-04 003.3 124.8  48.3 0.816230 1.025554 0.470777 hargrave 2023-02-20 11:34:13 
TT 500 333.1  50.0 031.1  37.1 2.00E-04 000.8 120.0  48.6 0.102567 0.369867 0.463494 hargrave 2023-02-20 16:58:24 
TT 550 332.5  54.8 037.0  38.4 1.64E-04 000.6 119.9  53.4 0.170024 0.167274 0.392641 hargrave 2023-02-21 10:18:34 
TT 557 334.4  53.1 035.1  36.9 1.55E-04 000.8 121.6  51.6 0.156310 0.169268 0.371320 hargrave 2023-02-21 17:15:46 
TT 561 331.1  55.6 037.8  39.3 1.51E-04 001.5 118.7  54.2 0.258778 0.358592 0.379862 hargrave 2023-02-22 12:55:39 
TT 565 333.2  55.8 038.2  38.1 1.41E-04 001.2 120.8  54.3 0.168467 0.281784 0.366337 hargrave 2023-02-22 19:38:05 
TT 570 339.1  56.6 039.9  35.0 1.33E-04 001.7 126.5  54.9 0.220648 0.389511 0.349853 hargrave 2023-02-23 13:51:31 
TT 575 339.2  51.7 034.3  33.8 1.30E-04 003.0 126.0  50.0 0.631661 0.294152 0.364841 hargrave 2023-03-14 09:30:31 
TT 580 341.4  61.2 045.8  34.8 1.34E-04 001.9 129.4  59.4 0.238877 0.435753 0.348506 hargrave 2023-03-14 14:29:33 
TT 584 330.1  58.9 042.1  40.1 1.18E-04 003.8 118.3  57.6 0.635825 0.490429 0.357600 hargrave 2023-03-15 08:46:48 
TT 588 348.5  56.2 041.3  29.9 1.03E-04 000.8 135.4  54.2 0.111895 0.203696 0.361923 hargrave 2023-03-15 15:26:20 
TT 594 336.4  52.5 034.7  35.7 1.06E-04 001.6 123.4  51.0 0.174304 0.283026 0.332548 hargrave 2023-03-16 09:01:17 
TT 602 341.6  55.2 038.8  33.3 1.05E-04 001.9 128.8  53.4 0.167892 0.364071 0.343573 hargrave 2023-03-16 17:34:09 
TT 611 333.7  50.2 031.4  36.7 1.00E-04 003.5 120.6  48.7 0.413372 0.496846 0.360540 hargrave 2023-03-17 10:34:07 
TT 619 339.5  53.0 035.8  33.9 7.90E-05 001.5 126.5  51.3 0.278093 0.109434 0.383009 hargrave 2023-03-17 18:38:07 
TT 631 319.0  46.1 023.8  45.7 8.49E-05 002.3 105.8  45.3 0.227686 0.418557 0.277009 hargrave 2023-03-19 14:25:30 
TT 633 001.6  54.2 042.7  22.3 5.87E-05 002.0 147.6  51.7 0.246547 0.093813 0.253397 hargrave 2023-03-20 09:09:17 
TT 638 306.1  40.5 013.5  54.4 7.42E-05 004.0 092.4  40.4 0.503098 0.404831 0.305457 hargrave 2023-03-20 14:15:26 
TT 645 002.5  38.4 029.0  13.3 6.76E-05 001.2 147.6  35.9 0.298886 0.093075 0.270306 hargrave 2023-03-21 09:11:38 
TT 655 292.3  44.5 022.1  64.4 6.21E-05 002.7 079.1  45.1 0.203889 0.452676 0.319615 hargrave 2023-03-21 13:45:58 
TT 665 046.6  40.2 055.2 -08.3 4.60E-05 003.9 190.0  37.2 0.169420 0.152201 0.409266 hargrave 2023-03-21 17:50:31 
