CS7- 4 sun compass orientation
   11.4  53.3  35.0  16.3  61.5   1.0
NRM    321.0  41.6 321.0  41.6 8.61E-05 000.8 352.6  76.5 0.077739 0.094399 0.065912 hargrave 2023-02-02 18:49:36 
LT     322.9  44.2 322.9  44.2 8.75E-05 000.3 358.4  79.2 0.039302 0.022374 0.026520 hargrave 2023-02-05 15:11:11 
TT 150 318.0  35.9 318.0  35.9 3.88E-05 002.6 347.1  70.5 0.158451 0.065867 0.052320 hargrave 2023-02-16 21:54:34 
TT 250 313.9  32.4 313.9  32.4 2.72E-05 003.0 339.9  66.5 0.124939 0.057353 0.052309 hargrave 2023-02-17 14:23:33 
TT 350 311.0  28.2 311.0  28.2 1.79E-05 002.7 336.6  61.8 0.046107 0.062278 0.044694 hargrave 2023-02-17 20:56:32 
TT 375 309.6  25.4 309.6  25.4 1.64E-05 003.2 335.7  58.8 0.069066 0.043840 0.043038 hargrave 2023-02-18 15:17:54 
TT 400 307.9  24.2 307.9  24.2 1.53E-05 003.7 333.5  57.2 0.087895 0.027848 0.043628 hargrave 2023-02-19 08:50:06 
TT 450 305.2  21.2 305.2  21.2 1.24E-05 003.5 330.8  53.5 0.061048 0.022868 0.044144 hargrave 2023-02-20 11:44:27 
TT 500 301.2  16.5 301.2  16.5 9.44E-06 003.6 327.4  47.9 0.039329 0.027500 0.039539 hargrave 2023-02-20 17:08:42 
TT 550 286.8  21.0 286.8  21.0 6.00E-07 031.0 306.4  46.4 0.007211 0.023655 0.027317 hargrave 2023-02-21 10:30:33 
TT 550 277.9  09.9 277.9  09.9 6.29E-07 020.6 303.7  32.5 0.007333 0.009507 0.021744 hargrave 2023-02-21 12:45:37 
TT 557 276.9  41.1 276.9  41.1 1.40E-06 018.4 275.1  56.7 0.009608 0.035641 0.029666 hargrave 2023-02-21 17:23:58 
TT 557 259.5  25.0 259.5  25.0 1.47E-06 004.5 276.0  35.1 0.008164 0.012026 0.001357 hargrave 2023-02-21 18:48:53 
TT 561 240.0  44.4 240.0  44.4 1.11E-06 025.0 244.9  38.4 0.012200 0.039433 0.032359 hargrave 2023-02-22 13:05:57 
TT 561 232.5  20.1 232.5  20.1 1.34E-06 004.4 257.5  15.9 0.008749 0.012318 0.001239 hargrave 2023-02-22 14:10:19 
TT 565 284.6  10.7 284.6  10.7 1.43E-06 019.1 310.4  36.3 0.010803 0.036564 0.032922 hargrave 2023-02-22 19:50:07 
TT 570 229.1  34.9 229.1  34.9 1.26E-06 022.7 245.2  25.7 0.012432 0.035510 0.038850 hargrave 2023-02-23 14:01:50 
TT 570 224.4  11.5 224.4  11.5 1.54E-06 004.0 256.1  04.4 0.010221 0.016324 0.001019 hargrave 2023-02-23 15:33:54 
