CS7- 7 sun compass orientation
   13.5  61.5  25.0  16.3  61.5   1.0
NRM    347.1  70.5 347.1  70.5 4.20E-05 001.2 139.9  82.0 0.069186 0.050644 0.024346 hargrave 2023-02-02 20:52:22 
LT     349.9  70.6 349.9  70.6 4.14E-05 001.5 137.2  81.1 0.084529 0.063117 0.034142 hargrave 2023-02-05 15:15:22 
TT 150 344.0  57.6 344.0  57.6 2.02E-05 002.4 044.6  80.5 0.052404 0.063570 0.037970 hargrave 2023-02-16 21:58:59 
TT 250 331.9  50.7 331.9  50.7 1.21E-05 003.6 000.9  75.7 0.063177 0.037239 0.029211 hargrave 2023-02-17 14:27:57 
TT 350 329.7  42.6 329.7  42.6 7.97E-06 003.4 356.5  67.5 0.039597 0.021297 0.020436 hargrave 2023-02-17 21:00:55 
TT 375 324.2  45.5 324.2  45.5 6.72E-06 005.1 344.9  70.1 0.042303 0.040876 0.014781 hargrave 2023-02-18 15:22:18 
TT 400 324.5  44.4 324.5  44.4 5.52E-06 003.6 345.8  69.1 0.029205 0.013649 0.015498 hargrave 2023-02-19 08:54:34 
TT 450 320.2  42.8 320.2  42.8 3.74E-06 004.5 338.4  66.9 0.024660 0.011927 0.013530 hargrave 2023-02-20 11:48:51 
TT 500 305.3  29.1 305.3  29.1 1.23E-06 059.8 322.7  50.5 0.067196 0.050667 0.101332 hargrave 2023-02-20 17:13:05 
TT 500 307.7  24.2 307.7  24.2 2.49E-06 003.6 327.7  46.4 0.010803 0.007011 0.012265 hargrave 2023-02-20 18:03:01 
TT 550 317.9  04.7 317.9  04.7 1.36E-06 007.5 344.5  28.9 0.009716 0.006201 0.015637 hargrave 2023-02-21 10:34:58 
TT 557 285.4  18.8 285.4  18.8 8.78E-07 011.4 303.9  34.7 0.004843 0.011793 0.012848 hargrave 2023-02-21 17:27:28 
TT 557 278.6  08.5 278.6  08.5 9.17E-07 004.1 301.3  22.7 0.004832 0.006662 0.001280 hargrave 2023-02-21 18:50:09 
TT 561 002.2 -30.4 002.2 -30.4 1.14E-06 014.1 026.4 -08.4 0.008750 0.017929 0.022202 hargrave 2023-02-22 13:10:29 
TT 561 353.1 -43.5 353.1 -43.5 1.13E-06 004.9 016.5 -19.8 0.009657 0.008237 0.000482 hargrave 2023-02-22 14:13:20 
TT 565 325.5 -28.7 325.5 -28.7 1.20E-06 013.0 354.7 -03.8 0.009732 0.017271 0.021825 hargrave 2023-02-22 19:54:29 
TT 570 232.5 -10.3 232.5 -10.3 6.92E-07 016.3 266.3 -13.1 0.009121 0.021720 0.019485 hargrave 2023-02-23 14:06:15 
TT 570 233.6 -21.5 233.6 -21.5 1.03E-06 004.2 272.4 -22.7 0.006389 0.010906 0.000630 hargrave 2023-02-23 15:38:20 
