CS7- 6 sun compass orientation
   13.4  56.5  28.0  16.3  61.5   1.0
NRM    003.8  57.2 003.8  57.2 9.57E-05 000.8 092.6  70.8 0.099323 0.092235 0.036624 hargrave 2023-02-02 20:50:56 
LT     007.2  58.9 007.2  58.9 9.28E-05 001.5 099.4  70.0 0.198161 0.160735 0.029834 hargrave 2023-02-05 15:14:15 
TT 150 000.1  52.0 000.1  52.0 6.08E-05 002.3 076.2  69.5 0.197285 0.163909 0.078986 hargrave 2023-02-16 21:57:28 
TT 250 351.1  49.3 351.1  49.3 3.05E-05 001.6 058.4  71.4 0.071950 0.047644 0.051842 hargrave 2023-02-17 14:26:27 
TT 350 338.6  46.5 338.6  46.5 1.02E-05 002.6 029.6  73.0 0.031027 0.033222 0.026283 hargrave 2023-02-17 20:59:26 
TT 375 337.4  46.5 337.4  46.5 1.03E-05 002.6 027.1  73.3 0.036679 0.024577 0.027133 hargrave 2023-02-18 15:20:48 
TT 400 338.9  46.1 338.9  46.1 1.02E-05 002.5 029.8  72.6 0.037241 0.020202 0.026751 hargrave 2023-02-19 08:53:04 
TT 450 334.4  45.9 334.4  45.9 8.23E-06 003.8 019.3  73.2 0.034283 0.039957 0.026894 hargrave 2023-02-20 11:47:21 
TT 500 318.0  37.2 318.0  37.2 4.76E-06 003.6 344.0  64.6 0.018811 0.015769 0.022911 hargrave 2023-02-20 17:11:36 
TT 550 320.8  25.2 320.8  25.2 2.41E-06 006.2 351.4  53.0 0.011800 0.016786 0.021477 hargrave 2023-02-21 10:33:28 
TT 557 301.8  32.0 301.8  32.0 2.08E-06 007.0 320.6  56.1 0.011276 0.013939 0.020330 hargrave 2023-02-21 17:26:16 
TT 561 037.8  10.6 037.8  10.6 1.27E-06 009.3 078.4  18.1 0.007751 0.030680 0.024979 hargrave 2023-02-22 13:08:58 
TT 561 034.4 -01.1 034.4 -01.1 9.15E-07 006.3 069.7  09.2 0.009071 0.009920 0.000684 hargrave 2023-02-22 14:11:51 
TT 565 327.7 -10.5 327.7 -10.5 1.29E-06 018.2 001.2  17.5 0.010762 0.032338 0.027544 hargrave 2023-02-22 19:53:00 
TT 570 283.0 -05.6 283.0 -05.6 1.43E-06 016.7 314.9  14.6 0.011804 0.032148 0.030809 hargrave 2023-02-23 14:04:45 
TT 570 270.9 -16.2 270.9 -16.2 1.76E-06 005.5 307.6  00.4 0.011173 0.015712 0.001426 hargrave 2023-02-23 15:36:49 
