CS7- 9 sun compass orientation
   15.5  24.3  59.0  16.3  61.5   1.0
NRM    012.4  63.0 012.4  63.0 4.46E-05 000.9 148.2  32.6 0.068112 0.052061 0.023598 hargrave 2023-02-02 20:59:51 
LT     010.9  65.6 010.9  65.6 4.36E-05 002.3 151.2  33.4 0.097697 0.165539 0.031411 hargrave 2023-02-05 15:23:34 
TT 150 343.0  55.3 343.0  55.3 2.09E-05 002.2 140.1  48.2 0.064316 0.061717 0.028101 hargrave 2023-02-16 22:03:30 
TT 250 325.3  52.4 325.3  52.4 1.32E-05 002.0 142.5  58.9 0.040090 0.030920 0.020315 hargrave 2023-02-17 14:32:27 
TT 350 318.4  43.9 318.4  43.9 8.84E-06 002.0 131.1  67.0 0.022971 0.017156 0.019135 hargrave 2023-02-17 21:05:23 
TT 375 312.1  45.1 312.1  45.1 8.13E-06 001.7 140.4  70.2 0.021002 0.013373 0.015904 hargrave 2023-02-18 15:26:49 
TT 400 308.3  40.4 308.3  40.4 6.53E-06 001.3 133.4  75.3 0.011502 0.010210 0.011366 hargrave 2023-02-19 08:59:04 
TT 450 300.1  36.6 300.1  36.6 4.90E-06 001.0 141.0  82.6 0.006086 0.006020 0.012252 hargrave 2023-02-20 11:53:25 
TT 500 291.5  26.6 291.5  26.6 3.61E-06 001.1 330.7  85.0 0.004869 0.004979 0.008212 hargrave 2023-02-20 17:17:36 
TT 550 302.2  16.7 302.2  16.7 2.15E-06 002.5 028.4  74.0 0.006461 0.010105 0.016987 hargrave 2023-02-21 10:39:29 
TT 557 284.4  20.6 284.4  20.6 1.68E-06 004.5 317.2  76.3 0.004851 0.010188 0.015369 hargrave 2023-02-21 17:31:09 
TT 561 040.0  28.7 040.0  28.7 8.98E-07 023.8 122.4  02.5 0.010562 0.030651 0.030749 hargrave 2023-02-22 13:16:39 
TT 561 073.3  25.0 073.3  25.0 7.31E-07 009.0 140.2 -21.6 0.010653 0.008969 0.000424 hargrave 2023-02-22 14:18:12 
TT 565 319.1 -47.4 319.1 -47.4 1.08E-06 020.4 016.7  08.5 0.010014 0.030131 0.028636 hargrave 2023-02-22 19:59:02 
TT 570 200.9  15.2 200.9  15.2 7.83E-07 026.4 255.2  04.9 0.010565 0.031352 0.029167 hargrave 2023-02-23 14:10:47 
TT 570 190.6 -00.8 190.6 -00.8 1.14E-06 003.9 263.5 -12.1 0.007878 0.012927 0.001029 hargrave 2023-02-23 15:41:37 
