CS7- 3 sun compass orientation
    1.9 128.5  25.0  16.3  61.5   1.0
NRM    005.0  49.4 005.0  49.4 4.57E-05 001.2 295.4  66.6 0.039802 0.079833 0.041114 hargrave 2023-02-02 18:47:16 
LT     358.1  52.6 358.1  52.6 4.48E-05 002.3 282.0  66.3 0.079468 0.169940 0.021112 hargrave 2023-02-05 15:09:54 
TT 150 343.2  51.6 343.2  51.6 2.82E-05 005.2 268.7  59.3 0.249146 0.068122 0.033659 hargrave 2023-02-16 21:53:03 
TT 250 343.6  48.2 343.6  48.2 2.19E-05 002.2 273.4  56.9 0.061615 0.061235 0.020774 hargrave 2023-02-17 14:22:02 
TT 350 340.2  44.2 340.2  44.2 1.54E-05 001.5 274.3  52.3 0.026503 0.036594 0.009695 hargrave 2023-02-17 20:55:02 
TT 375 339.2  43.9 339.2  43.9 1.33E-05 003.0 273.8  51.6 0.062572 0.039305 0.010087 hargrave 2023-02-18 15:16:24 
TT 400 337.8  43.0 337.8  43.0 1.20E-05 006.7 273.2  50.3 0.136260 0.044278 0.011191 hargrave 2023-02-19 08:48:30 
TT 450 334.9  39.6 334.9  39.6 9.32E-06 004.9 273.4  46.3 0.075671 0.032706 0.003312 hargrave 2023-02-20 11:42:57 
TT 500 327.1  34.6 327.1  34.6 6.55E-06 003.9 269.8  38.7 0.041188 0.026890 0.000999 hargrave 2023-02-20 17:07:10 
TT 550 359.0  73.2 359.0  73.2 7.61E-07 017.7 222.3  74.1 0.007151 0.018817 0.021696 hargrave 2023-02-21 10:29:02 
TT 550 343.8  64.4 343.8  64.4 7.19E-07 010.3 246.3  67.3 0.007926 0.008085 0.013886 hargrave 2023-02-21 12:44:24 
TT 557 315.1  32.2 315.1  32.2 1.39E-06 013.3 260.7  31.6 0.008896 0.025544 0.022079 hargrave 2023-02-21 17:22:45 
TT 557 311.7  18.3 311.7  18.3 1.57E-06 003.7 264.9  17.8 0.008754 0.013528 0.000644 hargrave 2023-02-21 18:47:41 
TT 561 342.0  18.7 342.0  18.7 1.54E-06 015.2 293.2  30.8 0.019031 0.029273 0.027134 hargrave 2023-02-22 13:04:25 
TT 561 337.5  05.3 337.5  05.3 1.77E-06 004.4 294.5  16.7 0.009199 0.015501 0.000715 hargrave 2023-02-22 14:08:46 
TT 565 118.8  41.7 118.8  41.7 8.00E-07 013.5 102.8  41.0 0.010395 0.030422 0.031119 hargrave 2023-02-22 19:48:37 
TT 570 317.3  11.0 317.3  11.0 1.53E-06 017.0 273.3  13.7 0.017917 0.040102 0.033343 hargrave 2023-02-23 14:00:19 
TT 570 313.5 -02.7 313.5 -02.7 2.01E-06 002.9 275.6 -00.3 0.009312 0.019835 0.001143 hargrave 2023-02-23 15:32:21 
