CS7- 8 sun compass orientation
   15.5  29.6  39.0  16.3  61.5   1.0
NRM    339.4  56.8 339.4  56.8 7.53E-05 000.9 119.7  66.2 0.052468 0.106763 0.015048 hargrave 2023-02-02 20:54:40 
LT     344.3  62.4 344.3  62.4 7.73E-05 001.0 132.7  63.6 0.128862 0.072968 0.042171 hargrave 2023-02-05 15:19:26 
TT 150 334.2  54.6 334.2  54.6 4.52E-05 001.3 113.5  69.0 0.094079 0.059823 0.044961 hargrave 2023-02-16 22:00:43 
TT 250 327.3  48.6 327.3  48.6 3.04E-05 001.0 093.0  72.1 0.038350 0.045387 0.035523 hargrave 2023-02-17 14:29:41 
TT 350 325.1  46.7 325.1  46.7 2.17E-05 001.1 085.6  72.8 0.030670 0.034608 0.030234 hargrave 2023-02-17 21:02:38 
TT 375 323.5  45.3 323.5  45.3 2.04E-05 001.3 079.6  73.2 0.035055 0.037132 0.029943 hargrave 2023-02-18 15:24:02 
TT 400 321.6  44.3 321.6  44.3 1.72E-05 001.0 074.0  73.8 0.017323 0.025202 0.036811 hargrave 2023-02-19 08:56:18 
TT 450 319.2  42.0 319.2  42.0 1.36E-05 002.2 063.7  73.9 0.040439 0.033387 0.024602 hargrave 2023-02-20 11:50:35 
TT 500 316.2  39.3 316.2  39.3 1.02E-05 001.4 051.1  73.5 0.014027 0.022928 0.025236 hargrave 2023-02-20 17:14:49 
TT 550 325.1  33.9 325.1  33.9 6.11E-06 002.1 057.0  64.8 0.012099 0.026251 0.025237 hargrave 2023-02-21 10:36:42 
TT 557 310.3  35.9 310.3  35.9 4.29E-06 003.6 031.0  73.0 0.009572 0.027908 0.024018 hargrave 2023-02-21 17:28:54 
TT 561 006.4  03.3 006.4  03.3 1.84E-06 009.9 073.7  17.0 0.011870 0.044434 0.039536 hargrave 2023-02-22 13:12:13 
TT 561 008.7 -07.5 008.7 -07.5 1.31E-06 006.4 068.9  06.9 0.013000 0.014245 0.001123 hargrave 2023-02-22 14:15:04 
TT 565 308.4 -14.4 308.4 -14.4 1.61E-06 018.9 009.3  24.1 0.013722 0.044702 0.036458 hargrave 2023-02-22 19:56:16 
TT 570 174.4  38.4 174.4  38.4 1.15E-06 029.4 220.8  11.4 0.018169 0.048126 0.041760 hargrave 2023-02-23 14:08:00 
TT 570 181.8  10.2 181.8  10.2 1.48E-06 006.0 241.7 -08.8 0.013235 0.016550 0.001192 hargrave 2023-02-23 15:40:05 
