CS7- 2 sun compass orientation
    1.8 133.4  29.0  16.3  61.5   1.0
NRM    338.1  59.1 338.1  59.1 6.51E-05 000.7 244.0  58.7 0.035155 0.057699 0.057357 hargrave 2023-02-02 18:45:48 
LT     343.7  58.2 343.7  58.2 6.92E-05 000.7 248.4  60.7 0.065752 0.053126 0.031321 hargrave 2023-02-05 15:08:24 
TT 150 333.0  48.3 333.0  48.3 3.93E-05 001.3 255.0  49.6 0.084855 0.040591 0.026522 hargrave 2023-02-16 21:51:32 
TT 250 332.2  43.6 332.2  43.6 3.07E-05 003.1 259.3  45.7 0.162446 0.058310 0.023658 hargrave 2023-02-17 14:20:31 
TT 350 326.7  37.6 326.7  37.6 1.89E-05 004.4 260.0  38.5 0.139389 0.048281 0.012446 hargrave 2023-02-17 20:53:30 
TT 375 325.6  36.2 325.6  36.2 1.71E-05 002.7 260.1  36.8 0.075001 0.041836 0.018043 hargrave 2023-02-18 15:14:53 
TT 400 328.3  34.1 328.3  34.1 1.61E-05 002.5 263.9  36.4 0.066383 0.040523 0.013859 hargrave 2023-02-19 08:46:59 
TT 450 325.3  32.0 325.3  32.0 1.37E-05 002.9 262.9  33.2 0.062742 0.041183 0.014487 hargrave 2023-02-20 11:41:26 
TT 500 322.8  24.2 322.8  24.2 1.03E-05 001.7 265.6  25.5 0.022453 0.034992 0.014174 hargrave 2023-02-20 17:05:39 
TT 550 331.6  55.0 331.6  55.0 1.88E-06 010.8 246.2  53.4 0.010046 0.024042 0.027465 hargrave 2023-02-21 10:25:53 
TT 550 328.8  52.6 328.8  52.6 1.86E-06 006.1 247.3  50.6 0.010375 0.011009 0.018857 hargrave 2023-02-21 12:41:51 
TT 557 326.1  30.7 326.1  30.7 2.60E-06 009.5 264.5  32.6 0.012007 0.032524 0.030200 hargrave 2023-02-21 17:21:33 
TT 557 323.3  20.9 323.3  20.9 2.79E-06 003.0 268.0  23.0 0.011567 0.019713 0.001737 hargrave 2023-02-21 18:46:29 
TT 561 346.5  13.6 346.5  13.6 3.01E-06 009.7 293.3  27.5 0.019293 0.037911 0.034685 hargrave 2023-02-22 13:02:55 
TT 561 341.1  06.4 341.1  06.4 3.29E-06 003.6 291.7  18.8 0.011620 0.024455 0.001286 hargrave 2023-02-22 14:07:11 
TT 565 268.1  62.4 268.1  62.4 1.45E-06 023.7 204.4  38.0 0.018257 0.048692 0.040088 hargrave 2023-02-22 19:45:24 
TT 570 311.8  12.0 311.8  12.0 2.50E-06 013.0 262.7  09.7 0.016216 0.049114 0.045689 hargrave 2023-02-23 13:58:48 
TT 570 310.0  01.5 310.0  01.5 3.00E-06 001.7 266.3 -00.4 0.009611 0.025582 0.001064 hargrave 2023-02-23 15:30:50 
