CS7- 5 sun compass orientation
   11.4  43.1  61.0  16.3  61.5   1.0
NRM    351.2  37.4 351.2  37.4 9.19E-05 000.3 115.0  57.3 0.053162 0.027182 0.052049 hargrave 2023-02-02 20:49:29 
LT     347.5  47.8 347.5  47.8 8.96E-05 001.3 134.9  57.6 0.182070 0.147890 0.041612 hargrave 2023-02-05 15:13:05 
TT 150 326.4  30.2 326.4  30.2 3.71E-05 001.6 098.9  78.4 0.095904 0.046821 0.037196 hargrave 2023-02-16 21:56:01 
TT 250 322.2  21.8 322.2  21.8 2.82E-05 000.9 051.1  79.1 0.029066 0.034279 0.027461 hargrave 2023-02-17 14:25:00 
TT 350 317.6  12.5 317.6  12.5 2.27E-05 001.1 015.2  73.0 0.039409 0.023603 0.016414 hargrave 2023-02-17 20:57:59 
TT 375 317.9  13.3 317.9  13.3 2.27E-05 001.2 016.9  73.6 0.038008 0.026333 0.021446 hargrave 2023-02-18 15:19:21 
TT 400 317.0  10.2 317.0  10.2 2.15E-05 002.6 011.8  70.8 0.042380 0.086804 0.021601 hargrave 2023-02-19 08:51:34 
TT 450 317.0  10.9 317.0  10.9 2.15E-05 001.5 012.2  71.5 0.036723 0.041780 0.021528 hargrave 2023-02-20 11:45:54 
TT 500 310.6 -00.1 310.6 -00.1 1.64E-05 001.6 354.8  60.8 0.041535 0.032109 0.015918 hargrave 2023-02-20 17:10:09 
TT 550 312.9  02.7 312.9  02.7 1.47E-05 001.8 359.6  63.7 0.049468 0.020087 0.011833 hargrave 2023-02-21 10:32:01 
TT 557 003.5  22.1 003.5  22.1 1.79E-06 004.4 093.5  44.4 0.009921 0.025756 0.023848 hargrave 2023-02-21 17:25:07 
TT 561 008.8  05.6 008.8  05.6 2.17E-06 004.2 077.2  32.6 0.010071 0.033800 0.027378 hargrave 2023-02-22 13:07:32 
TT 565 285.8 -23.0 285.8 -23.0 1.36E-06 017.1 330.2  31.7 0.012135 0.027675 0.030093 hargrave 2023-02-22 19:51:34 
TT 570 257.2 -30.9 257.2 -30.9 1.26E-06 018.8 313.9  09.9 0.011470 0.032508 0.031331 hargrave 2023-02-23 14:03:18 
TT 570 237.7 -32.0 237.7 -32.0 1.61E-06 005.9 304.6 -04.0 0.011652 0.016151 0.000923 hargrave 2023-02-23 15:35:22 
