CS9- 8 mag compass orientation (IGRF corrected)
      6 283.1  46.0  43.7  54.6   1.0
NRM    000.1  39.0 000.1  39.0 1.10E-05 001.7 169.9 -06.1 0.063700 0.027728 0.008950 hargrave 2023-02-02 21:12:00 
LT     001.5  35.3 001.5  35.3 1.03E-05 000.8 170.4 -10.0 0.041721 0.014845 0.007733 hargrave 2023-02-05 15:34:02 
TT 150 340.2  34.1 340.2  34.1 4.29E-06 006.6 153.0 -06.4 0.034746 0.042706 0.011123 hargrave 2023-02-16 22:15:42 
TT 250 335.4  28.5 335.4  28.5 3.92E-06 008.0 147.0 -09.7 0.033113 0.046027 0.017209 hargrave 2023-02-17 14:44:45 
TT 350 334.2  23.5 334.2  23.5 2.99E-06 008.9 143.6 -13.6 0.025374 0.036863 0.020158 hargrave 2023-02-17 21:17:37 
TT 350 343.7  23.3 343.7  23.3 2.94E-06 004.5 151.8 -17.5 0.026574 0.012617 0.000963 hargrave 2023-02-18 10:31:37 
TT 375 335.7  24.3 335.7  24.3 2.70E-06 006.3 145.3 -13.6 0.020421 0.021239 0.015076 hargrave 2023-02-18 15:39:04 
TT 400 331.4  21.0 331.4  21.0 2.59E-06 005.1 140.1 -14.6 0.017883 0.016170 0.009638 hargrave 2023-02-19 09:11:19 
TT 450 331.8  17.3 331.8  17.3 2.26E-06 007.5 138.5 -18.0 0.016758 0.022176 0.015194 hargrave 2023-02-20 12:05:37 
TT 500 335.2  20.9 335.2  20.9 2.30E-06 009.4 143.3 -16.4 0.017358 0.030214 0.021051 hargrave 2023-02-20 17:29:51 
TT 500 334.7  21.0 334.7  21.0 2.29E-06 007.1 142.9 -16.1 0.017297 0.018284 0.018223 hargrave 2023-02-20 18:06:03 
TT 550 340.9  34.9 340.9  34.9 1.10E-06 032.2 154.0 -05.8 0.013453 0.058474 0.038261 hargrave 2023-02-21 11:49:48 
TT 550 354.6  30.6 354.6  30.6 1.04E-06 021.6 163.7 -13.5 0.013637 0.028969 0.027425 hargrave 2023-02-21 12:56:45 
TT 557 330.7  17.1 330.7  17.1 1.18E-06 028.0 137.5 -17.7 0.013933 0.051247 0.037933 hargrave 2023-02-21 17:42:21 
TT 557 010.3  02.1 010.3  02.1 1.12E-06 007.8 176.2 -43.8 0.014520 0.011180 0.000631 hargrave 2023-02-22 08:44:46 
TT 561 324.1  13.7 324.1  13.7 1.45E-06 026.9 130.0 -17.1 0.014994 0.063159 0.042678 hargrave 2023-02-22 13:30:43 
TT 561 357.9  03.9 357.9  03.9 1.30E-06 007.7 159.9 -40.2 0.017037 0.012722 0.000336 hargrave 2023-02-22 14:33:30 
TT 565 316.0  09.5 316.0  09.5 1.40E-06 025.7 120.7 -15.7 0.013911 0.055838 0.044715 hargrave 2023-02-22 20:16:56 
TT 570 018.6  37.1 018.6  37.1 9.79E-07 032.6 184.4 -08.8 0.016961 0.044137 0.041971 hargrave 2023-02-23 14:26:14 
