CS9- 3 mag compass orientation (IGRF corrected)
    4.8 295.1  38.0  43.7  54.6   1.0
NRM    333.1  49.8 333.1  49.8 2.39E-05 002.2 147.0  20.9 0.083505 0.061283 0.013885 hargrave 2023-02-02 21:04:16 
LT     340.3  48.8 340.3  48.8 2.25E-05 001.8 150.8  17.8 0.078651 0.084588 0.021559 hargrave 2023-02-05 15:27:25 
TT 150 336.2  19.1 336.2  19.1 9.83E-06 004.9 134.1 -07.2 0.069806 0.059304 0.007218 hargrave 2023-02-16 22:08:03 
TT 250 330.9  15.3 330.9  15.3 9.08E-06 003.1 127.8 -08.0 0.045227 0.034701 0.007058 hargrave 2023-02-17 14:37:01 
TT 350 331.5  12.2 331.5  12.2 7.88E-06 003.4 126.7 -11.0 0.040544 0.035221 0.003904 hargrave 2023-02-17 21:09:59 
TT 375 332.2  12.2 332.2  12.2 7.51E-06 003.3 127.3 -11.3 0.038124 0.032787 0.003179 hargrave 2023-02-18 15:31:22 
TT 400 330.4  10.5 330.4  10.5 6.85E-06 007.2 124.9 -11.9 0.071331 0.055743 0.003062 hargrave 2023-02-19 09:03:39 
TT 450 328.8  07.9 328.8  07.9 6.00E-06 006.0 122.1 -13.3 0.052115 0.041698 0.004343 hargrave 2023-02-20 11:57:58 
TT 500 334.1  12.3 334.1  12.3 5.96E-06 005.3 129.0 -12.2 0.034316 0.047383 0.024700 hargrave 2023-02-20 17:22:10 
TT 550 329.8  12.2 329.8  12.2 8.26E-06 009.1 125.2 -10.1 0.056884 0.121218 0.067127 hargrave 2023-02-21 10:44:03 
TT 550 331.9  10.8 331.9  10.8 7.84E-06 007.5 126.4 -12.4 0.058256 0.081735 0.044960 hargrave 2023-02-21 12:49:23 
TT 557 351.1  19.9 351.1  19.9 6.11E-06 011.4 147.5 -12.3 0.046228 0.098533 0.074892 hargrave 2023-02-21 17:36:08 
TT 557 003.4  14.6 003.4  14.6 5.78E-06 003.6 157.5 -20.8 0.047011 0.032384 0.002690 hargrave 2023-02-21 18:55:22 
TT 561 351.2  13.2 351.2  13.2 7.54E-06 010.6 145.0 -18.5 0.059113 0.108526 0.088987 hargrave 2023-02-22 13:22:53 
TT 561 356.6  05.4 356.6  05.4 7.15E-06 005.1 147.6 -27.7 0.065949 0.042140 0.002321 hargrave 2023-02-22 14:25:42 
TT 565 017.2  09.0 017.2  09.0 4.19E-06 020.9 171.1 -28.7 0.048125 0.115056 0.106012 hargrave 2023-02-22 20:06:05 
TT 570 012.6  15.9 012.6  15.9 5.92E-06 014.8 167.1 -21.2 0.057206 0.107230 0.107862 hargrave 2023-02-23 14:16:57 
TT 570 031.1  04.4 031.1  04.4 6.14E-06 004.4 187.2 -33.4 0.058994 0.030581 0.001710 hargrave 2023-02-23 15:49:05 
