CS9- 1 mag compass orientation (IGRF corrected)
    3.3 291.1  31.0  43.7  54.6   1.0
NRM    345.5  34.5 345.5  34.5 1.73E-05 001.6 151.0  08.0 0.076168 0.016103 0.010510 hargrave 2023-02-02 21:01:22 
LT     359.9  38.2 359.9  38.2 1.61E-05 002.9 163.2  08.7 0.079648 0.070541 0.008429 hargrave 2023-02-05 15:24:45 
TT 150 324.2  28.3 324.2  28.3 9.57E-06 006.7 131.7  09.2 0.073047 0.082943 0.046253 hargrave 2023-02-16 22:04:58 
TT 250 325.0  23.8 325.0  23.8 9.17E-06 004.2 130.4  04.8 0.045773 0.038287 0.047315 hargrave 2023-02-17 14:33:55 
TT 350 322.3  18.5 322.3  18.5 8.35E-06 004.5 125.8  01.1 0.043764 0.036848 0.046317 hargrave 2023-02-17 21:06:51 
TT 375 318.9  16.3 318.9  16.3 7.88E-06 004.3 121.9  00.6 0.037892 0.035366 0.040705 hargrave 2023-02-18 15:28:17 
TT 400 320.0  15.3 320.0  15.3 7.34E-06 004.1 122.4 -00.8 0.035202 0.038729 0.029580 hargrave 2023-02-19 09:00:33 
TT 450 317.0  10.2 317.0  10.2 6.58E-06 006.3 117.4 -04.0 0.047205 0.048494 0.038593 hargrave 2023-02-20 11:54:53 
TT 500 326.2  14.4 326.2  14.4 7.56E-06 007.0 127.4 -04.2 0.043307 0.058130 0.074410 hargrave 2023-02-20 17:19:05 
TT 550 326.3  22.5 326.3  22.5 8.92E-06 009.3 130.9  03.0 0.057668 0.094042 0.130352 hargrave 2023-02-21 10:40:57 
TT 550 329.9  21.2 329.9  21.2 8.53E-06 007.4 133.4  00.5 0.066796 0.060946 0.093716 hargrave 2023-02-21 12:46:52 
TT 557 345.0  32.2 345.0  32.2 6.81E-06 012.2 149.9  06.0 0.057113 0.079222 0.134747 hargrave 2023-02-21 17:32:21 
TT 557 352.8  21.8 352.8  21.8 6.20E-06 004.1 153.7 -05.9 0.054479 0.052786 0.003102 hargrave 2023-02-21 18:51:33 
TT 561 343.4  18.1 343.4  18.1 8.63E-06 012.1 144.2 -06.9 0.074478 0.111139 0.152205 hargrave 2023-02-22 13:18:07 
TT 561 350.3  08.2 350.3  08.2 7.96E-06 005.1 147.7 -18.4 0.077003 0.051139 0.004606 hargrave 2023-02-22 14:19:41 
TT 565 005.7  47.3 005.7  47.3 3.09E-06 032.5 169.1  17.0 0.045928 0.139459 0.141207 hargrave 2023-02-22 20:01:17 
TT 570 013.1  36.6 013.1  36.6 4.25E-06 027.9 173.6  05.9 0.059491 0.143921 0.170380 hargrave 2023-02-23 14:12:16 
TT 570 042.3  11.0 042.3  11.0 4.27E-06 007.1 201.9 -17.9 0.058814 0.039857 0.003203 hargrave 2023-02-23 15:44:18 
