CS9- 7 mag compass orientation (IGRF corrected)
    5.7 300.1  59.0  43.7  54.6   1.0
NRM    347.9  38.4 347.9  38.4 2.05E-05 002.1 147.6 -10.2 0.077820 0.044050 0.011223 hargrave 2023-02-02 21:10:31 
LT     359.3  41.0 359.3  41.0 1.74E-05 003.5 156.7 -12.6 0.088420 0.081193 0.011867 hargrave 2023-02-05 15:32:55 
TT 150 340.2  32.8 340.2  32.8 6.07E-06 004.6 139.2 -10.7 0.039445 0.036259 0.015381 hargrave 2023-02-16 22:14:10 
TT 250 344.2  31.8 344.2  31.8 5.61E-06 004.2 141.1 -13.6 0.037075 0.027207 0.015196 hargrave 2023-02-17 14:43:14 
TT 350 330.6  18.3 330.6  18.3 2.36E-06 031.7 122.3 -14.6 0.131547 0.206201 0.062761 hargrave 2023-02-17 21:16:07 
TT 350 350.0  28.2 350.0  28.2 4.63E-06 004.4 143.0 -19.5 0.035749 0.022811 0.002018 hargrave 2023-02-18 10:30:05 
TT 375 336.4  23.1 336.4  23.1 4.29E-06 006.6 129.7 -15.4 0.033832 0.033399 0.022614 hargrave 2023-02-18 15:37:33 
TT 400 337.4  21.9 337.4  21.9 3.77E-06 006.8 129.6 -16.9 0.030496 0.032321 0.015598 hargrave 2023-02-19 09:09:48 
TT 450 329.1  16.6 329.1  16.6 3.25E-06 005.0 120.0 -14.5 0.016026 0.020203 0.019314 hargrave 2023-02-20 12:04:06 
TT 500 336.6  18.8 336.6  18.8 3.15E-06 008.7 126.7 -18.5 0.024082 0.035913 0.026666 hargrave 2023-02-20 17:28:20 
TT 500 334.3  15.8 334.3  15.8 3.10E-06 007.5 122.7 -18.8 0.025627 0.025810 0.024305 hargrave 2023-02-20 18:04:31 
TT 550 330.1  31.1 330.1  31.1 1.94E-06 019.3 131.8 -05.7 0.022447 0.050653 0.046219 hargrave 2023-02-21 11:48:34 
TT 550 338.4  29.2 338.4  29.2 1.67E-06 019.4 135.5 -12.3 0.018485 0.042873 0.040293 hargrave 2023-02-21 12:54:29 
TT 557 342.6  32.6 342.6  32.6 1.88E-06 021.1 140.5 -12.2 0.021008 0.056103 0.049965 hargrave 2023-02-21 17:41:08 
TT 557 014.9  21.7 014.9  21.7 1.63E-06 007.1 162.6 -35.3 0.020621 0.017381 0.000622 hargrave 2023-02-22 08:42:45 
TT 561 014.2  36.5 014.2  36.5 1.98E-06 026.4 166.4 -20.9 0.023137 0.082482 0.050068 hargrave 2023-02-22 13:29:08 
TT 561 042.2  22.8 042.2  22.8 2.14E-06 006.5 193.6 -34.9 0.025397 0.017186 0.000731 hargrave 2023-02-22 14:31:56 
TT 565 328.6  36.4 328.6  36.4 1.83E-06 022.6 135.0 -01.4 0.020610 0.062326 0.055906 hargrave 2023-02-22 20:13:50 
TT 570 044.3  34.1 044.3  34.1 1.93E-06 023.2 192.8 -23.5 0.024628 0.063376 0.057778 hargrave 2023-02-23 14:23:06 
