CS9- 6 mag compass orientation (IGRF corrected)
      6 295.1  55.0  43.7  54.6   1.0
NRM    306.4  43.5 306.4  43.5 2.57E-05 001.2 132.2  16.2 0.063588 0.020899 0.014487 hargrave 2023-02-02 21:09:06 
LT     325.0  47.8 325.0  47.8 2.49E-05 002.6 143.9  08.7 0.088315 0.129233 0.022691 hargrave 2023-02-05 15:31:47 
TT 150 331.7  09.5 331.7  09.5 1.27E-05 005.5 120.8 -22.7 0.105448 0.070886 0.014709 hargrave 2023-02-16 22:12:42 
TT 250 331.6  09.1 331.6  09.1 1.18E-05 003.8 120.5 -22.9 0.061976 0.056564 0.015394 hargrave 2023-02-17 14:41:45 
TT 350 327.8  01.6 327.8  01.6 1.03E-05 002.6 111.6 -25.2 0.034512 0.041728 0.015797 hargrave 2023-02-17 21:14:39 
TT 375 323.2 -01.4 323.2 -01.4 9.52E-06 003.2 105.8 -23.6 0.036933 0.046000 0.021834 hargrave 2023-02-18 15:36:04 
TT 400 323.7 -02.1 323.7 -02.1 9.23E-06 003.3 105.6 -24.3 0.036379 0.045383 0.022151 hargrave 2023-02-19 09:08:20 
TT 450 322.8 -01.2 322.8 -01.2 8.60E-06 004.1 105.7 -23.1 0.047156 0.048964 0.020987 hargrave 2023-02-20 12:02:38 
TT 500 325.4 -03.4 325.4 -03.4 7.73E-06 004.9 105.6 -26.5 0.030862 0.057681 0.040170 hargrave 2023-02-20 17:26:51 
TT 550 324.4  10.9 324.4  10.9 6.68E-06 009.9 116.7 -16.6 0.038168 0.101155 0.080428 hargrave 2023-02-21 10:48:47 
TT 550 324.7  06.0 324.7  06.0 6.34E-06 008.0 113.0 -20.0 0.034780 0.071465 0.059839 hargrave 2023-02-21 12:53:17 
TT 557 339.9  11.1 339.9  11.1 5.25E-06 013.7 128.6 -27.1 0.040073 0.100178 0.080597 hargrave 2023-02-21 17:39:56 
TT 557 358.6  02.4 358.6  02.4 4.74E-06 005.9 140.8 -45.1 0.039524 0.042169 0.002518 hargrave 2023-02-22 08:40:43 
TT 561 316.3 -04.2 316.3 -04.2 5.98E-06 012.8 099.0 -19.7 0.029258 0.134366 0.087066 hargrave 2023-02-22 13:27:39 
TT 561 330.4 -12.3 330.4 -12.3 5.16E-06 005.4 100.6 -35.8 0.038679 0.046078 0.003130 hargrave 2023-02-22 14:30:26 
TT 565 327.5  15.8 327.5  15.8 4.69E-06 019.5 122.5 -15.5 0.037796 0.156969 0.097927 hargrave 2023-02-22 20:10:45 
TT 570 356.3  28.3 356.3  28.3 3.16E-06 029.2 153.0 -21.1 0.041758 0.144697 0.099612 hargrave 2023-02-23 14:21:38 
