CS9- 2 mag compass orientation (IGRF corrected)
    3.4 286.1  34.0  43.7  54.6   1.0
NRM    350.8  55.6 350.8  55.6 3.16E-05 001.1 164.8  23.5 0.008885 0.059502 0.021208 hargrave 2023-02-02 21:02:50 
LT     006.2  55.3 006.2  55.3 3.11E-05 002.2 174.0  21.6 0.071701 0.113294 0.023306 hargrave 2023-02-05 15:25:58 
TT 150 320.4 -05.1 320.4 -05.1 9.45E-06 002.8 116.8 -22.8 0.038975 0.037367 0.006016 hargrave 2023-02-16 22:06:28 
TT 250 319.6 -05.4 319.6 -05.4 9.24E-06 003.9 115.9 -22.7 0.055412 0.038177 0.004378 hargrave 2023-02-17 14:35:26 
TT 350 321.2 -09.5 321.2 -09.5 7.84E-06 005.8 115.1 -27.0 0.069867 0.045929 0.008626 hargrave 2023-02-17 21:08:21 
TT 375 317.7 -11.8 317.7 -11.8 7.95E-06 005.1 110.4 -27.2 0.063678 0.040792 0.004112 hargrave 2023-02-18 15:29:47 
TT 400 315.7 -14.6 315.7 -14.6 7.33E-06 004.5 106.8 -28.4 0.051384 0.035977 0.007349 hargrave 2023-02-19 09:02:04 
TT 450 311.1 -20.5 311.1 -20.5 6.65E-06 002.6 098.8 -30.8 0.017183 0.033152 0.015867 hargrave 2023-02-20 11:56:23 
TT 500 313.6 -15.5 313.6 -15.5 6.66E-06 006.5 104.4 -28.1 0.035840 0.053062 0.050933 hargrave 2023-02-20 17:20:35 
TT 550 298.7 -13.0 298.7 -13.0 6.32E-06 014.3 093.0 -17.8 0.040352 0.128432 0.121071 hargrave 2023-02-21 10:42:28 
TT 550 298.2 -18.5 298.2 -18.5 5.90E-06 011.0 089.2 -22.0 0.043447 0.075704 0.090070 hargrave 2023-02-21 12:48:06 
TT 557 306.6 -32.0 306.6 -32.0 3.49E-06 027.2 086.4 -37.3 0.043929 0.118660 0.132869 hargrave 2023-02-21 17:34:52 
TT 557 335.9 -52.7 335.9 -52.7 3.71E-06 009.8 081.2 -66.7 0.045589 0.048062 0.001237 hargrave 2023-02-21 18:54:05 
TT 561 328.2 -13.5 328.2 -13.5 4.32E-06 030.8 119.6 -33.9 0.056670 0.190800 0.169654 hargrave 2023-02-22 13:21:14 
TT 561 000.1 -32.0 000.1 -32.0 4.58E-06 009.9 148.3 -63.6 0.061355 0.054683 0.003443 hargrave 2023-02-22 14:22:48 
TT 565 323.1 -16.0 323.1 -16.0 2.95E-06 044.1 112.9 -33.5 0.056661 0.209760 0.191761 hargrave 2023-02-22 20:04:30 
TT 570 006.8 -58.4 006.8 -58.4 1.38E-06 068.0 060.5 -84.4 0.057410 0.184945 0.206166 hargrave 2023-02-23 14:15:21 
TT 570 073.6 -50.8 073.6 -50.8 4.25E-06 010.9 285.9 -56.4 0.059305 0.066187 0.003951 hargrave 2023-02-23 15:47:28 
