CS9- 5 mag compass orientation (IGRF corrected)
    5.9 298.1  48.0  43.7  54.6   1.0
NRM    336.4  38.3 336.4  38.3 4.72E-05 000.7 141.9  03.1 0.092094 0.057321 0.042310 hargrave 2023-02-02 21:07:44 
LT     327.1  39.7 327.1  39.7 4.42E-05 001.7 137.1  08.6 0.145448 0.179559 0.034227 hargrave 2023-02-05 15:30:39 
TT 150 328.1  05.5 328.1  05.5 1.80E-05 005.4 115.1 -17.8 0.156670 0.083331 0.009010 hargrave 2023-02-16 22:11:12 
TT 250 327.4  02.3 327.4  02.3 1.75E-05 002.1 112.3 -19.6 0.059290 0.049500 0.012812 hargrave 2023-02-17 14:40:16 
TT 350 324.2 -03.1 324.2 -03.1 1.53E-05 005.9 105.8 -21.3 0.147993 0.066983 0.017879 hargrave 2023-02-17 21:13:09 
TT 375 321.9 -05.5 321.9 -05.5 1.42E-05 001.8 102.2 -21.3 0.037453 0.043424 0.006835 hargrave 2023-02-18 15:34:34 
TT 400 320.9 -07.6 320.9 -07.6 1.37E-05 002.0 099.9 -21.9 0.041865 0.043705 0.009032 hargrave 2023-02-19 09:06:50 
TT 450 320.1 -09.3 320.1 -09.3 1.19E-05 009.3 097.9 -22.5 0.187262 0.057741 0.024685 hargrave 2023-02-20 12:01:08 
TT 450 319.7 -09.9 319.7 -09.9 1.19E-05 002.4 097.1 -22.6 0.043640 0.042932 0.018620 hargrave 2023-02-20 12:31:50 
TT 500 319.5 -10.7 319.5 -10.7 1.18E-05 003.4 096.4 -23.0 0.030051 0.063838 0.046023 hargrave 2023-02-20 17:25:21 
TT 550 316.9 -13.6 316.9 -13.6 8.15E-06 009.3 092.2 -23.0 0.034992 0.115881 0.090722 hargrave 2023-02-21 10:47:16 
TT 550 319.4 -16.1 319.4 -16.1 7.77E-06 007.1 091.7 -26.4 0.035767 0.080544 0.067153 hargrave 2023-02-21 12:52:03 
TT 557 327.5 -18.4 327.5 -18.4 6.80E-06 012.7 095.4 -33.9 0.045470 0.126115 0.095130 hargrave 2023-02-21 17:38:43 
TT 557 338.2 -28.6 338.2 -28.6 6.36E-06 004.3 091.9 -47.8 0.029842 0.048472 0.004253 hargrave 2023-02-21 18:57:56 
TT 561 320.2 -05.4 320.2 -05.4 8.71E-06 009.8 101.0 -20.0 0.039863 0.151461 0.092793 hargrave 2023-02-22 13:26:09 
TT 561 328.3 -12.6 328.3 -12.6 7.72E-06 004.4 101.1 -30.7 0.050334 0.058695 0.003848 hargrave 2023-02-22 14:28:56 
TT 565 316.1 -11.4 316.1 -11.4 6.19E-06 015.7 093.4 -21.0 0.040126 0.174795 0.106345 hargrave 2023-02-22 20:09:15 
TT 570 316.5 -10.6 316.5 -10.6 7.00E-06 014.5 094.4 -20.7 0.099032 0.152789 0.105200 hargrave 2023-02-23 14:20:08 
TT 570 323.3 -30.7 323.3 -30.7 6.07E-06 005.6 080.3 -37.9 0.044417 0.057728 0.004825 hargrave 2023-02-23 15:52:17 
