CS9- 4 mag compass orientation (IGRF corrected)
    5.8 301.1  51.0  43.7  54.6   1.0
NRM    332.6  57.5 332.6  57.5 2.64E-05 001.9 151.2  18.2 0.078725 0.054875 0.015096 hargrave 2023-02-02 21:05:37 
LT     352.7  59.4 352.7  59.4 2.55E-05 002.1 161.0  13.4 0.080065 0.091565 0.027605 hargrave 2023-02-05 15:28:44 
TT 150 341.3  25.7 341.3  25.7 1.14E-05 003.7 135.6 -10.4 0.060617 0.051831 0.029182 hargrave 2023-02-16 22:09:38 
TT 250 339.7  23.6 339.7  23.6 1.03E-05 003.4 133.1 -11.1 0.053390 0.038961 0.026261 hargrave 2023-02-17 14:38:37 
TT 350 341.3  21.9 341.3  21.9 8.97E-06 004.1 133.2 -13.4 0.045735 0.042862 0.034833 hargrave 2023-02-17 21:11:35 
TT 375 340.8  22.7 340.8  22.7 8.46E-06 004.4 133.4 -12.4 0.047880 0.047200 0.026861 hargrave 2023-02-18 15:32:59 
TT 400 342.3  22.9 342.3  22.9 8.14E-06 004.3 134.7 -13.1 0.046430 0.043951 0.024115 hargrave 2023-02-19 09:05:15 
TT 450 337.5  19.0 337.5  19.0 7.01E-06 004.6 128.5 -13.4 0.037162 0.037892 0.031553 hargrave 2023-02-20 11:59:34 
TT 500 342.5  23.7 342.5  23.7 8.28E-06 006.3 135.3 -12.6 0.048386 0.074019 0.049534 hargrave 2023-02-20 17:23:46 
TT 550 350.0  36.6 350.0  36.6 1.03E-05 009.2 148.0 -05.4 0.063864 0.140135 0.099466 hargrave 2023-02-21 10:45:41 
TT 550 346.4  32.9 346.4  32.9 9.97E-06 006.9 143.5 -07.0 0.059712 0.094754 0.068670 hargrave 2023-02-21 12:50:45 
TT 557 001.6  38.6 001.6  38.6 9.35E-06 010.0 157.2 -07.8 0.064392 0.133857 0.096020 hargrave 2023-02-21 17:37:26 
TT 557 011.3  34.3 011.3  34.3 8.94E-06 002.3 163.2 -14.4 0.056222 0.035683 0.002372 hargrave 2023-02-21 18:56:40 
TT 561 014.2  32.4 014.2  32.4 8.53E-06 012.3 165.1 -16.9 0.066933 0.150749 0.104149 hargrave 2023-02-22 13:24:30 
TT 561 026.0  26.2 026.0  26.2 8.41E-06 003.2 175.0 -24.6 0.069976 0.030703 0.003403 hargrave 2023-02-22 14:27:19 
TT 565 351.9  33.8 351.9  33.8 8.47E-06 011.0 148.0 -08.6 0.076269 0.124641 0.120985 hargrave 2023-02-22 20:07:41 
TT 570 010.9  40.3 010.9  40.3 7.63E-06 011.8 164.6 -08.6 0.069403 0.108013 0.116551 hargrave 2023-02-23 14:18:33 
TT 570 028.7  31.1 028.7  31.1 7.31E-06 003.4 177.8 -19.9 0.069933 0.032491 0.003741 hargrave 2023-02-23 15:50:42 
