CB1- 5a mag compass orientation (IGRF corrected)
      0 249.0  16.0 291.7  19.7   1.0
NRM    271.9  45.5 293.2  48.8 1.28E-02 000.8 125.4  37.7 15.49631 6.936797 8.419184 hargrave 2021-09-04 14:46:23 
NRM    269.8  44.8 290.7  48.8 1.28E-02 000.6 123.3  37.4 8.595706 7.920237 8.445831 hargrave 2021-09-05 14:35:52 
TT 200 264.2  40.8 282.5  47.1 1.16E-02 001.4 116.9  35.0 24.53645 13.74356 8.274870 hargrave 2021-09-06 13:15:09 
TT 300 263.6  40.1 281.4  46.7 9.78E-03 000.6 116.1  34.5 7.651020 3.078200 6.931076 hargrave 2021-09-07 11:46:53 
TT 325 258.0  38.5 274.7  47.1 6.77E-03 004.9 110.5  34.3 54.25894 20.60674 4.825304 hargrave 2021-09-08 08:45:02 
TT 350 258.9  38.5 275.7  46.8 5.72E-03 001.7 111.4  34.2 15.10882 6.024410 4.136243 hargrave 2021-09-08 15:59:25 
TT 375 260.0  39.1 277.1  47.0 5.44E-03 002.8 112.5  34.4 24.13458 9.908496 3.873762 hargrave 2021-09-10 08:10:00 
TT 400 258.9  38.5 275.6  46.8 5.23E-03 003.2 111.3  34.1 27.61800 9.861084 3.709495 hargrave 2021-09-13 08:08:19 
TT 425 256.1  38.3 272.6  47.5 4.91E-03 000.6 108.7  34.6 3.032543 1.746620 3.490096 hargrave 2021-09-27 08:45:38 
TT 450 254.4  37.8 270.5  47.6 4.50E-03 000.6 107.0  34.6 2.768145 1.654023 3.316586 hargrave 2021-09-27 18:08:03 
TT 475 253.0  37.4 268.7  47.7 4.01E-03 000.9 105.5  34.6 5.257188 2.794069 3.066484 hargrave 2021-10-14 15:29:20 
TT 500 256.5  38.3 273.0  47.4 3.67E-03 004.1 109.1  34.6 24.70112 9.553121 2.749995 hargrave 2021-10-16 13:24:17 
TT 510 255.9  38.2 272.3  47.5 3.40E-03 000.6 108.5  34.6 2.090793 1.674617 2.512392 hargrave 2021-10-17 16:47:09 
TT 520 255.8  38.1 272.1  47.4 3.20E-03 002.3 108.4  34.6 11.77936 5.132337 2.384969 hargrave 2021-10-18 15:55:03 
TT 530 257.6  38.7 274.5  47.4 3.03E-03 000.6 110.3  34.7 1.847116 1.338563 2.153338 hargrave 2021-10-19 12:45:02 
TT 535 255.8  38.0 272.1  47.4 2.87E-03 001.5 108.4  34.5 6.363087 3.063648 2.131416 hargrave 2021-10-20 11:55:41 
TT 535 256.3  38.2 272.8  47.4 2.86E-03 001.9 108.9  34.5 8.356661 4.187922 2.099454 hargrave 2021-10-20 13:35:42 
TT 540 258.5  39.1 275.5  47.5 2.73E-03 001.3 111.2  34.8 5.607916 1.641119 1.825146 hargrave 2021-10-22 08:55:08 
TT 545 259.7  39.0 276.8  47.0 2.60E-03 002.7 112.3  34.5 11.06393 5.473043 1.875816 hargrave 2021-10-22 18:07:02 
TT 550 255.1  37.8 271.2  47.4 1.31E-03 002.8 107.6  34.5 5.800701 2.443815 1.027616 hargrave 2021-10-24 11:02:02 
TT 555 260.0  39.2 277.2  47.1 1.28E-03 002.2 112.5  34.5 4.036100 2.505529 0.985296 hargrave 2021-10-25 09:08:04 
TT 560 254.9  38.0 271.1  47.7 9.29E-04 003.5 107.5  34.7 5.157592 2.127998 0.720984 hargrave 2021-10-25 18:15:22 
TT 567 258.5  38.8 275.4  47.2 9.04E-04 001.6 111.1  34.5 2.013224 1.309901 0.698426 hargrave 2021-10-26 14:21:58 
TT 575 256.4  38.6 273.1  47.7 6.70E-04 002.7 109.2  34.9 2.764023 1.375602 0.513260 hargrave 2021-10-27 12:15:04 
TT 582 259.2  39.0 276.2  47.2 6.15E-04 002.2 111.8  34.6 2.033801 1.124253 0.474497 hargrave 2021-10-27 18:20:56 
TT 589 259.1  39.9 276.7  48.0 5.16E-04 001.5 112.0  35.4 1.084625 0.723580 0.385985 hargrave 2021-10-28 16:02:58 
TT 610 256.5  40.0 274.0  48.9 4.02E-04 002.5 109.8  36.2 1.564141 0.864740 0.286089 hargrave 2021-11-22 17:08:54 
TT 625 254.7  40.3 272.3  49.8 3.20E-04 001.7 108.3  36.9 0.948545 0.128730 0.221003 hargrave 2021-11-23 13:56:23 
TT 640 260.1  40.4 278.1  48.1 2.98E-04 000.4 113.1  35.6 0.171032 0.189558 0.204080 hargrave 2021-11-24 10:23:03 
