CB10- 2a mag compass orientation (IGRF corrected)
      0 117.0  58.0 274.8  10.4   1.0
NRM    290.1  73.2 316.5  68.1 1.05E-02 004.5 199.0  28.6 22.23390 78.53188 14.37570 hargrave 2021-10-29 11:10:52 
TT 100 276.8  68.9 301.5  66.3 8.71E-03 003.8 201.5  22.9 17.63548 54.34028 12.05490 hargrave 2021-10-29 18:41:13 
TT 200 260.0  56.0 275.8  57.3 5.64E-03 001.3 206.9  08.9 3.588843 9.366479 7.594854 hargrave 2021-10-30 15:27:39 
TT 300 261.7  44.5 272.1  46.0 4.78E-03 005.0 215.6  01.3 24.57656 33.18522 7.166365 hargrave 2021-11-01 09:30:25 
TT 325 257.6  44.6 268.1  46.8 4.44E-03 002.9 213.4 -00.7 11.82896 18.12121 5.068605 hargrave 2021-11-01 15:11:52 
TT 350 258.0  43.3 268.0  45.5 4.13E-03 002.6 214.4 -01.4 10.28450 14.90215 6.057543 hargrave 2021-11-02 11:01:16 
TT 375 261.8  38.7 270.3  40.2 3.79E-03 003.6 219.7 -02.9 14.70473 18.28309 4.648392 hargrave 2021-11-02 16:25:38 
TT 400 268.4  33.3 275.3  33.8 3.54E-03 009.4 227.3 -02.8 43.32767 39.73930 4.886170 hargrave 2021-11-03 11:37:06 
TT 400 260.8  39.7 269.7  41.4 3.59E-03 000.6 218.4 -02.7 1.378070 0.890641 3.734456 hargrave 2021-11-03 12:47:17 
TT 420 258.1  39.6 266.9  41.8 3.26E-03 002.7 217.0 -04.2 8.959036 11.55008 4.398146 hargrave 2021-11-04 12:48:48 
TT 440 258.0  38.8 266.6  41.1 3.06E-03 001.7 217.4 -04.8 5.576467 5.943136 4.680663 hargrave 2021-11-05 08:29:09 
TT 460 260.0  37.3 268.1  39.2 2.84E-03 001.7 219.6 -04.9 4.813901 5.876965 3.685839 hargrave 2021-11-05 19:34:04 
TT 480 261.0  36.0 268.7  37.8 2.52E-03 003.4 221.1 -05.3 9.697485 10.80221 3.512658 hargrave 2021-11-06 14:57:56 
TT 500 257.9  38.0 266.1  40.3 2.23E-03 002.5 217.9 -05.5 5.889933 7.073195 2.882919 hargrave 2021-11-07 13:04:29 
TT 520 257.3  38.7 265.8  41.1 1.89E-03 003.2 217.1 -05.3 6.353937 8.156383 2.425583 hargrave 2021-11-08 10:55:57 
TT 530 256.1  37.9 264.4  40.5 1.62E-03 001.6 216.9 -06.4 2.702563 3.393791 1.680670 hargrave 2021-11-09 11:13:13 
TT 540 258.5  38.0 266.8  40.2 1.39E-03 002.5 218.3 -05.2 3.821230 4.440376 1.615675 hargrave 2021-11-09 20:22:35 
TT 550 256.7  35.6 264.3  38.2 9.19E-04 000.6 218.8 -07.9 0.430506 0.315414 0.928098 hargrave 2021-11-10 14:20:21 
TT 555 256.4  34.5 263.6  37.1 7.87E-04 002.1 219.3 -08.9 2.167085 1.743029 0.777570 hargrave 2021-11-11 09:06:06 
TT 560 256.8  35.8 264.4  38.3 6.78E-04 002.1 218.7 -07.7 1.662595 1.790280 0.628392 hargrave 2021-11-12 09:09:25 
TT 565 255.6  35.9 263.2  38.7 5.48E-04 003.1 217.9 -08.3 1.791273 2.256268 0.614944 hargrave 2021-11-12 16:57:09 
TT 570 258.5  35.2 266.0  37.4 4.86E-04 004.2 220.2 -07.2 2.251646 2.741052 0.533096 hargrave 2021-11-13 13:32:16 
TT 576 260.6  33.1 267.5  35.1 4.33E-04 001.6 222.8 -07.6 0.814379 0.706095 0.495468 hargrave 2021-11-14 14:44:22 
TT 581 255.6  39.5 264.3  42.1 3.26E-04 000.6 215.6 -05.5 0.167425 0.356949 0.263850 hargrave 2021-11-16 09:49:18 
TT 586 259.5  35.8 267.2  37.8 2.29E-04 004.4 220.4 -06.3 1.317168 1.199454 0.259350 hargrave 2021-11-17 09:59:25 
TT 589 255.9  39.0 264.5  41.6 2.17E-04 001.3 216.0 -05.7 0.189797 0.415709 0.206129 hargrave 2021-11-17 16:36:30 
TT 600 264.0  25.6 269.1  27.2 7.28E-05 001.7 230.3 -10.8 0.105046 0.200882 0.094953 hargrave 2021-11-18 16:15:47 
