CB11- 8a mag compass orientation (IGRF corrected)
      0 290.0  11.0 274.8  10.4   1.0
NRM    315.6  80.5 341.0  71.9 1.31E-02 000.4 150.0  72.6 7.336439 4.386921 5.093199 hargrave 2021-10-29 11:33:00 
TT 100 289.8  80.3 328.3  74.1 1.15E-02 001.1 138.0  75.4 16.86536 12.55824 3.452224 hargrave 2021-10-29 19:03:21 
TT 200 251.0  75.5 293.1  76.0 9.50E-03 001.2 098.8  78.6 18.60813 6.236681 1.583929 hargrave 2021-10-30 15:48:55 
TT 300 242.5  71.3 275.4  74.3 8.57E-03 001.2 076.8  77.2 17.67245 4.631009 1.750304 hargrave 2021-11-01 09:47:34 
TT 325 240.5  70.1 270.9  73.6 8.02E-03 001.0 071.3  76.5 14.28676 2.254249 1.585821 hargrave 2021-11-01 15:29:48 
TT 350 240.0  69.6 269.5  73.3 7.67E-03 000.8 069.6  76.2 10.86195 2.202590 1.405092 hargrave 2021-11-02 11:19:13 
TT 375 239.1  68.3 266.4  72.4 7.18E-03 000.6 065.9  75.2 5.995577 3.983714 1.857984 hargrave 2021-11-02 16:43:37 
TT 400 237.2  66.8 262.0  71.3 6.58E-03 000.4 060.8  74.2 3.914088 2.336827 1.479425 hargrave 2021-11-03 11:57:37 
TT 420 236.7  66.5 261.2  71.2 6.23E-03 000.4 059.9  74.0 3.502617 3.206831 1.373479 hargrave 2021-11-04 13:05:51 
TT 440 238.0  66.5 262.5  71.0 5.91E-03 001.8 061.5  73.8 17.21643 5.990947 1.367679 hargrave 2021-11-05 08:46:48 
TT 460 237.3  66.2 261.4  70.8 5.57E-03 000.9 060.2  73.6 8.368165 2.011430 1.362804 hargrave 2021-11-05 19:51:25 
TT 480 236.9  66.2 261.0  70.9 5.29E-03 001.5 059.7  73.7 13.17307 4.190958 1.237418 hargrave 2021-11-06 15:15:06 
TT 500 236.1  66.0 259.8  70.8 5.04E-03 002.2 058.3  73.7 18.61699 6.334675 1.398479 hargrave 2021-11-07 13:23:02 
TT 520 235.8  65.9 259.2  70.7 4.66E-03 001.2 057.6  73.6 9.381253 2.773286 1.127707 hargrave 2021-11-08 11:16:33 
TT 530 234.5  65.3 257.1  70.5 4.32E-03 001.3 055.2  73.3 9.149290 3.748642 0.972096 hargrave 2021-11-09 11:34:37 
TT 540 234.4  65.1 256.7  70.3 4.11E-03 000.9 054.8  73.1 5.844331 2.125687 0.991808 hargrave 2021-11-09 20:43:53 
TT 550 236.0  65.1 258.5  70.0 3.77E-03 000.5 056.8  72.8 1.470348 2.679212 0.886052 hargrave 2021-11-10 14:40:55 
TT 555 236.2  65.2 258.8  70.1 3.43E-03 000.9 057.3  72.9 4.509305 3.155468 1.109412 hargrave 2021-11-11 09:26:38 
TT 560 236.3  64.7 258.5  69.6 3.10E-03 000.4 056.9  72.4 1.963533 0.824216 0.755320 hargrave 2021-11-12 09:29:56 
TT 565 235.4  64.0 256.6  69.1 2.29E-03 000.6 054.7  71.9 2.416822 1.077989 0.557508 hargrave 2021-11-12 17:18:07 
TT 570 232.0  64.3 253.0  70.0 2.02E-03 001.3 050.5  72.7 4.554239 0.962647 0.537394 hargrave 2021-11-13 13:52:51 
TT 576 233.7  66.0 257.0  71.2 1.60E-03 000.9 055.0  74.0 2.291738 1.108673 0.627090 hargrave 2021-11-14 15:04:54 
TT 581 226.5  65.0 247.2  71.5 1.18E-03 000.9 043.5  74.1 1.554641 1.060085 0.262515 hargrave 2021-11-16 10:10:06 
TT 586 240.5  64.7 263.1  68.9 8.89E-04 001.6 062.3  71.7 2.143490 1.176254 0.413062 hargrave 2021-11-17 10:20:12 
TT 589 230.9  67.4 255.7  72.9 7.92E-04 000.9 053.1  75.7 0.452520 1.140237 0.165621 hargrave 2021-11-17 16:57:09 
TT 600 225.8  63.3 244.5  70.0 6.11E-04 001.0 040.8  72.5 0.278079 1.139038 0.198079 hargrave 2021-11-18 16:36:28 
