CB11- 2a mag compass orientation (IGRF corrected)
      0 111.0  24.0 274.8  10.4   1.0
NRM    342.3  68.2 349.1  58.3 1.27E-02 001.1 244.2  75.0 11.95596 21.08479 5.792877 hargrave 2021-10-29 11:25:20 
TT 100 341.6  68.9 348.8  59.1 1.26E-02 000.7 241.1  74.9 4.123925 14.41143 5.489332 hargrave 2021-10-29 18:54:53 
TT 200 319.3  70.6 334.1  62.3 8.66E-03 000.9 230.7  67.8 6.483796 9.977939 5.598304 hargrave 2021-10-30 15:41:15 
TT 300 298.6  71.2 320.1  65.2 7.01E-03 001.2 222.7  61.9 3.122935 14.04526 5.376458 hargrave 2021-11-01 09:41:07 
TT 325 287.4  72.2 313.4  67.6 6.50E-03 001.7 217.0  59.6 2.996488 17.79297 7.340466 hargrave 2021-11-01 15:23:25 
TT 350 287.6  69.2 310.3  64.9 6.09E-03 002.8 221.6  57.7 12.88074 26.37454 6.827663 hargrave 2021-11-02 11:12:52 
TT 375 278.9  69.7 304.1  66.6 5.65E-03 001.0 217.1  55.8 4.638212 6.327272 6.130343 hargrave 2021-11-02 16:36:27 
TT 400 279.1  68.2 302.6  65.3 5.46E-03 001.0 219.1  54.8 3.297698 6.596769 6.594863 hargrave 2021-11-03 11:49:39 
TT 420 275.6  67.4 298.9  65.1 5.12E-03 002.1 218.3  53.3 5.147398 16.67934 6.292049 hargrave 2021-11-04 12:59:31 
TT 440 271.1  67.9 295.7  66.3 4.94E-03 002.4 215.6  52.6 5.940822 18.61371 6.320779 hargrave 2021-11-05 08:40:31 
TT 460 269.6  67.1 293.6  65.8 4.67E-03 002.8 215.7  51.6 7.818447 20.69750 6.497691 hargrave 2021-11-05 19:45:15 
TT 480 272.3  66.0 294.8  64.4 4.50E-03 002.9 218.1  51.4 8.584553 20.12280 6.265322 hargrave 2021-11-06 15:08:42 
TT 500 262.9  67.8 288.5  67.6 4.34E-03 001.1 211.7  50.6 4.162085 3.217184 6.311433 hargrave 2021-11-07 13:16:43 
TT 520 270.0  66.5 293.2  65.2 3.99E-03 002.9 216.5  51.2 7.849501 17.51242 5.376974 hargrave 2021-11-08 11:08:51 
TT 530 263.6  64.8 285.9  64.8 3.33E-03 001.7 214.6  48.3 2.256692 9.071714 4.013284 hargrave 2021-11-09 11:26:06 
TT 540 272.6  63.2 292.5  61.8 3.07E-03 003.7 220.9  49.3 10.11395 16.50331 3.686215 hargrave 2021-11-09 20:35:25 
TT 550 265.5  65.6 288.3  65.2 2.60E-03 004.0 215.0  49.4 7.713219 15.98930 3.072247 hargrave 2021-11-10 14:33:16 
TT 555 279.4  67.0 301.6  64.1 2.58E-03 001.2 220.6  54.0 1.717230 4.457263 2.705671 hargrave 2021-11-11 09:18:57 
TT 560 276.6  69.6 302.1  66.9 2.07E-03 002.7 216.3  55.2 4.251761 8.471973 1.925179 hargrave 2021-11-12 09:22:15 
TT 565 265.0  64.8 287.2  64.6 1.29E-03 002.4 215.4  48.7 1.556064 4.911773 1.587634 hargrave 2021-11-12 17:10:19 
TT 570 268.7  69.8 296.0  68.4 1.14E-03 001.7 212.5  53.5 0.278078 3.247426 1.171463 hargrave 2021-11-13 13:45:10 
TT 576 275.9  66.3 298.0  64.0 8.50E-04 001.9 219.7  52.5 0.902177 2.391575 1.198118 hargrave 2021-11-14 14:57:13 
TT 581 284.8  72.0 311.2  67.8 6.80E-04 001.0 216.3  58.8 0.449149 1.018836 0.480431 hargrave 2021-11-16 10:02:19 
TT 586 269.8  70.8 298.3  69.1 5.16E-04 002.6 211.9  54.5 1.119936 2.029959 0.730352 hargrave 2021-11-17 10:12:23 
TT 589 268.9  64.0 289.9  63.2 4.91E-04 002.9 218.2  48.9 0.791434 2.297727 0.557828 hargrave 2021-11-17 16:49:27 
TT 600 272.8  68.8 298.1  66.8 2.58E-04 004.4 215.5  53.7 0.532475 1.879377 0.367704 hargrave 2021-11-18 16:28:45 
