CB12- 8a mag compass orientation (IGRF corrected)
      0 216.0   8.0 274.8  10.4   1.0
NRM    304.1  57.4 316.0  51.3 1.58E-02 002.3 178.4  49.4 11.28990 62.36227 15.19577 hargrave 2021-10-29 11:49:49 
TT 100 299.6  55.7 311.5  50.3 1.36E-02 002.2 174.6  47.7 13.20803 49.00260 12.90991 hargrave 2021-10-29 19:18:27 
TT 200 282.0  47.8 292.8  45.5 1.04E-02 001.5 159.0  40.4 13.05116 20.99024 10.72672 hargrave 2021-10-30 16:04:52 
TT 300 274.7  43.6 284.5  42.8 9.36E-03 005.1 152.1  36.7 42.36947 71.47961 11.29782 hargrave 2021-11-01 10:01:47 
TT 325 270.1  41.6 279.3  41.7 8.80E-03 003.0 147.6  35.0 25.56880 37.39113 9.381533 hargrave 2021-11-01 15:42:30 
TT 350 269.9  41.0 279.0  41.1 8.56E-03 001.7 147.4  34.4 15.40192 19.16757 9.542053 hargrave 2021-11-02 11:32:47 
TT 375 267.2  40.4 276.2  41.0 8.29E-03 001.5 144.9  34.0 13.93727 14.68106 8.798503 hargrave 2021-11-02 16:58:01 
TT 400 272.2  40.1 280.9  39.8 7.92E-03 002.5 149.3  33.4 19.24604 27.43454 9.499568 hargrave 2021-11-03 12:14:25 
TT 420 267.5  39.5 276.2  40.0 7.44E-03 001.8 145.1  33.1 14.79115 16.95298 8.868508 hargrave 2021-11-04 13:20:06 
TT 440 268.8  39.6 277.5  39.9 7.17E-03 005.5 146.2  33.1 41.22339 55.36125 8.723604 hargrave 2021-11-05 09:00:20 
TT 460 267.6  39.3 276.2  39.9 6.92E-03 002.4 145.1  32.9 17.47541 21.93463 8.424689 hargrave 2021-11-05 20:03:52 
TT 480 264.5  39.1 273.1  40.2 6.55E-03 001.8 142.2  32.9 13.75441 14.07939 8.175326 hargrave 2021-11-06 15:28:32 
TT 500 267.9  39.3 276.5  39.8 6.04E-03 003.2 145.4  32.9 20.26498 25.82284 7.568396 hargrave 2021-11-07 13:36:58 
TT 520 267.0  39.6 275.7  40.2 5.27E-03 003.6 144.6  33.2 19.56838 26.39795 5.469237 hargrave 2021-11-08 11:31:48 
TT 530 267.3  39.2 275.9  39.8 4.82E-03 004.4 144.8  32.8 21.70876 30.09964 4.774514 hargrave 2021-11-09 11:49:02 
TT 540 269.1  39.7 277.8  39.9 4.30E-03 004.8 146.5  33.1 20.22198 29.46230 4.391931 hargrave 2021-11-09 20:58:57 
TT 550 270.4  39.6 279.1  39.6 3.49E-03 006.3 147.7  33.0 20.81789 32.48645 3.600348 hargrave 2021-11-10 14:56:11 
TT 555 264.1  38.9 272.7  40.1 2.96E-03 003.2 141.8  32.8 10.24034 12.49179 2.644305 hargrave 2021-11-11 09:40:58 
TT 560 266.9  39.0 275.4  39.7 2.87E-03 000.9 144.4  32.6 2.674908 2.889407 2.496356 hargrave 2021-11-12 09:45:52 
TT 565 267.7  38.7 276.1  39.3 2.47E-03 003.7 145.1  32.3 9.008436 12.96944 2.501285 hargrave 2021-11-12 17:33:17 
TT 570 269.2  39.7 277.9  39.9 2.38E-03 000.5 146.6  33.1 1.046211 0.674847 2.056044 hargrave 2021-11-13 14:07:16 
TT 576 269.1  40.4 278.0  40.6 2.24E-03 004.9 146.6  33.8 10.34413 15.93805 2.430453 hargrave 2021-11-14 15:20:01 
TT 581 267.1  40.1 275.9  40.8 1.90E-03 001.5 144.7  33.8 2.988915 3.874121 1.483368 hargrave 2021-11-16 10:24:36 
TT 586 264.1  39.2 272.8  40.4 1.23E-03 002.7 141.9  33.1 3.338974 4.616807 1.077839 hargrave 2021-11-17 10:34:53 
TT 589 267.9  37.9 276.1  38.4 1.11E-03 001.2 145.2  31.4 0.900463 2.124761 0.989692 hargrave 2021-11-17 17:12:22 
TT 600 255.3  45.4 266.1  48.0 3.92E-04 002.0 134.8  40.1 0.567910 1.357056 0.377719 hargrave 2021-11-18 16:51:41 
TT 610 270.7  44.4 280.9  44.2 3.09E-04 002.4 148.5  37.7 0.460119 1.237600 0.306099 hargrave 2021-11-22 16:46:38 
TT 625 276.8  35.9 284.1  34.9 2.34E-04 002.7 153.1  28.8 0.183527 1.124962 0.212239 hargrave 2021-11-23 13:35:14 
TT 640 263.4  34.5 270.7  35.9 1.90E-04 001.3 140.6  28.4 0.072525 0.508613 0.382843 hargrave 2021-11-24 10:01:48 
