CB12- 1a mag compass orientation (IGRF corrected)
      0 299.0   9.0 274.8  10.4   1.0
NRM    285.0  54.5 298.3  51.5 2.13E-02 001.7 088.8  55.7 63.65382 5.815946 9.415073 hargrave 2021-10-29 11:36:34 
TT 100 283.0  52.2 295.5  49.6 1.98E-02 001.8 085.8  53.8 61.88034 5.194483 9.308590 hargrave 2021-10-29 19:07:44 
TT 200 276.3  47.3 287.3  46.0 1.71E-02 004.6 077.1  50.0 134.7868 29.40000 8.857947 hargrave 2021-10-30 15:52:23 
TT 300 269.3  42.5 278.9  42.6 1.53E-02 005.4 068.3  46.4 137.5896 47.65532 11.39967 hargrave 2021-11-01 09:50:35 
TT 325 264.6  40.1 273.5  41.1 1.46E-02 003.9 062.7  44.7 89.86885 38.44064 10.70260 hargrave 2021-11-01 15:33:33 
TT 350 268.2  39.8 277.0  40.2 1.42E-02 004.5 066.4  43.9 103.0949 38.90954 10.67342 hargrave 2021-11-02 11:23:04 
TT 375 263.8  37.9 272.1  39.2 1.38E-02 001.8 061.3  42.7 39.47726 12.40688 11.49858 hargrave 2021-11-02 16:46:41 
TT 400 264.0  37.0 271.9  38.3 1.30E-02 000.9 061.2  41.8 10.34113 14.63750 11.08633 hargrave 2021-11-03 12:00:44 
TT 420 261.7  36.3 269.5  38.0 1.23E-02 002.8 058.7  41.4 53.45063 23.53505 11.48104 hargrave 2021-11-04 13:08:58 
TT 440 263.7  36.3 271.5  37.7 1.16E-02 004.6 060.8  41.2 83.52039 42.52040 10.21548 hargrave 2021-11-05 08:49:49 
TT 460 262.1  36.0 269.8  37.6 1.09E-02 002.2 059.0  41.0 37.46004 15.78988 9.696790 hargrave 2021-11-05 19:54:22 
TT 480 260.7  35.8 268.4  37.7 1.03E-02 001.3 057.6  41.1 21.14731 6.300717 9.975537 hargrave 2021-11-06 15:18:07 
TT 500 262.0  36.2 269.7  37.8 9.23E-03 004.8 059.0  41.2 68.57770 34.73965 8.796286 hargrave 2021-11-07 13:25:58 
TT 520 263.1  36.8 271.0  38.2 6.92E-03 002.0 060.3  41.7 22.41818 8.477194 5.959317 hargrave 2021-11-08 11:20:58 
TT 530 259.7  35.7 267.4  37.8 6.00E-03 001.8 056.5  41.1 16.97028 7.275277 5.135911 hargrave 2021-11-09 11:38:13 
TT 540 260.9  36.1 268.7  37.9 5.39E-03 004.5 057.9  41.3 37.14575 20.61078 4.547191 hargrave 2021-11-09 20:47:27 
TT 550 263.6  36.4 271.4  37.7 4.22E-03 003.5 060.7  41.2 23.54637 10.74394 3.448546 hargrave 2021-11-10 14:45:22 
TT 555 260.3  35.8 268.0  37.8 3.38E-03 004.9 057.1  41.1 24.07387 15.54780 2.814169 hargrave 2021-11-11 09:30:12 
TT 560 261.2  35.5 268.8  37.3 3.09E-03 005.0 058.0  40.7 23.25804 13.96342 2.728207 hargrave 2021-11-12 09:33:30 
TT 565 263.6  35.2 271.0  36.6 2.22E-03 001.2 060.4  40.0 4.227793 0.599801 1.782462 hargrave 2021-11-12 17:21:41 
TT 570 261.9  35.9 269.6  37.6 2.05E-03 003.5 058.8  41.0 11.60869 4.818519 1.784110 hargrave 2021-11-13 13:56:30 
TT 576 262.1  37.3 270.2  38.9 1.76E-03 002.7 059.4  42.4 7.424928 3.604552 1.109353 hargrave 2021-11-14 15:08:28 
TT 581 261.0  36.2 268.7  38.0 1.51E-03 001.7 057.9  41.4 3.757964 2.244946 1.142327 hargrave 2021-11-16 10:13:45 
TT 586 261.5  32.7 268.4  34.5 1.22E-03 001.0 057.8  37.9 1.690798 1.325535 0.800271 hargrave 2021-11-17 10:23:51 
TT 589 264.0  35.7 271.6  37.0 1.03E-03 003.1 061.0  40.5 5.353510 1.662012 0.790297 hargrave 2021-11-17 17:00:45 
TT 600 261.2  32.5 268.0  34.4 7.15E-04 001.8 057.4  37.7 2.235332 0.368267 0.540247 hargrave 2021-11-18 16:40:04 
TT 610 276.9  47.6 288.0  46.2 1.69E-04 002.2 077.8  50.3 0.481307 0.537037 0.104914 hargrave 2021-11-22 16:32:49 
TT 625 255.5  50.4 268.3  52.7 1.15E-04 003.1 055.9  56.1 0.152362 0.670920 0.049472 hargrave 2021-11-23 13:21:37 
TT 640 208.0  61.6 219.5  70.8 1.20E-04 007.2 358.6  70.6 1.134083 1.162284 0.313866 hargrave 2021-11-24 09:48:58 
