CB12- 5a mag compass orientation (IGRF corrected)
      0  90.0  70.0 274.8  10.4   1.0
NRM    280.8  61.3 298.3  58.6 5.98E-03 002.2 210.7  22.6 9.583529 19.17962 7.796824 hargrave 2021-10-29 11:43:34 
TT 100 275.0  53.4 288.7  52.1 5.41E-03 003.4 218.9  18.9 18.47475 25.37165 7.286533 hargrave 2021-10-29 19:13:53 
TT 200 261.9  48.8 274.0  50.0 4.76E-03 001.1 221.5  09.8 4.848520 4.970414 5.470842 hargrave 2021-10-30 16:00:18 
TT 300 260.0  43.6 270.1  45.4 4.42E-03 000.8 225.9  06.8 2.492051 1.647820 5.336311 hargrave 2021-11-01 09:57:17 
TT 325 259.9  41.3 269.3  43.2 4.02E-03 005.7 228.0  05.9 29.38293 27.36169 4.913167 hargrave 2021-11-01 15:38:43 
TT 350 257.4  45.2 268.1  47.3 3.89E-03 003.9 223.8  05.6 17.47017 19.07286 5.715453 hargrave 2021-11-02 11:28:10 
TT 375 258.1  42.8 268.0  44.9 3.75E-03 002.3 226.1  05.2 9.470698 10.30269 5.078278 hargrave 2021-11-02 16:53:23 
TT 400 256.5  44.7 267.0  47.1 3.50E-03 003.4 223.9  04.8 13.57473 14.81432 5.011362 hargrave 2021-11-03 12:07:25 
TT 420 257.2  43.1 267.1  45.4 3.24E-03 002.9 225.6  04.7 10.90597 11.30451 4.578438 hargrave 2021-11-04 13:16:15 
TT 440 258.0  41.6 267.4  43.8 3.12E-03 006.1 227.2  04.6 23.84362 22.53042 4.665990 hargrave 2021-11-05 08:55:43 
TT 460 257.5  42.1 267.1  44.4 2.98E-03 003.6 226.6  04.5 13.02019 12.95213 4.372210 hargrave 2021-11-05 20:00:10 
TT 480 257.4  41.9 266.9  44.2 2.86E-03 001.6 226.8  04.4 4.838157 4.964272 4.141693 hargrave 2021-11-06 15:24:43 
TT 500 257.0  43.5 267.1  45.8 2.66E-03 005.1 225.2  04.7 16.55130 16.57231 3.883424 hargrave 2021-11-07 13:32:28 
TT 520 258.0  41.9 267.5  44.0 2.34E-03 003.7 227.0  04.8 10.71279 10.36198 3.208149 hargrave 2021-11-08 11:27:13 
TT 530 257.2  42.7 267.0  45.0 2.14E-03 001.8 225.9  04.5 4.237600 4.405930 2.642932 hargrave 2021-11-09 11:44:26 
TT 540 257.0  42.2 266.6  44.6 2.00E-03 002.9 226.3  04.2 6.769382 6.912783 2.452782 hargrave 2021-11-09 20:54:24 
TT 550 257.5  42.8 267.4  45.1 1.68E-03 007.0 225.9  04.8 14.60172 14.55968 2.105488 hargrave 2021-11-10 14:51:36 
TT 555 256.1  44.6 266.6  47.0 1.43E-03 006.0 223.9  04.6 10.22498 10.70820 1.932392 hargrave 2021-11-11 09:36:23 
TT 560 258.9  40.8 268.0  42.9 1.35E-03 003.6 228.2  05.0 6.053303 5.675217 1.596579 hargrave 2021-11-12 09:41:18 
TT 565 258.4  40.5 267.5  42.6 1.01E-03 002.2 228.4  04.5 2.663586 2.695904 1.193131 hargrave 2021-11-12 17:28:42 
TT 570 257.9  44.6 268.4  46.7 9.66E-04 002.3 224.4  05.7 2.440670 2.754024 1.160183 hargrave 2021-11-13 14:02:40 
TT 576 258.9  41.3 268.3  43.3 8.61E-04 004.3 227.8  05.2 4.705593 4.293204 1.118732 hargrave 2021-11-14 15:14:38 
TT 581 259.5  42.0 269.1  43.9 7.42E-04 001.1 227.2  05.8 0.813236 0.685461 0.893738 hargrave 2021-11-16 10:19:59 
TT 586 257.7  42.4 267.4  44.6 5.52E-04 000.8 226.4  04.7 0.315139 0.322628 0.672312 hargrave 2021-11-17 10:30:09 
TT 589 258.5  45.1 269.1  47.1 5.05E-04 003.4 224.1  06.3 1.957758 2.213857 0.624177 hargrave 2021-11-17 17:07:46 
TT 600 257.1  43.2 267.0  45.5 3.21E-04 003.0 225.4  04.6 1.080210 1.219598 0.414249 hargrave 2021-11-18 16:47:06 
TT 610 258.3  45.0 268.9  47.1 2.06E-04 002.3 224.1  06.1 0.534062 0.594273 0.262631 hargrave 2021-11-22 16:39:11 
TT 625 256.4  40.2 265.3  42.7 1.71E-04 005.6 228.0  03.0 1.217029 1.135699 0.220578 hargrave 2021-11-23 13:28:38 
TT 640 254.7  49.3 267.0  51.8 1.29E-04 003.9 219.2  05.6 0.581593 0.640005 0.198628 hargrave 2021-11-24 09:55:12 
