CB12- 4a mag compass orientation (IGRF corrected)
      0 264.0   1.0 274.8  10.4   1.0
NRM    259.7  47.2 271.2  48.9 1.79E-02 001.3 086.8  47.3 40.48277 5.983508 9.645386 hargrave 2021-10-29 11:41:08 
TT 100 264.0  46.6 275.2  47.6 1.79E-02 003.8 091.1  46.6 117.5117 5.214700 9.854266 hargrave 2021-10-29 19:12:17 
TT 200 256.1  44.5 266.5  47.0 1.93E-02 003.3 083.0  44.7 109.5345 12.93121 10.93704 hargrave 2021-10-30 15:58:43 
TT 300 260.4  44.3 270.7  46.0 1.98E-02 000.9 087.4  44.3 26.96559 7.635322 11.93690 hargrave 2021-11-01 09:55:56 
TT 325 258.2  44.2 268.5  46.2 1.95E-02 004.1 085.1  44.3 140.1254 12.83421 11.18304 hargrave 2021-11-01 15:37:24 
TT 350 257.3  44.1 267.6  46.4 1.93E-02 004.6 084.3  44.2 154.7592 16.97932 11.04822 hargrave 2021-11-02 11:26:51 
TT 375 258.1  44.0 268.3  46.1 1.90E-02 003.1 085.0  44.1 101.4915 10.56331 10.80723 hargrave 2021-11-02 16:51:16 
TT 400 260.4  44.0 270.7  45.7 1.81E-02 000.9 087.4  44.0 25.80111 3.180715 10.43733 hargrave 2021-11-03 12:06:06 
TT 420 257.4  43.7 267.5  45.9 1.66E-02 002.4 084.4  43.8 69.47331 6.754933 9.628349 hargrave 2021-11-04 13:13:30 
TT 440 259.3  43.8 269.5  45.7 1.60E-02 003.5 086.3  43.9 96.48237 9.311262 9.343692 hargrave 2021-11-05 08:54:24 
TT 460 259.0  43.8 269.1  45.7 1.55E-02 000.5 085.9  43.8 11.82304 2.578773 9.000534 hargrave 2021-11-05 19:58:51 
TT 480 257.8  43.7 267.9  45.8 1.50E-02 001.9 084.8  43.8 48.56310 5.423279 8.823777 hargrave 2021-11-06 15:23:24 
TT 500 262.4  43.8 272.6  45.1 1.45E-02 002.9 089.4  43.8 73.92669 3.117832 8.749748 hargrave 2021-11-07 13:31:09 
TT 520 257.5  43.9 267.7  46.1 1.39E-02 001.6 084.4  44.0 37.94392 4.730690 7.999427 hargrave 2021-11-08 11:25:36 
TT 530 259.3  44.0 269.6  45.9 1.34E-02 003.6 086.3  44.1 83.83320 5.041080 7.673656 hargrave 2021-11-09 11:42:49 
TT 540 258.8  44.0 269.1  46.0 1.29E-02 003.7 085.8  44.1 83.41694 6.774733 7.460369 hargrave 2021-11-09 20:52:48 
TT 550 258.5  44.0 268.7  46.0 1.22E-02 003.0 085.4  44.1 64.06032 5.350138 7.018825 hargrave 2021-11-10 14:50:00 
TT 555 256.9  44.0 267.1  46.3 1.13E-02 003.0 083.8  44.1 59.03219 8.007753 6.470833 hargrave 2021-11-11 09:34:46 
TT 560 257.7  44.0 268.0  46.2 1.08E-02 001.0 084.7  44.1 17.77694 2.571618 6.289944 hargrave 2021-11-12 09:38:04 
TT 565 257.7  44.0 268.0  46.1 8.67E-03 000.6 084.7  44.1 7.738335 1.492986 5.262219 hargrave 2021-11-12 17:26:16 
TT 570 259.3  44.1 269.6  46.0 8.13E-03 003.4 086.2  44.2 47.64890 3.132804 4.893373 hargrave 2021-11-13 14:01:03 
TT 576 257.6  44.2 267.9  46.4 6.99E-03 002.5 084.5  44.3 30.49839 3.165516 4.128919 hargrave 2021-11-14 15:13:01 
TT 581 258.6  44.2 268.9  46.2 5.72E-03 000.8 085.5  44.3 7.972215 1.182073 3.450841 hargrave 2021-11-16 10:18:22 
TT 586 261.6  44.1 271.9  45.6 4.59E-03 002.8 088.6  44.1 22.17416 1.036765 2.924410 hargrave 2021-11-17 10:28:31 
TT 589 260.1  44.1 270.4  45.8 4.14E-03 002.1 087.1  44.2 14.99420 0.955855 2.696618 hargrave 2021-11-17 17:05:20 
TT 600 259.7  43.8 269.8  45.6 2.78E-03 000.4 086.6  43.8 1.276981 0.886049 1.778055 hargrave 2021-11-18 16:45:29 
TT 610 258.8  44.2 269.1  46.1 7.89E-04 002.1 085.8  44.2 2.802496 0.154193 0.465660 hargrave 2021-11-22 16:37:23 
TT 625 261.5  42.6 271.3  44.1 6.08E-04 002.0 088.4  42.6 2.083332 0.117999 0.356266 hargrave 2021-11-23 13:26:51 
TT 640 258.4  44.9 268.9  46.9 4.83E-04 001.4 085.4  45.0 1.182892 0.100301 0.284277 hargrave 2021-11-24 09:53:25 
