CB13- 7a mag compass orientation (IGRF corrected)
      0 216.0  60.0 274.8  10.4   1.0
NRM    266.2  10.7 268.3  12.1 2.63E-02 001.0 130.6 -34.1 7.250132 26.39643 35.85111 hargrave 2021-10-29 12:03:22 
TT 100 264.6  08.3 266.3  10.0 2.60E-02 002.1 127.2 -34.8 62.68727 62.19591 32.29661 hargrave 2021-10-29 19:31:52 
TT 200 260.8  02.7 261.5  05.2 2.47E-02 002.4 119.0 -35.9 80.87268 56.36263 26.86246 hargrave 2021-10-30 16:18:32 
TT 300 262.4  04.4 263.4  06.5 2.37E-02 005.4 121.9 -36.0 183.5267 123.4994 31.84375 hargrave 2021-11-01 10:13:14 
TT 325 259.8  01.5 260.3  04.1 2.30E-02 004.5 117.1 -35.9 153.6961 89.43203 25.68184 hargrave 2021-11-01 15:53:48 
TT 350 258.4  00.1 258.7  03.0 2.27E-02 001.9 114.7 -35.7 59.29899 40.65750 24.97201 hargrave 2021-11-02 11:44:55 
TT 375 259.2  01.3 259.7  04.0 2.18E-02 002.6 116.4 -35.6 80.44226 52.75084 26.04358 hargrave 2021-11-02 17:09:25 
TT 400 259.9  02.0 260.4  04.7 2.15E-02 001.9 117.6 -35.6 52.07947 41.33813 26.11670 hargrave 2021-11-03 12:26:05 
TT 420 258.9  00.9 259.3  03.7 2.01E-02 004.1 115.7 -35.6 124.6857 71.45331 23.23891 hargrave 2021-11-04 13:31:34 
TT 440 258.7  00.9 259.1  03.8 1.78E-02 004.4 115.6 -35.4 121.4090 64.18386 21.31698 hargrave 2021-11-05 09:12:16 
TT 460 258.5  00.7 258.9  03.6 1.65E-02 003.2 115.3 -35.4 79.00697 45.56283 18.08648 hargrave 2021-11-05 20:16:14 
TT 480 257.3 -00.3 257.6  02.8 1.51E-02 003.2 113.4 -35.1 71.64391 41.01524 16.98544 hargrave 2021-11-06 15:40:29 
TT 500 259.0  01.9 259.6  04.7 1.33E-02 004.8 116.8 -35.0 96.03347 55.28897 14.54031 hargrave 2021-11-07 13:49:07 
TT 520 258.6  02.9 259.3  05.7 1.08E-02 002.8 117.4 -34.1 43.33227 27.87983 11.70332 hargrave 2021-11-08 11:45:21 
TT 530 257.8  03.3 258.6  06.2 7.61E-03 004.7 117.2 -33.2 52.96161 32.26082 8.838957 hargrave 2021-11-09 12:02:38 
TT 540 256.9  03.3 257.8  06.4 5.71E-03 003.3 116.5 -32.5 26.49409 17.73669 6.688528 hargrave 2021-11-09 21:12:23 
TT 550 254.2  01.1 254.7  04.7 2.29E-03 003.1 112.5 -31.8 9.930571 7.457017 2.468959 hargrave 2021-11-10 15:09:47 
TT 555 255.2  01.4 255.7  04.9 1.82E-03 004.2 113.5 -32.3 11.29902 6.948007 1.849719 hargrave 2021-11-11 09:56:06 
TT 560 247.3 -02.6 247.2  02.2 8.86E-04 003.3 104.5 -28.1 4.450650 2.549307 0.905899 hargrave 2021-11-12 09:59:24 
TT 565 254.8 -00.1 255.1  03.5 7.92E-04 001.7 111.8 -32.9 1.025776 2.675357 1.083658 hargrave 2021-11-12 17:46:49 
TT 570 249.8 -00.3 250.1  04.1 5.98E-04 004.1 108.2 -28.9 2.646385 4.174950 0.649520 hargrave 2021-11-13 14:20:49 
TT 576 259.1  03.7 260.0  06.4 4.91E-04 002.1 118.6 -34.0 0.939557 1.341980 1.034769 hargrave 2021-11-14 15:33:29 
TT 581 243.1 -03.4 242.9  02.1 4.41E-04 000.9 101.1 -25.0 0.450448 0.873863 0.326924 hargrave 2021-11-16 10:38:10 
TT 586 254.0  05.9 255.3  09.5 4.39E-04 002.6 116.7 -28.6 0.958889 1.352523 1.119646 hargrave 2021-11-17 10:48:29 
TT 589 251.5  10.7 253.7  14.7 3.35E-04 005.0 119.2 -23.7 1.059161 3.313168 0.618424 hargrave 2021-11-17 17:25:57 
TT 600 254.3  00.3 254.7  03.9 3.24E-04 005.4 111.9 -32.3 1.272946 3.255836 0.646660 hargrave 2021-11-18 17:05:14 
