CB13- 1a mag compass orientation (IGRF corrected)
      0 101.0  69.0 274.8  10.4   1.0
NRM    279.3  33.4 285.9  31.9 3.03E-02 004.9 238.0  10.0 218.6286 135.3526 23.31214 hargrave 2021-10-29 11:51:21 
TT 100 280.6  21.1 284.4  19.7 2.88E-02 003.9 250.1  07.0 180.0958 69.17447 23.14746 hargrave 2021-10-29 19:19:58 
TT 200 275.5  16.5 278.5  16.1 2.68E-02 003.7 252.6  00.9 163.6365 54.98786 22.99296 hargrave 2021-10-30 16:06:39 
TT 300 272.6  13.8 275.2  14.0 2.52E-02 005.5 254.1 -02.7 228.7451 69.38034 29.88278 hargrave 2021-11-01 10:03:04 
TT 325 270.8  13.9 273.4  14.4 2.43E-02 004.4 253.3 -04.3 175.7116 57.86992 19.76510 hargrave 2021-11-01 15:43:48 
TT 350 269.7  14.6 272.4  15.3 2.38E-02 002.0 252.3 -05.0 77.96283 28.29490 18.46285 hargrave 2021-11-02 11:34:09 
TT 375 269.7  11.5 271.9  12.3 2.30E-02 000.6 255.1 -06.2 12.99164 6.488872 18.71776 hargrave 2021-11-02 16:59:21 
TT 400 269.7  09.7 271.6  10.5 2.17E-02 001.5 256.8 -06.9 50.28082 14.41698 18.83746 hargrave 2021-11-03 12:15:43 
TT 420 269.6  07.8 271.1  08.6 1.99E-02 005.7 258.5 -07.7 193.4314 40.36454 15.72891 hargrave 2021-11-04 13:21:24 
TT 440 269.7  09.2 271.4  09.9 1.80E-02 006.7 257.3 -07.1 205.4534 49.19284 14.56577 hargrave 2021-11-05 09:01:35 
TT 460 269.7  09.5 271.5  10.2 1.62E-02 005.5 257.0 -07.0 150.1912 36.50984 13.32206 hargrave 2021-11-05 20:05:06 
TT 480 269.2  11.2 271.4  12.0 1.41E-02 007.2 255.2 -06.7 171.0641 46.66762 11.53968 hargrave 2021-11-06 15:29:51 
TT 500 269.3  12.2 271.6  13.0 1.16E-02 003.5 254.3 -06.3 68.31587 20.24511 9.463987 hargrave 2021-11-07 13:38:15 
TT 520 271.2  09.3 272.9  09.8 7.42E-03 002.4 257.8 -05.7 28.76901 8.293959 6.272682 hargrave 2021-11-08 11:33:20 
TT 530 273.6  04.7 274.5  04.8 4.77E-03 002.6 263.0 -05.2 21.11333 4.194496 4.280607 hargrave 2021-11-09 11:50:35 
TT 540 274.7  07.4 276.0  07.3 2.89E-03 003.1 260.8 -03.2 14.77031 5.354437 2.542844 hargrave 2021-11-09 21:00:29 
TT 550 275.7  10.7 277.6  10.4 1.35E-03 001.4 258.1 -01.1 2.514169 2.812786 1.168053 hargrave 2021-11-10 14:57:43 
TT 555 275.7  03.7 276.3  03.4 8.04E-04 006.3 264.7 -03.6 8.751518 0.526112 1.274790 hargrave 2021-11-11 09:43:19 
TT 560 274.1  05.3 275.1  05.3 6.62E-04 005.3 262.6 -04.5 5.901039 1.307674 0.946885 hargrave 2021-11-12 09:47:24 
TT 565 274.3  20.0 278.0  19.8 2.82E-04 009.1 248.9  01.1 3.271874 3.998446 0.418027 hargrave 2021-11-12 17:34:48 
TT 570 284.1  17.4 287.1  15.5 3.34E-04 004.6 254.7  08.9 1.822397 3.327611 0.359199 hargrave 2021-11-13 14:08:48 
TT 576 285.3  07.3 286.4  05.3 2.90E-04 002.3 264.7  06.6 1.094670 0.834852 0.432581 hargrave 2021-11-14 15:21:33 
TT 581 289.1  36.9 296.1  33.7 1.57E-04 010.1 236.6  18.7 2.753148 0.728378 0.475686 hargrave 2021-11-16 10:26:08 
TT 581 292.7  33.8 298.8  30.1 1.49E-04 002.1 240.6  20.9 0.353445 0.529589 0.125171 hargrave 2021-11-16 11:42:20 
TT 586 263.5 -70.3 239.4 -66.1 4.99E-05 020.3 339.2 -25.6 2.093937 0.909295 0.076690 hargrave 2021-11-17 10:36:25 
TT 586 275.6 -77.0 237.3 -73.5 6.50E-05 003.5 346.0 -21.7 0.355350 0.350613 0.049335 hargrave 2021-11-17 11:15:50 
TT 589 257.5  22.7 262.0  25.4 1.40E-04 012.4 239.8 -11.8 1.430802 3.499310 0.138383 hargrave 2021-11-17 17:13:54 
TT 589 261.2  19.9 265.1  22.0 1.56E-04 005.3 244.0 -10.1 1.438913 0.362912 0.196608 hargrave 2021-11-17 17:47:42 
TT 600 289.6 -46.5 278.4 -48.2 6.22E-05 010.4 316.4 -09.4 0.853604 2.152327 0.182269 hargrave 2021-11-18 16:53:13 
