CB14- 8a mag compass orientation (IGRF corrected)
      0 270.0  10.0 274.8  10.4   1.0
NRM    257.4  62.6 278.1  63.9 1.46E-02 003.0 097.1  63.1 74.79134 6.055424 6.556995 hargrave 2021-10-29 14:48:49 
TT 100 247.2  58.7 264.6  62.1 1.42E-02 002.6 084.0  61.2 63.65274 9.356066 5.893309 hargrave 2021-10-30 12:02:59 
TT 200 245.2  57.0 261.4  60.9 1.42E-02 002.2 080.9  60.0 53.82427 10.59913 6.121415 hargrave 2021-10-31 14:59:54 
TT 300 240.4  54.2 254.4  59.0 1.27E-02 003.2 074.2  58.1 68.55645 20.56053 5.807574 hargrave 2021-11-01 12:00:26 
TT 325 238.9  53.6 252.6  58.7 1.19E-02 003.3 072.4  57.8 65.98099 20.18856 5.810874 hargrave 2021-11-01 19:26:04 
TT 350 241.4  53.6 255.3  58.3 1.13E-02 002.2 075.0  57.4 40.99853 10.82016 5.309970 hargrave 2021-11-02 13:16:16 
TT 375 240.8  53.2 254.4  58.0 1.04E-02 001.3 074.1  57.0 21.93098 5.826878 5.007228 hargrave 2021-11-02 19:01:47 
TT 400 241.2  53.3 254.9  58.0 1.03E-02 001.0 074.6  57.1 15.95428 5.304770 4.930632 hargrave 2021-11-04 08:30:24 
TT 420 243.0  53.6 256.9  58.0 1.01E-02 003.0 076.6  57.1 51.40236 11.53029 4.755195 hargrave 2021-11-04 15:46:46 
TT 440 243.5  53.7 257.5  58.0 9.91E-03 001.7 077.2  57.1 28.74881 6.877062 4.661719 hargrave 2021-11-05 16:14:59 
TT 460 240.2  53.0 253.6  57.9 9.74E-03 002.4 073.4  57.0 39.97852 11.06285 4.708668 hargrave 2021-11-06 12:06:01 
TT 480 240.1  52.9 253.4  57.9 9.48E-03 000.5 073.2  56.9 7.758463 2.833732 4.987119 hargrave 2021-11-07 10:10:18 
TT 500 242.0  53.5 255.8  58.1 9.11E-03 002.3 075.5  57.1 36.10616 6.740804 4.949530 hargrave 2021-11-07 16:53:22 
TT 520 240.8  53.4 254.4  58.2 8.65E-03 000.5 074.2  57.3 6.511596 1.634578 4.137749 hargrave 2021-11-08 15:30:22 
TT 530 240.3  53.3 253.9  58.2 8.26E-03 001.6 073.7  57.2 21.41686 6.498173 3.864991 hargrave 2021-11-09 15:01:25 
TT 540 241.3  53.6 255.1  58.3 7.69E-03 001.2 074.9  57.3 15.91536 4.201266 3.325378 hargrave 2021-11-10 11:25:14 
TT 545 239.8  53.1 253.3  58.1 7.29E-03 000.5 073.0  57.2 5.883760 2.071228 3.408953 hargrave 2021-11-10 16:46:59 
TT 550 239.0  53.1 252.3  58.2 6.89E-03 000.7 072.1  57.3 7.335398 2.454483 3.296317 hargrave 2021-11-11 15:14:39 
TT 555 243.2  53.7 257.2  58.0 6.52E-03 002.3 076.9  57.1 25.32652 5.331213 2.958198 hargrave 2021-11-12 13:03:20 
TT 560 241.3  53.7 255.2  58.4 5.67E-03 001.5 075.0  57.4 14.25441 4.846229 2.620517 hargrave 2021-11-13 09:54:22 
TT 565 241.8  53.3 255.5  57.9 5.26E-03 000.6 075.2  57.0 5.423887 1.614254 2.500711 hargrave 2021-11-13 18:13:23 
TT 570 243.1  54.3 257.4  58.7 4.23E-03 002.6 077.1  57.7 18.73973 5.253919 1.931987 hargrave 2021-11-15 13:27:15 
TT 575 239.1  53.6 252.8  58.7 3.25E-03 002.2 072.6  57.7 11.58458 4.083646 1.576075 hargrave 2021-11-16 14:09:51 
TT 578 242.9  53.7 257.0  58.1 2.44E-03 001.5 076.6  57.2 6.175125 1.514219 1.137489 hargrave 2021-11-17 13:04:26 
TT 581 244.7  53.9 258.9  58.0 2.24E-03 002.2 078.5  57.1 8.192227 1.908579 1.088691 hargrave 2021-11-18 12:56:05 
TT 587 243.3  53.3 257.1  57.7 2.21E-03 000.5 076.8  56.8 1.838807 0.459461 1.105008 hargrave 2021-11-22 09:58:53 
TT 600 247.6  53.5 261.8  57.1 1.93E-03 001.9 081.3  56.2 6.310439 1.509733 0.955613 hargrave 2021-11-23 09:13:58 
TT 615 243.1  54.8 257.7  59.1 1.64E-03 003.2 077.4  58.2 8.924160 2.279360 0.809906 hargrave 2021-11-23 16:36:41 
TT 630 241.2  54.9 255.8  59.6 1.38E-03 001.3 075.5  58.7 3.056988 0.920214 0.702249 hargrave 2021-11-24 16:09:00 
TT 645 237.2  55.2 251.6  60.6 9.56E-04 001.6 071.4  59.6 2.110482 1.728334 0.554597 hargrave 2021-11-27 13:36:43 
TT 655 238.0  45.6 248.0  51.1 9.08E-04 001.1 067.9  50.2 1.457239 0.757809 0.675445 hargrave 2021-11-28 14:55:51 
TT 665 264.6  64.6 286.6  64.4 5.61E-04 001.4 105.3  63.7 1.306891 0.441392 0.427902 hargrave 2021-11-29 10:19:46 
TT 675 234.1  37.7 241.2  44.0 4.95E-04 002.7 061.3  43.0 1.944882 1.185184 0.617383 hargrave 2021-11-29 16:59:52 
