CB14- 3a mag compass orientation (IGRF corrected)
      0 308.0  22.0 274.8  10.4   1.0
NRM    254.1  50.0 266.7  52.6 1.25E-02 001.6 062.8  64.8 32.80288 13.06655 7.471936 hargrave 2021-10-29 14:41:37 
TT 100 252.9  49.5 265.3  52.4 1.25E-02 001.4 060.7  64.8 29.49025 9.187313 8.170814 hargrave 2021-10-30 11:55:54 
TT 200 250.9  48.8 262.9  52.0 1.26E-02 001.8 057.2  64.8 34.64271 15.43640 7.731204 hargrave 2021-10-31 14:52:47 
TT 300 249.3  48.9 261.3  52.4 1.26E-02 002.4 055.1  65.4 47.24328 25.42618 7.596488 hargrave 2021-11-01 11:54:32 
TT 325 247.6  48.4 259.3  52.2 1.26E-02 002.8 052.2  65.5 52.58277 33.38231 8.320827 hargrave 2021-11-01 19:19:06 
TT 350 251.0  49.7 263.4  52.9 1.26E-02 000.5 058.2  65.5 9.013272 2.901928 6.966636 hargrave 2021-11-02 13:10:28 
TT 375 248.2  48.9 260.1  52.6 1.26E-02 001.9 053.5  65.7 36.32980 20.22724 7.863980 hargrave 2021-11-02 18:56:09 
TT 400 248.3  49.4 260.5  53.0 1.27E-02 002.0 054.3  66.1 39.70273 18.93035 8.651592 hargrave 2021-11-04 08:24:38 
TT 420 246.8  48.7 258.6  52.6 1.27E-02 001.9 051.3  66.0 36.31745 22.28839 7.765619 hargrave 2021-11-04 15:41:03 
TT 440 247.9  49.2 260.0  52.9 1.26E-02 002.7 053.4  66.1 50.60133 30.02750 7.934992 hargrave 2021-11-05 16:08:28 
TT 460 248.0  49.1 260.1  52.8 1.22E-02 001.1 053.5  65.9 22.20416 6.593650 7.962936 hargrave 2021-11-06 12:00:15 
TT 480 247.7  48.8 259.6  52.6 1.18E-02 001.9 052.6  65.8 34.24721 18.48158 8.963833 hargrave 2021-11-07 10:04:29 
TT 500 247.5  48.5 259.3  52.3 1.11E-02 002.1 052.1  65.6 34.22362 19.75543 7.601678 hargrave 2021-11-07 16:45:26 
TT 520 247.2  48.0 258.7  51.9 9.97E-03 002.4 051.1  65.2 34.38261 24.25867 5.526130 hargrave 2021-11-08 15:22:23 
TT 530 247.6  47.8 259.1  51.6 9.18E-03 001.8 051.5  64.9 23.60988 15.93218 5.052505 hargrave 2021-11-09 14:54:19 
TT 540 245.7  48.1 257.2  52.3 7.28E-03 001.6 049.1  65.7 16.79143 12.27679 2.226912 hargrave 2021-11-10 11:16:19 
TT 545 245.1  47.6 256.4  51.8 6.58E-03 001.1 047.6  65.4 9.757524 6.966407 3.671650 hargrave 2021-11-10 16:39:54 
TT 550 246.8  48.5 258.6  52.5 6.14E-03 002.3 051.1  65.8 19.52245 14.50457 3.269066 hargrave 2021-11-11 15:06:37 
TT 555 248.7  48.6 260.6  52.2 4.73E-03 000.5 054.0  65.3 2.118352 3.354404 1.870174 hargrave 2021-11-12 12:56:13 
TT 560 246.9  48.4 258.6  52.3 4.60E-03 001.9 051.1  65.7 12.69782 8.907605 2.025481 hargrave 2021-11-13 09:46:26 
TT 565 247.4  48.4 259.1  52.2 3.21E-03 001.1 051.8  65.5 4.961861 3.902299 1.560594 hargrave 2021-11-13 18:04:29 
TT 570 248.5  50.6 261.2  54.2 1.63E-03 001.3 055.9  67.1 2.614327 2.832926 0.637974 hargrave 2021-11-15 13:20:08 
TT 575 243.4  50.7 255.9  55.2 1.20E-03 000.4 048.5  68.7 0.604448 0.394946 0.501091 hargrave 2021-11-16 14:00:59 
TT 578 252.6  48.0 264.3  50.9 9.69E-04 000.3 058.6  63.6 0.381954 0.375005 0.415343 hargrave 2021-11-17 12:57:12 
TT 581 242.6  51.6 255.5  56.1 8.57E-04 001.2 048.3  69.7 1.229683 1.296817 0.478548 hargrave 2021-11-18 12:48:56 
TT 587 250.0  53.1 264.1  56.3 8.22E-04 000.9 061.6  68.8 1.180740 0.423734 0.283359 hargrave 2021-11-22 09:51:35 
TT 600 259.7  44.6 270.1  46.4 7.18E-04 001.0 064.1  58.3 1.272377 0.443529 0.410223 hargrave 2021-11-23 09:06:37 
TT 615 250.3  55.4 265.7  58.4 4.82E-04 001.3 065.7  70.6 0.702762 0.820492 0.156563 hargrave 2021-11-23 16:28:33 
TT 630 269.4  41.2 278.6  41.4 4.69E-04 000.5 072.2  51.9 0.263457 0.548596 0.349214 hargrave 2021-11-24 16:01:40 
TT 645 213.0  70.4 237.6  78.5 2.40E-04 005.4 213.7  87.0 1.933859 1.237875 0.432484 hargrave 2021-11-27 13:28:35 
