CB14- 7a mag compass orientation (IGRF corrected)
      0 314.0  11.0 274.8  10.4   1.0
NRM    282.2  64.9 302.1  61.7 4.75E-03 000.7 082.6  68.7 5.049738 1.543582 1.621763 hargrave 2021-10-29 14:47:21 
TT 100 272.8  61.3 291.2  59.9 4.31E-03 001.1 068.3  67.1 8.176614 1.773887 1.765902 hargrave 2021-10-30 12:01:32 
TT 200 265.9  58.3 282.9  58.4 3.98E-03 000.6 057.7  65.5 3.715853 1.324252 2.226453 hargrave 2021-10-31 14:58:27 
TT 300 254.3  53.3 268.6  55.8 3.52E-03 002.5 040.5  62.4 11.41138 9.664020 2.421624 hargrave 2021-11-01 11:59:13 
TT 325 252.9  52.6 266.8  55.3 3.38E-03 000.9 038.4  61.8 4.280357 2.619593 2.382521 hargrave 2021-11-01 19:24:13 
TT 350 254.4  52.2 268.1  54.6 3.26E-03 001.1 040.1  61.2 5.145228 3.570654 1.937419 hargrave 2021-11-02 13:15:04 
TT 375 251.9  50.3 264.6  53.3 3.13E-03 000.9 036.2  59.6 2.102995 4.326040 2.299581 hargrave 2021-11-02 19:00:37 
TT 400 251.0  50.5 263.8  53.6 3.12E-03 001.8 035.3  59.9 6.290956 7.130390 1.786763 hargrave 2021-11-04 08:29:11 
TT 420 249.9  49.9 262.3  53.3 3.09E-03 001.0 033.6  59.5 3.840375 2.814162 2.294746 hargrave 2021-11-04 15:45:36 
TT 440 249.1  49.4 261.3  52.9 3.05E-03 001.0 032.5  59.0 3.809987 3.517072 2.267522 hargrave 2021-11-05 16:13:45 
TT 460 249.7  48.9 261.7  52.3 2.96E-03 001.2 033.0  58.5 4.307536 3.730411 2.451765 hargrave 2021-11-06 12:04:51 
TT 480 248.4  48.2 260.0  51.9 2.84E-03 001.1 031.2  58.0 2.911653 4.656733 2.467711 hargrave 2021-11-07 10:09:05 
TT 500 248.4  47.5 259.7  51.2 2.69E-03 000.7 031.0  57.2 2.439185 1.462117 2.333431 hargrave 2021-11-07 16:51:06 
TT 520 246.4  47.8 257.8  51.8 2.50E-03 001.1 028.6  57.7 2.381909 4.071373 1.397712 hargrave 2021-11-08 15:28:54 
TT 530 248.6  47.5 260.0  51.2 2.32E-03 000.3 031.4  57.2 0.983575 0.579368 1.332062 hargrave 2021-11-09 14:59:58 
TT 540 247.4  47.7 258.8  51.6 2.02E-03 001.9 029.9  57.5 3.834013 5.452172 0.932104 hargrave 2021-11-10 11:23:47 
TT 545 246.8  46.6 257.8  50.6 1.79E-03 001.9 028.9  56.5 2.988715 5.039907 1.455690 hargrave 2021-11-10 16:45:32 
TT 550 247.8  46.8 258.9  50.6 1.61E-03 000.9 030.2  56.6 1.119102 2.173246 0.972074 hargrave 2021-11-11 15:13:12 
TT 555 249.8  47.2 261.1  50.6 1.44E-03 000.6 032.6  56.8 1.024274 1.058892 0.820135 hargrave 2021-11-12 13:01:53 
TT 560 251.6  48.6 263.5  51.7 1.16E-03 001.0 035.3  58.0 0.565580 1.966337 0.594241 hargrave 2021-11-13 09:52:55 
TT 565 250.5  47.8 262.1  51.1 9.59E-04 003.5 033.7  57.4 3.135183 4.922603 0.498973 hargrave 2021-11-13 18:11:07 
TT 570 251.8  51.3 265.0  54.3 6.48E-04 003.0 036.5  60.7 0.438649 3.288665 0.644041 hargrave 2021-11-15 13:25:49 
TT 575 246.3  50.8 259.0  54.8 4.63E-04 001.0 029.3  60.8 0.264138 0.744992 0.262810 hargrave 2021-11-16 14:07:35 
TT 578 235.6  53.1 248.6  58.8 2.82E-04 001.6 015.8  63.8 0.307984 0.718445 0.092548 hargrave 2021-11-17 13:03:00 
TT 581 251.0  65.3 274.5  67.5 2.10E-04 001.5 044.7  74.4 0.599198 0.187574 0.314633 hargrave 2021-11-18 12:54:38 
TT 587 252.1  68.8 280.1  70.4 2.56E-04 000.6 051.6  77.4 0.190396 0.167802 0.185997 hargrave 2021-11-22 09:57:29 
TT 600 282.3  71.6 308.9  67.8 1.73E-04 005.5 093.9  74.4 1.260907 1.053601 0.244344 hargrave 2021-11-23 09:12:34 
TT 615 179.5  37.4 178.5  47.8 1.52E-04 004.7 308.3  44.8 1.179313 0.512587 0.119927 hargrave 2021-11-23 16:35:17 
TT 630 317.6  55.1 326.5  47.4 1.48E-04 004.1 108.6  52.9 1.082150 0.237382 0.069827 hargrave 2021-11-24 16:07:36 
TT 645 204.3  21.1 206.1  30.9 1.96E-04 010.8 338.4  31.4 2.865743 2.723690 0.152377 hargrave 2021-11-27 13:34:30 
