CB15- 4a mag compass orientation (IGRF corrected)
      0 178.0  43.0 274.8  10.4   1.0
NRM    283.7  55.5 297.6  52.6 2.42E-02 001.4 189.1  13.4 4.790812 41.48672 40.12103 hargrave 2021-10-29 14:58:01 
TT 100 262.3  45.6 273.1  46.9 1.97E-02 002.4 176.0  02.7 6.832951 72.30377 36.09453 hargrave 2021-10-30 12:12:03 
TT 200 263.2  43.1 273.1  44.3 1.89E-02 001.7 176.5  00.2 4.029453 43.38323 34.47198 hargrave 2021-10-31 15:09:50 
TT 300 256.8  39.6 265.6  42.1 1.80E-02 002.7 171.4 -02.8 9.566552 78.46803 28.70717 hargrave 2021-11-01 12:08:04 
TT 325 254.5  39.2 263.1  42.1 1.78E-02 003.2 169.6 -03.0 16.89174 93.53055 30.68092 hargrave 2021-11-01 19:33:30 
TT 350 257.0  39.0 265.6  41.5 1.75E-02 001.2 171.4 -03.4 3.442405 16.85542 33.69032 hargrave 2021-11-02 13:24:49 
TT 375 258.5  38.8 267.1  41.0 1.65E-02 005.3 172.6 -03.7 17.12673 148.0772 34.24061 hargrave 2021-11-02 19:08:34 
TT 400 259.2  38.9 267.8  40.9 1.62E-02 005.3 173.2 -03.8 18.36659 150.2177 13.62047 hargrave 2021-11-04 08:37:15 
TT 420 254.3  38.1 262.6  41.1 1.59E-02 004.0 169.3 -04.0 19.51715 108.1537 13.39220 hargrave 2021-11-04 15:53:42 
TT 440 254.2  38.1 262.4  41.0 1.55E-02 006.9 169.1 -04.0 35.08266 184.4216 12.66122 hargrave 2021-11-05 16:22:03 
TT 460 254.5  38.1 262.8  41.0 1.51E-02 006.0 169.4 -04.0 28.15992 154.7953 12.52873 hargrave 2021-11-06 12:12:58 
TT 480 254.0  38.5 262.4  41.5 1.41E-02 004.3 169.0 -03.6 20.33507 103.5525 11.97244 hargrave 2021-11-07 10:18:00 
TT 500 253.7  39.1 262.2  42.1 1.27E-02 005.5 168.9 -02.9 22.85970 119.5055 10.43024 hargrave 2021-11-07 17:03:18 
TT 520 251.3  39.7 260.0  43.1 1.10E-02 002.9 167.2 -02.0 11.87152 54.47446 8.764109 hargrave 2021-11-08 15:38:43 
TT 530 257.6  40.7 266.7  43.0 9.76E-03 005.3 172.1 -01.8 11.54930 88.75201 7.985535 hargrave 2021-11-09 15:10:33 
TT 540 253.3  40.4 262.3  43.5 8.10E-03 004.0 168.9 -01.6 12.45292 54.68501 7.428356 hargrave 2021-11-10 11:34:20 
TT 545 254.9  40.9 264.1  43.7 6.77E-03 004.1 170.2 -01.3 7.674642 48.01711 5.712939 hargrave 2021-11-10 16:56:51 
TT 550 255.4  41.0 264.6  43.7 5.22E-03 004.1 170.5 -01.3 5.842925 36.39106 4.374399 hargrave 2021-11-11 15:22:58 
TT 555 255.6  40.8 264.7  43.4 4.49E-03 001.2 170.6 -01.5 1.240154 8.613317 3.909945 hargrave 2021-11-12 13:11:40 
TT 560 254.7  42.2 264.3  44.9 2.86E-03 005.4 170.2 -00.0 3.974418 26.45762 2.290178 hargrave 2021-11-13 10:02:42 
TT 565 249.2  39.1 257.7  42.9 2.61E-03 007.5 165.5 -02.3 8.232814 33.57756 2.166117 hargrave 2021-11-13 18:21:42 
TT 570 253.5  41.0 262.6  44.0 2.14E-03 004.3 169.1 -01.1 2.614372 15.95515 1.738077 hargrave 2021-11-15 13:35:33 
TT 575 258.1  43.3 268.2  45.4 1.62E-03 003.1 172.9  00.8 1.038327 8.636013 1.304767 hargrave 2021-11-16 14:18:10 
TT 578 251.9  42.7 261.6  45.9 1.15E-03 001.7 168.2  00.8 0.483726 3.200219 0.983030 hargrave 2021-11-17 13:12:44 
TT 581 257.8  41.3 267.1  43.5 9.85E-04 001.9 172.4 -01.3 0.290887 3.205789 0.784946 hargrave 2021-11-18 13:04:25 
TT 587 254.1  45.5 264.8  48.3 9.71E-04 001.7 170.3  03.4 0.459496 2.744163 0.867689 hargrave 2021-11-22 10:04:59 
TT 600 246.0  40.5 254.8  44.8 8.30E-04 004.6 163.5 -00.4 1.276136 6.580841 0.735650 hargrave 2021-11-23 09:20:04 
TT 615 241.6  41.0 250.3  46.1 4.93E-04 003.9 160.4  01.1 0.808627 3.244068 0.454487 hargrave 2021-11-23 16:42:52 
TT 630 232.2  40.2 239.9  46.7 1.70E-04 002.0 153.4  02.8 0.129692 0.643017 0.134206 hargrave 2021-11-24 16:15:55 
TT 645 247.8  37.5 255.7  41.6 2.84E-04 002.5 164.1 -03.6 0.527942 1.349725 0.446762 hargrave 2021-11-27 13:43:37 
