CB15- 1a mag compass orientation (IGRF corrected)
      0  16.0  16.0 274.8  10.4   1.0
NRM    263.9  59.8 282.1  60.1 1.97E-02 000.8 318.0  73.6 5.793969 24.56829 9.262785 hargrave 2021-10-29 14:51:11 
TT 100 251.3  46.7 262.5  49.9 1.61E-02 001.7 311.1  58.8 30.40088 35.45045 11.56310 hargrave 2021-10-30 12:04:29 
TT 200 251.3  43.2 261.2  46.5 1.54E-02 002.8 313.1  55.4 50.14962 55.18903 12.63605 hargrave 2021-10-31 15:02:13 
TT 300 244.5  40.0 253.1  44.6 1.45E-02 000.4 306.5  50.9 4.097728 5.442171 9.865796 hargrave 2021-11-01 12:01:39 
TT 325 244.5  39.7 252.9  44.3 1.44E-02 001.7 306.6  50.6 31.95836 28.18699 9.699149 hargrave 2021-11-01 19:27:17 
TT 350 244.4  39.5 252.8  44.1 1.43E-02 000.5 306.6  50.4 2.859608 8.173088 11.07095 hargrave 2021-11-02 13:18:14 
TT 375 245.9  38.0 253.9  42.4 1.36E-02 000.5 308.8  49.3 3.794541 5.149492 11.49976 hargrave 2021-11-02 19:03:00 
TT 400 244.4  38.7 252.5  43.3 1.35E-02 003.6 306.9  49.6 65.23034 54.60222 10.05020 hargrave 2021-11-04 08:31:37 
TT 420 243.7  38.4 251.7  43.2 1.32E-02 002.9 306.2  49.2 49.23694 42.75178 11.22548 hargrave 2021-11-04 15:48:02 
TT 440 243.1  38.9 251.3  43.8 1.28E-02 003.0 305.3  49.6 52.33326 41.50182 9.708040 hargrave 2021-11-05 16:16:14 
TT 460 243.5  38.5 251.5  43.3 1.25E-02 000.5 305.9  49.3 4.056347 5.929530 9.760513 hargrave 2021-11-06 12:07:18 
TT 480 243.7  38.8 251.8  43.6 1.18E-02 000.8 306.0  49.6 9.235765 10.02531 9.758794 hargrave 2021-11-07 10:12:13 
TT 500 242.9  39.9 251.3  44.8 1.08E-02 002.2 304.6  50.5 33.15605 25.25460 7.713684 hargrave 2021-11-07 16:54:52 
TT 520 242.2  40.5 250.8  45.5 9.70E-03 001.1 303.5  50.9 14.57216 11.42956 5.452522 hargrave 2021-11-08 15:31:53 
TT 530 242.1  40.8 250.8  45.7 9.04E-03 000.5 303.3  51.1 3.712303 4.596140 5.397859 hargrave 2021-11-09 15:03:46 
TT 540 241.4  41.1 250.1  46.1 8.29E-03 000.5 302.4  51.2 4.279354 5.265290 4.576674 hargrave 2021-11-10 11:26:44 
TT 545 245.4  40.3 254.0  44.7 7.67E-03 003.5 307.3  51.4 36.34731 29.01315 5.159436 hargrave 2021-11-10 16:48:29 
TT 550 240.5  41.4 249.2  46.6 7.12E-03 001.3 301.1  51.3 12.71994 8.267367 4.122639 hargrave 2021-11-11 15:16:10 
TT 555 242.3  41.0 251.0  45.9 6.62E-03 000.4 303.4  51.3 2.061807 3.144991 3.674594 hargrave 2021-11-12 13:04:52 
TT 560 243.0  41.3 251.9  46.1 5.44E-03 001.3 304.1  51.8 9.887597 6.292731 3.050109 hargrave 2021-11-13 09:55:52 
TT 565 243.7  40.8 252.4  45.5 4.95E-03 002.1 305.1  51.5 15.14805 10.45199 3.142752 hargrave 2021-11-13 18:14:53 
TT 570 242.2  41.2 250.9  46.1 4.08E-03 000.6 303.1  51.5 2.974655 2.554652 2.375688 hargrave 2021-11-15 13:28:46 
TT 575 241.9  40.8 250.5  45.8 3.46E-03 002.2 303.0  51.0 11.41678 6.995996 2.110938 hargrave 2021-11-16 14:11:21 
TT 578 244.3  39.4 252.6  44.0 2.62E-03 000.6 306.5  50.3 2.381573 1.307181 1.616180 hargrave 2021-11-17 13:05:56 
TT 581 240.2  39.7 248.4  44.9 2.29E-03 000.7 301.7  49.6 2.527968 1.167390 1.630782 hargrave 2021-11-18 12:57:36 
TT 587 239.9  42.4 248.9  47.7 2.28E-03 000.6 299.9  52.1 1.539733 1.845383 1.163923 hargrave 2021-11-22 10:00:17 
TT 600 239.2  41.9 248.0  47.3 1.58E-03 001.0 299.4  51.5 2.570731 1.106962 1.039200 hargrave 2021-11-23 09:15:22 
TT 615 237.9  37.5 245.3  43.2 8.39E-04 003.4 300.1  47.0 4.478552 2.199603 0.497946 hargrave 2021-11-23 16:38:09 
TT 630 226.2  37.8 232.7  45.2 3.89E-04 004.0 287.3  44.3 2.647678 0.694574 0.223829 hargrave 2021-11-24 16:10:24 
TT 645 231.9  36.0 238.5  42.7 2.49E-04 005.5 294.2  44.1 1.936155 1.466081 0.126088 hargrave 2021-11-27 13:38:07 
