CB16- 5a mag compass orientation (IGRF corrected)
      0 270.0  18.0 274.8  10.4   1.0
NRM    324.1  49.8 330.6  41.5 7.54E-03 001.5 152.7  34.4 11.92683 12.31625 9.931305 hargrave 2021-10-29 15:08:00 
TT 100 314.9  46.9 322.0  39.7 5.94E-03 006.2 144.8  33.0 39.53116 50.68636 7.922909 hargrave 2021-10-30 12:21:57 
TT 200 300.4  39.2 307.2  34.1 4.51E-03 000.9 130.3  28.6 4.385922 2.040275 5.132710 hargrave 2021-10-31 15:20:37 
TT 300 282.4  30.5 288.2  28.6 3.77E-03 002.9 111.6  25.2 17.32847 7.018017 3.196224 hargrave 2021-11-01 12:22:42 
TT 325 277.3  27.3 282.6  26.4 3.61E-03 001.7 105.8  23.7 9.917698 3.234268 2.978287 hargrave 2021-11-01 19:47:55 
TT 350 277.4  27.3 282.7  26.4 3.45E-03 000.7 105.9  23.7 2.796355 0.341929 3.095291 hargrave 2021-11-02 13:33:57 
TT 375 273.1  24.9 277.9  24.8 3.35E-03 000.5 101.0  22.7 1.507208 0.422118 2.640153 hargrave 2021-11-02 19:17:15 
TT 400 271.5  24.3 276.2  24.4 3.13E-03 001.0 099.3  22.6 4.717607 1.547530 2.850593 hargrave 2021-11-04 08:46:16 
TT 420 271.3  23.7 275.9  23.9 2.82E-03 001.5 099.0  22.1 6.832615 1.305119 2.076052 hargrave 2021-11-04 16:03:11 
TT 440 268.5  21.9 272.7  22.7 2.59E-03 004.5 095.6  21.3 20.06812 2.337155 1.855496 hargrave 2021-11-05 16:30:10 
TT 460 268.6  22.2 272.9  23.0 2.29E-03 002.5 095.9  21.5 9.963291 1.527507 1.610476 hargrave 2021-11-06 12:21:14 
TT 480 265.7  22.1 270.0  23.3 2.11E-03 003.0 093.1  22.3 11.02137 1.563263 1.475543 hargrave 2021-11-07 10:26:09 
TT 500 267.5  18.8 271.1  19.8 1.54E-03 002.3 093.7  18.6 6.099483 0.947997 1.120178 hargrave 2021-11-07 17:13:16 
TT 520 255.7  17.8 259.2  20.9 7.23E-04 002.4 082.1  21.3 2.835040 1.027505 0.604122 hargrave 2021-11-08 15:49:34 
TT 530 267.1  14.3 269.8  15.4 3.24E-04 002.3 091.7  14.4 1.222763 0.841653 0.239978 hargrave 2021-11-09 15:20:30 
TT 540 263.9  15.3 266.8  17.0 2.18E-04 001.6 089.0  16.4 0.512980 0.606313 0.475047 hargrave 2021-11-10 11:44:14 
TT 545 263.2  02.3 263.7  04.4 1.79E-04 002.0 084.2  04.3 0.470225 1.191169 0.157147 hargrave 2021-11-10 17:06:47 
TT 550 245.4  29.1 251.1  33.8 4.87E-05 008.6 076.2  35.1 0.389714 0.762599 0.138371 hargrave 2021-11-11 15:32:57 
TT 555 297.6  23.0 301.2  18.7 8.47E-05 002.0 122.8  13.9 0.473584 0.779250 0.100701 hargrave 2021-11-12 13:21:40 
TT 560 266.7  54.2 281.3  54.4 5.95E-05 018.4 110.6  51.5 1.878260 0.620566 0.417790 hargrave 2021-11-13 10:12:43 
TT 565 186.5  31.7 186.8  42.1 3.34E-05 019.9 008.6  49.6 1.014031 0.827493 0.055685 hargrave 2021-11-13 18:31:38 
TT 570 296.2  40.9 303.8  36.4 4.31E-05 023.9 127.5  31.3 1.809809 0.754302 0.293351 hargrave 2021-11-15 13:45:30 
TT 570 263.6  26.1 268.9  27.7 4.35E-05 004.2 092.6  26.7 0.297792 0.344076 0.089006 hargrave 2021-11-15 16:32:43 
TT 575 011.5  26.0 011.0  15.7 4.36E-05 011.2 190.4  08.4 0.349348 0.823743 0.118274 hargrave 2021-11-16 14:28:55 
TT 575 017.9  32.2 016.7  22.0 3.84E-05 004.0 195.6  14.9 0.299648 0.225708 0.078360 hargrave 2021-11-16 16:45:43 
