CB16- 8a mag compass orientation (IGRF corrected)
      0 202.0  77.0 274.8  10.4   1.0
NRM    301.4  49.2 310.8  43.7 5.77E-03 002.4 186.9 -27.3 5.024571 22.27130 7.065442 hargrave 2021-10-29 15:17:22 
TT 100 299.6  47.3 308.7  42.2 5.30E-03 007.6 185.9 -29.3 9.719984 69.62993 6.672277 hargrave 2021-10-30 12:28:51 
TT 200 293.5  43.1 301.8  39.0 4.85E-03 002.5 181.3 -33.9 3.018307 20.48454 5.685381 hargrave 2021-10-31 15:27:31 
TT 300 279.8  36.9 287.3  35.3 3.98E-03 002.5 167.5 -38.8 1.543889 17.09303 4.476577 hargrave 2021-11-01 12:13:44 
TT 325 273.7  31.9 280.1  31.5 3.47E-03 004.3 159.0 -41.8 7.321807 24.70234 3.726099 hargrave 2021-11-01 19:39:45 
TT 350 273.7  32.2 280.2  31.8 3.48E-03 000.8 159.2 -41.6 1.756966 2.963104 3.721722 hargrave 2021-11-02 13:39:51 
TT 375 274.2  31.6 280.6  31.1 3.43E-03 002.5 159.4 -42.2 3.079446 14.44929 3.687157 hargrave 2021-11-02 19:22:55 
TT 400 275.5  31.7 281.8  31.0 3.35E-03 001.9 160.8 -42.6 1.352587 9.863483 4.904980 hargrave 2021-11-04 08:51:58 
TT 420 273.2  29.3 279.0  29.1 3.29E-03 003.5 157.0 -43.9 5.447469 18.97134 3.203729 hargrave 2021-11-04 16:09:00 
TT 440 273.5  27.9 279.0  27.6 3.18E-03 001.5 156.5 -45.4 0.993387 7.769018 3.286926 hargrave 2021-11-05 16:36:02 
TT 460 270.9  27.5 276.4  27.7 2.79E-03 002.4 153.4 -44.7 3.214787 10.78098 2.526846 hargrave 2021-11-06 12:27:00 
TT 480 270.3  27.6 275.8  27.9 2.59E-03 002.5 152.8 -44.3 3.351782 10.27608 3.452477 hargrave 2021-11-07 10:32:43 
TT 500 269.5  27.2 275.0  27.7 2.26E-03 002.4 151.7 -44.2 2.665371 8.706044 2.057395 hargrave 2021-11-07 17:20:11 
TT 520 271.9  24.5 276.7  24.6 2.06E-03 001.8 152.4 -47.7 1.891056 6.107171 1.834832 hargrave 2021-11-08 15:56:31 
TT 530 271.4  24.6 276.2  24.7 1.87E-03 001.2 151.8 -47.4 0.557411 3.694074 1.395351 hargrave 2021-11-09 15:27:27 
TT 540 274.7  12.6 277.0  12.4 7.82E-04 000.8 145.4 -59.2 0.786131 0.344628 0.662936 hargrave 2021-11-10 11:51:08 
TT 545 265.9  07.8 267.4  09.2 5.64E-04 001.7 127.2 -56.8 0.332135 1.736355 0.283111 hargrave 2021-11-10 17:13:41 
TT 550 274.5  16.1 277.4  15.9 4.77E-04 001.3 148.7 -56.2 0.784984 0.659244 0.387073 hargrave 2021-11-11 15:39:53 
TT 555 265.5  08.7 267.2  10.3 3.17E-04 003.1 128.2 -55.9 0.641707 1.686492 0.163251 hargrave 2021-11-12 13:28:36 
TT 560 268.9  22.4 273.2  23.0 1.95E-04 004.7 147.1 -48.0 1.182418 0.252874 1.041131 hargrave 2021-11-13 10:19:48 
TT 565 260.4 -10.5 258.8 -07.8 1.68E-04 004.0 091.2 -59.0 0.359135 1.179196 0.242042 hargrave 2021-11-13 18:38:32 
TT 570 289.5 -13.6 286.9 -16.0 8.92E-05 010.5 075.6 -87.5 1.572748 0.500459 0.886598 hargrave 2021-11-15 13:52:25 
TT 570 283.1 -22.2 278.7 -23.3 9.64E-05 001.8 041.3 -77.5 0.197844 0.232273 0.131798 hargrave 2021-11-15 16:35:56 
TT 575 348.3 -14.5 347.2 -24.4 5.74E-05 006.0 278.7 -35.4 0.451210 0.844271 0.077180 hargrave 2021-11-16 14:36:38 
TT 578 255.9  15.2 258.9  18.3 7.47E-05 007.2 127.2 -44.5 0.571252 1.174004 0.073799 hargrave 2021-11-17 13:21:10 
TT 581 324.0 -07.4 322.6 -15.2 3.82E-05 014.4 263.0 -58.1 0.695115 0.539814 0.497366 hargrave 2021-11-18 13:12:53 
