CB16- 7a mag compass orientation (IGRF corrected)
      0  82.0  17.0 274.8  10.4   1.0
NRM    325.7  58.1 333.9  49.5 6.60E-03 001.0 311.2  71.9 2.103657 10.41512 3.327409 hargrave 2021-10-29 15:15:04 
TT 100 321.1  56.7 329.8  48.6 5.97E-03 001.6 306.2  69.5 9.685189 13.45971 3.108196 hargrave 2021-10-30 12:27:21 
TT 200 307.2  52.4 316.9  46.1 4.71E-03 002.5 293.1  62.2 17.49571 11.19698 2.895745 hargrave 2021-10-31 15:26:01 
TT 300 284.3  43.7 293.6  41.1 3.67E-03 001.7 275.2  47.8 10.60454 2.210781 2.255684 hargrave 2021-11-01 12:12:36 
TT 325 275.3  35.2 282.5  34.4 3.26E-03 003.9 270.8  37.3 22.22684 1.412980 2.167751 hargrave 2021-11-01 19:38:37 
TT 350 275.1  34.5 282.2  33.8 3.23E-03 004.2 271.0  36.6 23.49881 1.345212 2.020856 hargrave 2021-11-02 13:38:36 
TT 375 276.2  33.2 282.9  32.3 3.18E-03 002.1 272.6  35.7 11.53735 1.237386 2.150925 hargrave 2021-11-02 19:21:43 
TT 400 274.9  32.1 281.4  31.5 3.15E-03 002.7 271.8  34.3 14.54119 1.170823 1.916158 hargrave 2021-11-04 08:50:45 
TT 420 271.2  30.7 277.4  30.8 3.06E-03 002.7 268.8  31.9 13.98236 1.003875 2.134593 hargrave 2021-11-04 16:07:47 
TT 440 271.4  28.2 277.0  28.4 2.96E-03 001.7 269.9  29.6 8.627401 0.998130 2.018692 hargrave 2021-11-05 16:34:50 
TT 460 267.4  29.3 273.4  30.1 2.76E-03 004.6 265.8  29.4 22.16659 1.563959 1.854102 hargrave 2021-11-06 12:25:44 
TT 480 270.7  28.3 276.3  28.5 2.55E-03 003.0 269.2  29.5 13.33170 1.086103 1.697635 hargrave 2021-11-07 10:31:29 
TT 500 273.5  28.0 279.0  27.8 2.32E-03 004.3 272.1  30.1 17.34657 0.674276 1.638513 hargrave 2021-11-07 17:18:41 
TT 520 268.4  24.5 273.2  25.3 2.03E-03 006.9 268.5  25.3 24.49368 1.058950 1.448954 hargrave 2021-11-08 15:55:00 
TT 530 271.3  23.0 275.7  23.3 1.84E-03 002.6 271.7  24.7 8.141467 0.629903 1.416466 hargrave 2021-11-09 15:25:56 
TT 540 265.6  15.2 268.6  16.6 1.04E-03 001.9 268.9  15.5 3.210339 0.958181 0.860259 hargrave 2021-11-10 11:49:39 
TT 545 271.1  13.5 273.6  14.0 6.01E-04 004.6 274.7  15.6 4.858815 0.549131 0.512981 hargrave 2021-11-10 17:12:11 
TT 550 260.1  14.9 263.0  17.2 5.73E-04 002.8 263.7  13.6 2.710272 0.864806 0.479603 hargrave 2021-11-11 15:38:23 
TT 555 271.8  13.8 274.4  14.1 3.28E-04 001.6 275.3  16.1 0.929545 0.657199 0.249884 hargrave 2021-11-12 13:27:06 
TT 560 258.1  07.6 259.7  10.5 3.26E-04 006.4 264.1  06.2 3.554552 0.302189 1.006058 hargrave 2021-11-13 10:18:15 
TT 565 294.7  14.5 296.9  10.7 1.95E-04 002.6 297.7  23.1 0.970780 0.843049 0.281837 hargrave 2021-11-13 18:37:02 
TT 570 259.4  28.3 265.2  30.5 1.58E-04 010.0 258.7  26.2 2.882628 0.522731 1.035818 hargrave 2021-11-15 13:50:55 
TT 570 262.1  27.4 267.6  29.2 1.44E-04 005.0 261.4  26.2 1.250482 0.267459 0.175722 hargrave 2021-11-15 16:34:27 
TT 575 260.1  41.3 269.4  43.1 6.69E-05 007.8 253.9  38.6 0.562173 0.916147 0.090625 hargrave 2021-11-16 14:35:08 
TT 578 051.1 -12.9 053.4 -20.0 3.89E-05 012.1 057.0 -03.9 0.341035 0.983259 0.223435 hargrave 2021-11-17 13:19:41 
TT 578 013.8 -27.3 014.8 -37.6 3.35E-05 005.1 019.6 -11.4 0.234679 0.260262 0.103151 hargrave 2021-11-17 14:29:10 
TT 581 286.8  05.0 287.5  02.7 9.44E-05 003.4 292.5  11.8 0.528669 0.567605 0.563734 hargrave 2021-11-18 13:11:24 
