CB16- 6a mag compass orientation (IGRF corrected)
      0 272.0  29.0 274.8  10.4   1.0
NRM    295.6  54.7 307.7  50.0 4.90E-03 002.2 138.5  37.0 13.58204 12.99022 4.445317 hargrave 2021-10-29 15:10:37 
TT 100 293.7  54.2 305.9  49.8 4.63E-03 005.6 137.0  37.2 31.94798 31.93987 4.643633 hargrave 2021-10-30 12:23:46 
TT 200 280.6  45.3 290.6  43.4 3.95E-03 002.6 122.1  34.8 15.54140 8.722912 3.419370 hargrave 2021-10-31 15:22:24 
TT 300 267.9  34.7 275.2  35.3 3.51E-03 003.4 105.3  31.8 19.78114 5.279301 2.740838 hargrave 2021-11-01 12:11:24 
TT 325 258.9  25.5 264.0  27.9 3.31E-03 004.4 091.9  28.4 25.38892 0.388501 2.402475 hargrave 2021-11-01 19:37:30 
TT 350 259.8  26.0 265.0  28.2 3.31E-03 003.5 093.0  28.4 20.03337 1.058341 2.338579 hargrave 2021-11-02 13:35:29 
TT 375 260.7  24.6 265.6  26.7 3.17E-03 001.3 093.0  26.7 6.604959 0.676620 2.341539 hargrave 2021-11-02 19:18:44 
TT 400 260.8  24.8 265.8  26.8 3.20E-03 002.0 093.2  26.8 10.79569 0.490524 2.391364 hargrave 2021-11-04 08:47:46 
TT 420 258.7  22.7 263.2  25.2 3.19E-03 002.7 090.1  26.1 14.93070 0.472008 2.238522 hargrave 2021-11-04 16:04:41 
TT 440 260.6  23.3 265.2  25.4 3.12E-03 003.7 092.1  25.7 19.75213 0.670527 2.358346 hargrave 2021-11-05 16:31:43 
TT 460 261.3  23.9 266.1  26.0 3.02E-03 003.0 093.1  25.9 15.41216 1.134636 2.133289 hargrave 2021-11-06 12:22:44 
TT 480 259.4  23.0 264.0  25.4 2.81E-03 002.3 090.9  26.0 11.39845 0.559597 1.960049 hargrave 2021-11-07 10:27:43 
TT 500 259.2  23.6 263.8  26.0 2.56E-03 001.0 091.0  26.7 4.063768 0.911131 1.770957 hargrave 2021-11-07 17:15:03 
TT 520 258.4  21.7 262.7  24.2 2.20E-03 001.8 089.2  25.4 6.873169 0.400012 1.677246 hargrave 2021-11-08 15:51:22 
TT 530 258.7  20.5 262.8  23.1 2.09E-03 004.3 088.9  24.3 15.86329 0.432440 1.512848 hargrave 2021-11-09 15:22:18 
TT 540 256.9  21.1 261.1  24.0 1.76E-03 002.4 087.6  25.6 7.136890 0.805654 1.330708 hargrave 2021-11-10 11:46:02 
TT 545 253.6  17.0 256.9  20.5 1.43E-03 004.1 082.3  23.7 10.20370 0.809325 1.006794 hargrave 2021-11-10 17:08:34 
TT 550 254.4  16.1 257.5  19.5 1.11E-03 003.2 082.5  22.6 6.270327 0.576168 0.795883 hargrave 2021-11-11 15:34:45 
TT 555 258.4  13.3 261.0  16.0 9.46E-04 000.8 084.7  18.2 1.138946 0.594517 0.689845 hargrave 2021-11-12 13:23:28 
TT 560 250.0  09.5 252.0  13.7 5.01E-04 003.0 075.2  18.9 1.879876 1.508176 1.188137 hargrave 2021-11-13 10:14:32 
TT 565 253.2  07.7 254.8  11.4 5.06E-04 006.2 077.1  15.8 5.555091 0.489793 0.391737 hargrave 2021-11-13 18:33:25 
TT 570 247.2  06.6 248.7  11.4 2.57E-04 004.3 071.2  17.6 0.864932 1.619077 1.079564 hargrave 2021-11-15 13:47:18 
TT 575 300.2  60.1 314.0  54.5 4.00E-05 012.9 145.0  40.1 0.324906 1.036491 0.040451 hargrave 2021-11-16 14:30:42 
TT 575 280.4  66.7 302.2  63.7 3.73E-05 004.5 141.7  50.9 0.195738 0.221091 0.192009 hargrave 2021-11-16 16:47:31 
TT 578 273.0 -01.7 272.8 -01.4 9.24E-05 004.0 090.1 -02.0 0.632325 0.758076 0.078937 hargrave 2021-11-17 13:18:15 
TT 581 105.0  13.8 102.3  15.4 6.36E-05 007.9 274.5  18.3 0.864142 0.445432 0.433781 hargrave 2021-11-18 13:09:59 
