CB16- 3a mag compass orientation (IGRF corrected)
      0 271.0  12.0 274.8  10.4   1.0
NRM    308.0  51.3 317.2  44.9 6.40E-03 000.7 136.7  43.2 2.508448 5.698761 6.097791 hargrave 2021-10-29 15:05:00 
TT 100 301.3  47.0 310.1  41.7 5.05E-03 002.6 129.7  40.1 18.73516 12.14612 4.783673 hargrave 2021-10-30 12:18:58 
TT 200 284.6  39.3 292.6  36.8 4.20E-03 001.4 112.4  35.6 9.698982 2.595625 3.430211 hargrave 2021-10-31 15:16:47 
TT 300 272.0  32.0 278.5  31.9 3.59E-03 003.4 098.4  31.0 20.91863 3.425434 2.548725 hargrave 2021-11-01 12:17:48 
TT 325 277.2  31.4 283.4  30.4 3.42E-03 003.5 103.2  29.4 20.23291 5.298912 2.511618 hargrave 2021-11-01 19:43:40 
TT 350 269.9  29.2 275.7  29.5 3.34E-03 002.7 095.5  28.7 15.48782 1.147266 2.488655 hargrave 2021-11-02 13:31:22 
TT 375 268.7  28.4 274.4  29.0 3.23E-03 003.9 094.2  28.2 21.80167 1.482275 2.344974 hargrave 2021-11-02 19:14:50 
TT 400 267.0  27.0 272.4  27.9 3.07E-03 002.5 092.2  27.2 13.21798 0.548520 2.267634 hargrave 2021-11-04 08:43:46 
TT 420 267.8  26.0 273.0  26.8 2.82E-03 002.9 092.7  26.0 14.18447 0.845359 2.046588 hargrave 2021-11-04 16:00:01 
TT 440 262.2  25.0 267.1  26.8 2.56E-03 002.8 086.9  26.2 12.57766 0.874720 1.863217 hargrave 2021-11-05 16:27:44 
TT 460 265.4  24.7 270.3  26.0 2.35E-03 002.3 090.0  25.3 9.473918 0.476897 1.741876 hargrave 2021-11-06 12:18:45 
TT 480 268.1  25.8 273.2  26.5 2.19E-03 003.7 092.9  25.8 14.07778 1.184162 1.619877 hargrave 2021-11-07 10:23:41 
TT 500 262.4  24.0 267.1  25.8 1.84E-03 000.7 086.8  25.2 1.990684 0.767134 1.394701 hargrave 2021-11-07 17:10:16 
TT 520 258.2  21.2 262.4  23.8 1.07E-03 001.8 082.1  23.4 3.260767 0.317338 0.840897 hargrave 2021-11-08 15:46:33 
TT 530 257.5  20.1 261.5  22.9 5.93E-04 003.1 081.1  22.4 3.188294 0.324052 0.470884 hargrave 2021-11-09 15:17:30 
TT 540 259.1  20.2 263.1  22.7 2.32E-04 001.9 082.8  22.2 0.782823 0.498447 0.354482 hargrave 2021-11-10 11:41:15 
TT 545 248.7 -05.1 248.3 -00.4 2.39E-04 001.3 067.2 -00.4 0.245302 0.928926 0.388222 hargrave 2021-11-10 17:03:47 
TT 550 238.7 -10.8 237.6 -04.6 1.03E-04 003.2 056.4 -04.3 0.348258 0.542518 0.193941 hargrave 2021-11-11 15:29:57 
TT 555 287.4 -04.8 286.3 -07.0 1.01E-04 002.5 105.1 -08.1 0.262198 0.893351 0.195363 hargrave 2021-11-12 13:18:38 
TT 560 252.5  23.1 257.0  26.7 1.01E-04 009.7 076.8  26.4 1.476253 1.083510 0.688740 hargrave 2021-11-13 10:09:39 
TT 565 237.8 -61.2 225.8 -54.0 3.11E-05 019.6 042.5 -53.3 0.828907 0.753104 0.069423 hargrave 2021-11-13 18:28:38 
TT 570 308.8  04.9 309.1 -00.9 9.99E-05 009.3 128.0 -02.4 1.328809 0.921761 0.374205 hargrave 2021-11-15 13:42:30 
TT 570 297.4  01.8 297.4 -02.2 9.89E-05 001.5 116.3 -03.6 0.273652 0.464463 0.108449 hargrave 2021-11-15 16:31:10 
TT 575 190.1  53.5 191.9  63.8 3.85E-05 009.6 013.0  65.3 0.321428 0.588885 0.203281 hargrave 2021-11-16 14:25:55 
TT 575 181.6  47.2 180.8  57.6 4.67E-05 009.3 000.8  59.2 0.227333 0.744559 0.078725 hargrave 2021-11-16 16:44:07 
