CB17- 2a mag compass orientation (IGRF corrected)
      0 151.0  74.0 274.8  10.4   1.0
NRM    270.0  53.1 283.9  52.7 1.86E-02 001.2 197.7 -16.5 5.663610 26.34683 28.69073 hargrave 2021-10-29 15:20:17 
TT 100 264.5  52.8 278.4  53.4 1.80E-02 005.6 194.7 -18.3 50.64153 167.4670 29.89222 hargrave 2021-10-30 12:31:44 
TT 200 261.2  50.9 274.3  52.2 1.74E-02 003.4 193.5 -20.8 29.60388 93.95988 28.77068 hargrave 2021-10-31 15:30:24 
TT 300 260.6  48.1 272.4  49.6 1.63E-02 002.1 194.2 -23.6 20.33466 51.40716 24.67786 hargrave 2021-11-01 12:25:02 
TT 325 256.7  48.3 268.6  50.6 1.59E-02 002.5 191.3 -24.2 19.81573 63.07262 25.54898 hargrave 2021-11-01 19:50:14 
TT 350 256.8  47.6 268.4  49.9 1.53E-02 003.2 191.6 -24.8 11.13714 82.88228 22.62300 hargrave 2021-11-02 13:42:17 
TT 375 259.9  45.6 270.8  47.3 1.40E-02 000.9 194.6 -26.0 7.959075 4.011036 21.41288 hargrave 2021-11-02 19:25:55 
TT 400 258.9  45.3 269.7  47.2 1.33E-02 003.3 194.0 -26.6 24.86339 68.39382 21.89385 hargrave 2021-11-04 08:54:21 
TT 420 258.4  44.9 269.0  47.0 1.28E-02 003.0 193.8 -27.0 22.57451 58.80777 20.63188 hargrave 2021-11-04 16:12:06 
TT 440 258.8  44.6 269.3  46.5 1.22E-02 001.8 194.2 -27.3 16.46372 29.92890 19.53521 hargrave 2021-11-05 16:38:27 
TT 460 258.3  44.3 268.7  46.4 1.14E-02 001.0 193.9 -27.6 7.692335 4.153526 18.27427 hargrave 2021-11-06 12:29:20 
TT 480 257.5  44.2 267.8  46.4 1.08E-02 003.0 193.3 -27.9 18.82151 49.70335 18.34729 hargrave 2021-11-07 10:35:06 
TT 500 256.2  44.5 266.6  46.9 1.03E-02 003.4 192.2 -28.0 18.98786 55.46522 17.15503 hargrave 2021-11-07 17:23:05 
TT 520 257.8  43.9 268.0  46.1 9.86E-03 001.5 193.6 -28.1 9.965568 19.35761 13.32866 hargrave 2021-11-08 15:59:27 
TT 530 256.4  44.1 266.7  46.5 9.32E-03 002.5 192.5 -28.2 12.55053 36.18239 12.22887 hargrave 2021-11-09 15:30:21 
TT 540 260.1  44.1 270.4  45.8 5.81E-03 000.9 195.3 -27.4 1.760791 5.773323 7.000372 hargrave 2021-11-10 11:54:01 
TT 545 258.0  44.9 268.6  47.0 4.83E-03 002.2 193.4 -27.1 6.094822 16.58077 6.284797 hargrave 2021-11-10 17:16:35 
TT 550 258.6  44.8 269.1  46.8 4.15E-03 000.8 193.9 -27.1 1.529094 2.568281 4.900474 hargrave 2021-11-11 15:42:48 
TT 555 257.1  45.4 267.9  47.6 3.22E-03 001.6 192.6 -26.9 3.412011 7.108283 4.217599 hargrave 2021-11-12 13:31:35 
TT 560 264.6  45.4 275.3  46.3 1.81E-03 001.1 198.0 -25.0 1.175761 1.772815 2.829405 hargrave 2021-11-13 10:22:46 
TT 565 257.5  45.7 268.4  47.9 1.69E-03 004.6 192.8 -26.5 3.739638 12.89843 2.280161 hargrave 2021-11-13 18:41:27 
TT 570 262.6  44.7 273.1  46.0 1.44E-03 002.1 196.9 -26.2 2.681117 3.893769 2.278737 hargrave 2021-11-15 13:55:20 
TT 575 260.6  46.8 272.0  48.4 1.18E-03 000.8 194.7 -24.7 0.577919 0.472911 1.438723 hargrave 2021-11-16 14:39:31 
TT 578 253.5  45.7 264.3  48.5 7.97E-04 002.0 189.8 -27.3 0.847815 2.400545 1.117052 hargrave 2021-11-17 13:25:17 
TT 581 260.7  46.1 271.7  47.7 7.43E-04 005.3 195.0 -25.4 2.187443 6.467205 0.959351 hargrave 2021-11-18 13:16:13 
TT 587 259.3  50.0 272.0  51.7 6.80E-04 005.1 192.6 -22.1 1.553538 5.758785 1.096425 hargrave 2021-11-22 10:14:11 
TT 600 250.2  47.2 261.5  50.6 3.48E-04 003.5 186.9 -26.3 1.262172 1.738720 0.672856 hargrave 2021-11-23 09:29:16 
TT 615 264.6  41.5 274.0  42.5 3.19E-04 002.8 200.0 -28.5 0.729979 1.308404 0.424196 hargrave 2021-11-23 16:52:53 
TT 630 255.8  46.9 267.1  49.3 2.50E-04 001.3 191.2 -25.7 0.631627 0.147781 0.320080 hargrave 2021-11-24 16:25:56 
TT 645 271.3  35.8 278.8  35.8 1.81E-04 003.1 208.4 -30.8 1.568532 1.065466 0.129519 hargrave 2021-11-27 13:52:50 
