CB17- 4a mag compass orientation (IGRF corrected)
      0  63.0  26.0 274.8  10.4   1.0
NRM    254.9  63.8 276.8  65.4 1.67E-02 000.6 234.2  57.8 14.05368 6.043881 11.62217 hargrave 2021-10-29 15:23:18 
TT 100 248.2  64.4 270.7  67.2 1.63E-02 002.0 230.1  55.8 34.56078 44.91433 13.07923 hargrave 2021-10-30 12:35:35 
TT 200 248.4  60.8 267.5  63.8 1.59E-02 002.5 235.0  53.6 57.59945 39.26897 7.264992 hargrave 2021-10-31 15:33:25 
TT 300 247.1  57.3 263.5  60.8 1.48E-02 001.0 238.2  50.6 23.37152 6.201020 11.82278 hargrave 2021-11-01 12:27:26 
TT 325 247.4  56.3 263.2  59.8 1.45E-02 002.8 239.4  50.1 55.89477 43.14579 11.69117 hargrave 2021-11-01 19:52:38 
TT 350 247.9  54.8 262.9  58.3 1.37E-02 000.6 241.3  49.1 3.212877 7.789565 11.24043 hargrave 2021-11-02 13:44:48 
TT 375 247.7  53.0 261.6  56.7 1.24E-02 001.1 242.9  47.7 16.08771 15.83225 9.646840 hargrave 2021-11-02 19:29:03 
TT 400 245.9  53.5 260.0  57.4 1.19E-02 000.6 241.3  47.4 6.868298 4.779062 9.894423 hargrave 2021-11-04 08:56:46 
TT 420 247.9  52.2 261.4  55.8 1.15E-02 000.7 243.9  47.1 7.329415 9.701453 8.337703 hargrave 2021-11-04 16:14:34 
TT 440 246.7  52.2 260.2  56.0 1.11E-02 001.2 243.1  46.7 17.08049 13.84683 9.663601 hargrave 2021-11-05 16:41:42 
TT 460 245.7  52.6 259.3  56.6 1.05E-02 000.6 242.0  46.6 4.760598 5.405705 8.909115 hargrave 2021-11-06 12:31:52 
TT 480 244.3  52.7 257.9  56.9 9.96E-03 000.8 241.0  46.1 6.707347 9.083639 7.737192 hargrave 2021-11-07 10:37:36 
TT 500 243.3  52.7 256.8  57.1 9.45E-03 000.7 240.3  45.7 9.344794 2.585737 8.188466 hargrave 2021-11-07 17:26:07 
TT 520 248.0  50.1 260.5  53.8 8.82E-03 004.1 245.8  45.6 55.82180 28.84574 6.690710 hargrave 2021-11-08 16:02:29 
TT 530 240.7  53.6 254.4  58.4 8.03E-03 001.0 237.7  45.5 8.456647 9.275534 5.821514 hargrave 2021-11-09 15:33:23 
TT 540 242.7  52.9 256.2  57.4 5.64E-03 000.8 239.7  45.6 3.847554 5.361964 4.479928 hargrave 2021-11-10 11:57:03 
TT 545 246.3  51.8 259.6  55.7 4.56E-03 003.2 243.2  46.2 21.48210 12.69901 3.246771 hargrave 2021-11-10 17:19:35 
TT 550 242.9  54.2 257.1  58.6 3.65E-03 001.2 238.6  46.7 4.888058 4.894971 2.715198 hargrave 2021-11-11 15:45:50 
TT 555 250.7  50.6 263.5  53.8 3.07E-03 002.4 247.3  47.0 12.03325 3.374004 2.497614 hargrave 2021-11-12 13:34:38 
TT 560 241.2  56.2 256.5  60.8 1.40E-03 000.5 235.7  47.6 0.553535 0.488796 1.333150 hargrave 2021-11-13 10:25:49 
TT 565 245.1  55.8 260.4  59.7 1.32E-03 000.8 238.5  48.8 0.345633 1.485706 0.948744 hargrave 2021-11-13 18:44:28 
TT 570 244.9  54.1 259.3  58.2 1.18E-03 002.7 240.0  47.5 5.178565 2.072577 1.032918 hargrave 2021-11-15 13:59:10 
TT 575 248.3  53.0 262.2  56.5 1.04E-03 001.7 243.4  47.9 2.460586 1.799983 0.700417 hargrave 2021-11-16 14:42:32 
TT 578 251.9  53.9 266.5  56.7 7.47E-04 000.8 245.0  50.0 0.680291 0.608860 0.628705 hargrave 2021-11-17 13:30:26 
TT 581 247.0  52.4 260.6  56.1 6.99E-04 002.4 243.1  47.0 2.401824 1.622479 0.433689 hargrave 2021-11-18 13:20:33 
TT 587 242.5  52.6 255.9  57.2 6.90E-04 002.1 239.8  45.4 1.907832 1.553061 0.681750 hargrave 2021-11-22 10:17:00 
TT 600 249.7  67.8 276.4  70.0 3.44E-04 002.1 225.7  58.4 1.359312 0.269957 0.167682 hargrave 2021-11-23 09:32:05 
TT 615 228.6  64.8 249.6  71.0 2.90E-04 000.9 219.9  50.1 0.203597 0.330992 0.252198 hargrave 2021-11-23 16:55:41 
TT 630 274.1  62.5 293.3  60.9 1.93E-04 003.0 246.2  64.4 0.814483 0.635036 0.093603 hargrave 2021-11-24 16:28:44 
TT 645 270.2  46.8 281.3  46.7 1.72E-04 008.1 266.4  52.5 2.327022 0.822454 0.208229 hargrave 2021-11-27 13:55:37 
