CB17- 6a mag compass orientation (IGRF corrected)
      0 203.0  80.0 274.8  10.4   1.0
NRM    265.1  49.3 277.3  49.9 1.87E-02 002.7 160.1 -25.9 19.52065 80.62119 28.02177 hargrave 2021-10-29 15:26:12 
TT 100 262.4  46.9 273.7  48.1 1.76E-02 002.0 157.0 -26.9 13.38563 52.88369 26.23088 hargrave 2021-10-30 12:38:30 
TT 200 260.8  45.4 271.6  47.0 1.69E-02 004.2 155.1 -27.4 42.49502 113.1856 25.27611 hargrave 2021-10-31 15:36:19 
TT 300 254.8  41.4 264.1  44.1 1.57E-02 003.0 148.4 -27.8 34.06481 70.93120 21.04613 hargrave 2021-11-01 12:29:50 
TT 325 255.5  41.8 265.0  44.5 1.54E-02 000.9 149.2 -27.8 6.171426 8.093431 22.47160 hargrave 2021-11-01 19:54:57 
TT 350 255.3  41.4 264.7  44.1 1.44E-02 002.6 148.7 -28.0 25.24449 57.30016 20.80235 hargrave 2021-11-02 13:47:13 
TT 375 254.6  40.4 263.6  43.2 1.27E-02 001.7 147.5 -28.4 11.73761 31.25336 17.74903 hargrave 2021-11-02 19:31:22 
TT 400 253.3  39.7 262.1  42.8 1.20E-02 001.6 146.1 -28.2 10.56264 26.80567 18.40238 hargrave 2021-11-04 08:59:05 
TT 420 254.7  40.5 263.7  43.3 1.14E-02 002.6 147.6 -28.3 20.72771 44.77042 16.81700 hargrave 2021-11-04 16:16:56 
TT 440 258.2  42.7 267.9  44.8 1.08E-02 002.3 151.4 -28.5 25.12932 32.11551 15.70890 hargrave 2021-11-05 16:44:05 
TT 460 254.7  40.4 263.7  43.2 1.02E-02 001.7 147.6 -28.4 9.410581 25.62787 14.60979 hargrave 2021-11-06 12:34:11 
TT 480 252.6  38.6 261.0  41.9 9.59E-03 001.3 144.8 -28.5 13.21646 10.20468 14.15135 hargrave 2021-11-07 10:40:41 
TT 500 252.9  38.8 261.4  42.0 9.12E-03 002.1 145.1 -28.6 12.94311 27.42312 12.46214 hargrave 2021-11-07 17:29:02 
TT 520 253.1  39.1 261.7  42.2 8.32E-03 001.0 145.5 -28.5 2.677320 11.13918 10.16039 hargrave 2021-11-08 16:05:24 
TT 530 255.0  40.9 264.2  43.7 7.14E-03 001.2 148.1 -28.2 3.292317 11.36920 8.568172 hargrave 2021-11-09 15:36:18 
TT 540 255.4  41.9 264.9  44.6 4.61E-03 001.9 149.1 -27.7 5.124834 12.98322 5.675180 hargrave 2021-11-10 11:59:57 
TT 545 251.6  40.6 260.6  44.0 3.64E-03 001.0 145.9 -26.6 4.134463 3.125163 4.208091 hargrave 2021-11-10 17:22:29 
TT 550 254.1  41.6 263.5  44.5 2.76E-03 003.2 148.2 -27.2 6.604495 13.48546 3.222953 hargrave 2021-11-11 15:48:45 
TT 555 255.5  43.9 265.7  46.5 2.38E-03 003.7 150.7 -26.2 6.243043 13.64868 2.912877 hargrave 2021-11-12 13:37:33 
TT 560 253.9  44.3 264.2  47.2 1.15E-03 001.2 150.1 -25.2 1.528861 0.620876 1.785866 hargrave 2021-11-13 10:28:46 
TT 565 251.5  41.5 260.8  44.9 1.11E-03 001.1 146.5 -25.9 1.529092 0.917407 1.276283 hargrave 2021-11-13 18:47:23 
TT 570 255.0  43.0 264.9  45.6 9.35E-04 003.1 149.7 -26.7 1.926277 4.464982 1.447339 hargrave 2021-11-15 14:02:05 
TT 575 254.4  45.3 265.1  48.0 7.83E-04 000.8 151.1 -24.7 0.491063 0.376014 0.880110 hargrave 2021-11-16 14:45:27 
TT 578 248.8  38.5 257.1  42.4 7.10E-04 001.0 142.5 -26.4 0.140616 0.959266 0.790139 hargrave 2021-11-17 13:33:20 
TT 581 259.0  44.4 269.4  46.3 6.25E-04 002.8 153.2 -27.6 0.920646 2.824024 0.707867 hargrave 2021-11-18 13:23:27 
TT 587 249.4  46.0 260.2  49.5 5.68E-04 000.9 148.9 -21.8 0.271948 0.477022 0.771688 hargrave 2021-11-22 10:20:00 
TT 600 247.7  33.0 254.4  37.2 3.28E-04 000.8 137.0 -29.1 0.692292 0.357201 0.265359 hargrave 2021-11-23 09:35:06 
TT 615 260.6  43.5 270.7  45.1 2.92E-04 001.3 153.6 -29.0 0.313631 0.501910 0.377175 hargrave 2021-11-23 16:58:41 
TT 630 232.6  27.6 237.4  34.3 2.28E-04 003.3 124.6 -20.6 0.764834 1.131584 0.222282 hargrave 2021-11-24 16:31:44 
TT 645 265.1  28.1 270.8  29.4 1.15E-04 005.0 145.4 -43.3 0.697357 0.734827 0.227529 hargrave 2021-11-27 13:58:38 
