CB17- 5a mag compass orientation (IGRF corrected)
      0 261.0   8.0 274.8  10.4   1.0
NRM    269.0  55.9 284.3  55.5 1.56E-02 002.6 109.1  54.0 69.09534 18.56295 9.337781 hargrave 2021-10-29 15:24:45 
TT 100 270.5  54.9 285.2  54.3 1.53E-02 002.8 110.1  52.8 72.59155 21.01250 10.23689 hargrave 2021-10-30 12:37:03 
TT 200 265.8  53.2 279.9  53.5 1.50E-02 004.2 105.1  51.8 106.0538 25.99468 8.094432 hargrave 2021-10-31 15:34:52 
TT 300 266.3  51.6 279.5  51.9 1.45E-02 004.3 105.0  50.1 105.4187 24.98889 9.358864 hargrave 2021-11-01 12:28:37 
TT 325 261.9  50.7 274.8  51.9 1.44E-02 003.4 100.5  49.9 84.64728 13.92565 8.025564 hargrave 2021-11-01 19:53:48 
TT 350 263.8  50.5 276.6  51.3 1.42E-02 001.0 102.2  49.4 24.23941 3.250244 8.950258 hargrave 2021-11-02 13:45:59 
TT 375 263.3  49.6 275.7  50.6 1.39E-02 000.9 101.5  48.7 19.37892 6.681755 9.065794 hargrave 2021-11-02 19:30:12 
TT 400 263.2  49.1 275.4  50.1 1.36E-02 002.2 101.2  48.2 50.35288 7.683100 8.272827 hargrave 2021-11-04 08:57:56 
TT 420 264.9  49.2 277.2  49.9 1.33E-02 002.2 103.0  48.1 49.39844 8.436645 9.545703 hargrave 2021-11-04 16:15:43 
TT 440 263.2  48.6 275.2  49.6 1.29E-02 002.0 101.1  47.7 43.18952 7.202781 7.998772 hargrave 2021-11-05 16:42:55 
TT 460 259.5  47.8 271.3  49.5 1.24E-02 003.4 097.3  47.4 73.31601 8.945483 7.321113 hargrave 2021-11-06 12:33:02 
TT 480 264.4  48.0 276.1  48.8 1.18E-02 001.9 102.0  46.9 39.42080 4.036350 6.745829 hargrave 2021-11-07 10:39:31 
TT 500 262.0  47.5 273.6  48.8 1.11E-02 003.0 099.6  46.7 57.52619 8.975225 6.476978 hargrave 2021-11-07 17:27:35 
TT 520 260.7  47.2 272.2  48.7 1.01E-02 000.7 098.3  46.6 12.09137 2.472184 6.240962 hargrave 2021-11-08 16:03:56 
TT 530 261.2  47.1 272.6  48.5 9.14E-03 002.8 098.7  46.5 44.27564 7.654607 5.688187 hargrave 2021-11-09 15:34:51 
TT 540 261.7  47.9 273.4  49.3 6.63E-03 001.3 099.4  47.2 14.75222 2.039574 3.873034 hargrave 2021-11-10 11:58:30 
TT 545 261.1  48.0 272.9  49.4 5.64E-03 004.0 098.9  47.4 38.37733 6.127743 3.301561 hargrave 2021-11-10 17:21:02 
TT 550 263.0  49.4 275.4  50.4 4.55E-03 002.0 101.2  48.5 15.56490 2.988066 2.851584 hargrave 2021-11-11 15:47:18 
TT 555 263.7  49.1 275.9  50.0 3.87E-03 003.2 101.7  48.1 20.83559 4.625949 2.370069 hargrave 2021-11-12 13:36:06 
TT 560 264.0  51.9 277.4  52.7 1.63E-03 002.5 102.9  50.8 7.152575 0.860995 1.025145 hargrave 2021-11-13 10:27:18 
TT 565 262.6  50.1 275.2  51.1 1.55E-03 004.0 100.9  49.2 10.55404 2.636638 0.907556 hargrave 2021-11-13 18:45:55 
TT 570 261.3  50.2 274.0  51.5 1.25E-03 001.5 099.8  49.5 3.106743 0.301743 0.738139 hargrave 2021-11-15 14:00:37 
TT 575 264.2  52.0 277.7  52.7 1.02E-03 001.0 103.2  50.9 1.617680 0.715526 0.539772 hargrave 2021-11-16 14:44:00 
TT 578 259.7  48.3 271.7  49.9 8.35E-04 001.7 097.7  47.8 2.375372 0.926088 0.554147 hargrave 2021-11-17 13:31:53 
TT 581 268.7  51.3 281.7  51.2 7.24E-04 003.2 107.2  49.5 3.743822 1.419675 0.379830 hargrave 2021-11-18 13:22:00 
TT 587 267.5  51.8 280.9  51.9 7.03E-04 002.1 106.3  50.2 2.386117 0.871741 0.575037 hargrave 2021-11-22 10:18:28 
TT 600 251.2  46.2 262.1  49.4 4.27E-04 002.9 088.6  47.0 2.081959 0.751073 0.283228 hargrave 2021-11-23 09:33:34 
TT 615 257.9  51.3 271.2  53.2 2.63E-04 001.0 096.9  51.0 0.242985 0.526682 0.133907 hargrave 2021-11-23 16:57:10 
TT 630 255.2  41.4 264.5  44.0 2.97E-04 002.9 091.3  41.7 1.435111 0.634632 0.197153 hargrave 2021-11-24 16:30:12 
TT 645 241.6  52.4 254.8  57.1 1.66E-04 003.6 081.1  54.3 0.169451 1.454943 0.292904 hargrave 2021-11-27 13:57:06 
