CB17- 3a mag compass orientation (IGRF corrected)
      0  43.0  60.0 274.8  10.4   1.0
NRM    266.0  61.2 285.0  61.0 1.94E-02 000.5 210.7  46.3 10.19264 7.348837 14.55586 hargrave 2021-10-29 15:21:47 
TT 100 261.9  58.7 279.3  59.5 1.79E-02 002.1 215.0  45.2 32.83353 55.48594 13.82789 hargrave 2021-10-30 12:34:05 
TT 200 257.2  53.8 271.7  55.7 1.69E-02 002.9 222.5  43.7 54.27346 65.53552 12.76759 hargrave 2021-10-31 15:31:55 
TT 300 253.4  49.8 265.9  52.6 1.50E-02 001.5 228.1  41.6 26.89718 26.99930 10.45944 hargrave 2021-11-01 12:26:14 
TT 325 252.7  49.6 265.1  52.4 1.42E-02 001.8 228.5  41.2 31.24691 32.20439 11.12558 hargrave 2021-11-01 19:51:26 
TT 350 252.3  46.7 263.5  49.7 1.27E-02 002.4 232.3  40.9 39.47792 34.48841 10.02750 hargrave 2021-11-02 13:43:32 
TT 375 251.0  48.4 262.9  51.6 9.88E-03 000.5 230.0  40.1 2.760323 2.939898 7.904983 hargrave 2021-11-02 19:27:10 
TT 400 251.1  46.7 262.2  49.9 9.07E-03 002.8 232.3  40.1 35.44458 27.16496 7.369811 hargrave 2021-11-04 08:55:34 
TT 420 251.2  47.0 262.5  50.2 8.55E-03 001.8 231.8  40.1 19.50326 16.45361 6.650797 hargrave 2021-11-04 16:13:18 
TT 440 251.0  46.8 262.2  50.0 8.07E-03 001.1 232.1  40.0 11.36120 9.834025 6.725798 hargrave 2021-11-05 16:40:26 
TT 460 250.8  47.1 262.2  50.4 7.55E-03 000.8 231.7  39.9 7.647886 6.313772 6.010156 hargrave 2021-11-06 12:30:35 
TT 480 251.6  42.8 261.3  46.1 7.07E-03 002.4 237.4  40.1 24.75854 16.26001 4.952699 hargrave 2021-11-07 10:36:20 
TT 500 251.3  44.7 261.7  48.0 6.56E-03 000.4 234.9  40.1 1.973690 1.717508 4.786999 hargrave 2021-11-07 17:24:36 
TT 520 251.3  40.2 260.2  43.6 6.09E-03 000.6 240.7  39.5 4.762857 2.817249 4.016288 hargrave 2021-11-08 16:00:58 
TT 530 251.3  44.7 261.6  48.0 5.50E-03 002.7 234.9  40.0 20.72227 15.15733 3.676344 hargrave 2021-11-09 15:31:52 
TT 540 252.2  44.6 262.6  47.7 3.75E-03 000.6 235.1  40.7 2.971475 1.607229 2.743457 hargrave 2021-11-10 11:55:32 
TT 545 253.2  43.3 263.2  46.2 3.23E-03 001.7 236.9  41.3 7.328810 5.481759 2.114559 hargrave 2021-11-10 17:18:05 
TT 550 251.1  44.5 261.4  47.8 2.88E-03 001.5 235.1  39.9 6.033823 4.553117 1.868431 hargrave 2021-11-11 15:44:19 
TT 555 253.1  41.8 262.5  44.8 2.48E-03 000.7 238.9  41.1 1.747055 1.618633 1.613601 hargrave 2021-11-12 13:33:07 
TT 560 251.8  44.4 262.1  47.7 1.59E-03 003.6 235.2  40.4 8.675984 5.114278 1.228597 hargrave 2021-11-13 10:24:18 
TT 565 253.4  42.1 262.9  45.1 1.48E-03 002.3 238.5  41.3 4.741044 3.572447 1.018969 hargrave 2021-11-13 18:42:58 
TT 570 252.3  46.5 263.4  49.6 1.34E-03 000.6 232.5  40.8 0.524774 1.493445 1.087193 hargrave 2021-11-15 13:57:40 
TT 575 248.7  43.1 258.5  46.9 1.21E-03 001.6 236.6  38.0 2.630705 2.090104 0.813073 hargrave 2021-11-16 14:41:02 
TT 578 254.1  40.7 263.1  43.6 8.69E-04 002.0 240.4  41.7 2.391898 1.726946 0.616514 hargrave 2021-11-17 13:28:55 
TT 581 247.8  45.1 258.2  49.0 8.74E-04 002.7 234.1  37.6 3.125285 2.531126 0.608172 hargrave 2021-11-18 13:19:02 
TT 587 252.4  44.0 262.5  47.2 8.36E-04 004.9 235.8  40.8 5.782644 4.129018 0.625717 hargrave 2021-11-22 10:15:34 
TT 600 255.5  37.3 263.5  40.1 5.06E-04 002.6 245.1  42.3 2.345034 0.243590 0.341286 hargrave 2021-11-23 09:30:40 
TT 615 241.9  40.0 250.3  45.0 4.83E-04 003.1 239.1  32.4 2.120870 1.509455 0.394695 hargrave 2021-11-23 16:54:15 
TT 630 246.1  46.1 256.8  50.3 3.97E-04 002.6 232.5  36.6 1.575609 0.942507 0.298744 hargrave 2021-11-24 16:27:18 
TT 645 244.2  36.6 251.7  41.4 3.24E-04 004.2 243.6  33.3 2.669651 0.161761 0.541036 hargrave 2021-11-27 13:54:12 
