CB17- 7a mag compass orientation (IGRF corrected)
      0 262.0   7.0 274.8  10.4   1.0
NRM    266.6  55.8 282.0  55.9 1.75E-02 002.1 104.5  54.6 61.68166 8.541215 9.957304 hargrave 2021-10-29 15:27:42 
TT 100 267.3  54.3 281.8  54.3 1.67E-02 003.4 104.7  53.0 97.09050 18.51795 10.95469 hargrave 2021-10-30 12:40:00 
TT 200 259.1  52.1 272.8  53.7 1.61E-02 002.9 096.1  51.9 81.39940 5.760076 8.309180 hargrave 2021-10-31 15:37:49 
TT 300 254.4  49.3 266.7  51.9 1.51E-02 000.6 090.6  49.7 14.89054 4.332144 7.906001 hargrave 2021-11-01 12:31:03 
TT 325 254.0  49.1 266.2  51.8 1.49E-02 004.7 090.1  49.6 122.6430 2.485360 7.817304 hargrave 2021-11-01 19:56:11 
TT 350 260.5  49.1 272.8  50.6 1.42E-02 004.2 096.6  48.8 104.4926 8.927770 8.777491 hargrave 2021-11-02 13:49:12 
TT 375 256.6  47.7 268.2  49.9 1.31E-02 003.6 092.3  47.8 82.39430 2.119441 7.865282 hargrave 2021-11-02 19:32:34 
TT 400 255.4  47.2 266.8  49.7 1.27E-02 002.9 091.0  47.5 62.89033 1.997468 7.552259 hargrave 2021-11-04 09:00:22 
TT 420 254.9  46.9 266.2  49.5 1.22E-02 002.6 090.5  47.3 55.13920 1.872950 7.423446 hargrave 2021-11-04 16:18:13 
TT 440 255.7  46.6 266.9  49.0 1.17E-02 002.6 091.2  46.9 53.30117 2.314183 6.323818 hargrave 2021-11-05 16:45:17 
TT 460 255.6  46.4 266.8  48.9 1.13E-02 003.8 091.0  46.8 75.23756 2.777075 6.182081 hargrave 2021-11-06 12:35:25 
TT 480 255.0  45.9 266.0  48.5 1.08E-02 001.4 090.3  46.3 25.12195 1.966817 5.812363 hargrave 2021-11-07 10:41:54 
TT 500 255.8  46.0 266.8  48.5 1.05E-02 002.8 091.1  46.3 50.38133 3.694642 5.836094 hargrave 2021-11-07 17:30:32 
TT 520 254.9  46.3 266.0  48.9 9.68E-03 002.0 090.3  46.7 33.26565 2.229782 5.417409 hargrave 2021-11-08 16:06:54 
TT 530 254.4  46.2 265.5  48.9 8.17E-03 001.4 089.8  46.7 20.02341 1.542273 4.521479 hargrave 2021-11-09 15:37:48 
TT 540 256.6  47.3 268.1  49.6 5.00E-03 003.6 092.3  47.5 31.52712 1.701692 2.628148 hargrave 2021-11-10 12:01:27 
TT 545 256.1  48.3 268.0  50.6 3.85E-03 005.3 092.0  48.5 35.35534 2.410772 2.096386 hargrave 2021-11-10 17:24:00 
TT 550 255.2  48.4 267.2  50.9 2.82E-03 001.3 091.2  48.8 6.211347 0.781016 1.494049 hargrave 2021-11-11 15:50:16 
TT 555 260.6  49.3 273.0  50.8 2.42E-03 002.2 096.7  49.0 9.277860 1.731213 1.396953 hargrave 2021-11-12 13:39:03 
TT 560 257.5  49.4 270.0  51.5 1.08E-03 003.2 093.7  49.5 5.973762 0.235470 0.690289 hargrave 2021-11-13 10:30:17 
TT 565 249.3  48.1 261.0  51.6 1.08E-03 002.2 085.2  49.2 4.076649 0.524481 0.598378 hargrave 2021-11-13 18:48:53 
TT 570 256.0  51.7 269.5  53.9 9.18E-04 002.1 093.0  51.9 3.236035 0.455134 0.608669 hargrave 2021-11-15 14:03:35 
TT 575 261.8  52.1 275.4  53.2 8.29E-04 001.2 098.7  51.6 1.582844 0.553785 0.444611 hargrave 2021-11-16 14:46:57 
TT 578 259.0  44.7 269.5  46.7 7.02E-04 000.5 093.9  44.7 0.350235 0.581504 0.404862 hargrave 2021-11-17 13:34:51 
TT 581 261.1  52.8 275.1  54.0 5.79E-04 000.9 098.2  52.3 0.874219 0.177200 0.293197 hargrave 2021-11-18 13:24:58 
TT 587 264.8  49.3 277.0  50.0 6.43E-04 003.6 100.7  48.5 3.859566 1.099532 0.492616 hargrave 2021-11-22 10:21:47 
TT 600 238.6  44.8 248.3  50.2 3.45E-04 002.6 073.4  47.2 1.233567 0.992524 0.287076 hargrave 2021-11-23 09:36:54 
TT 615 271.1  44.6 281.4  44.3 2.16E-04 000.7 105.7  43.1 0.197556 0.506259 0.281278 hargrave 2021-11-23 17:00:28 
TT 630 253.5  31.6 260.0  34.8 2.65E-04 004.0 085.9  32.3 1.858503 0.239823 0.209740 hargrave 2021-11-24 16:33:32 
TT 645 240.1  59.4 257.6  64.0 1.39E-04 004.5 080.0  61.3 0.733830 0.715378 0.418002 hargrave 2021-11-27 14:00:26 
