CB18- 4a mag compass orientation (IGRF corrected)
      0 269.0   8.0 274.8  10.4   1.0
NRM    312.0  66.3 326.5  58.9 1.84E-02 003.1 143.6  60.3 70.50939 71.46104 14.27474 hargrave 2021-10-29 15:38:23 
TT 100 293.4  63.0 309.9  58.2 1.49E-02 002.9 126.8  58.8 65.39394 35.70400 10.39751 hargrave 2021-10-30 12:50:40 
TT 200 281.8  60.2 298.5  57.4 1.36E-02 001.7 115.4  57.6 38.97394 11.48293 8.481093 hargrave 2021-10-31 15:47:40 
TT 300 272.3  55.9 287.4  54.9 1.16E-02 002.1 104.7  54.6 41.78402 6.395773 7.206568 hargrave 2021-11-01 12:39:21 
TT 325 271.5  55.4 286.4  54.7 1.11E-02 002.6 103.8  54.3 48.83016 8.081381 6.484275 hargrave 2021-11-01 20:04:57 
TT 350 271.4  54.7 286.0  54.0 1.09E-02 001.3 103.4  53.6 23.31037 4.251812 6.167419 hargrave 2021-11-02 13:57:36 
TT 375 267.9  53.6 282.1  53.6 1.06E-02 001.0 099.6  53.0 17.02457 2.318221 5.960145 hargrave 2021-11-02 19:40:39 
TT 400 268.4  53.7 282.6  53.6 1.03E-02 003.2 100.2  53.0 57.68714 5.728637 6.504773 hargrave 2021-11-04 09:10:46 
TT 420 272.7  54.1 286.9  53.2 1.01E-02 003.2 104.4  52.9 55.00524 11.00726 6.262685 hargrave 2021-11-04 16:26:34 
TT 440 266.5  53.2 280.5  53.5 9.83E-03 000.9 098.1  52.8 13.40639 3.871807 5.268372 hargrave 2021-11-05 16:53:38 
TT 460 269.2  53.7 283.4  53.4 9.40E-03 003.2 100.9  52.9 52.12030 7.684980 5.591000 hargrave 2021-11-06 12:43:42 
TT 480 266.9  53.1 280.9  53.3 8.41E-03 000.5 098.5  52.7 4.585592 3.626238 4.534442 hargrave 2021-11-07 10:50:18 
TT 500 268.2  53.1 282.1  53.1 7.52E-03 002.1 099.8  52.5 27.44927 3.857381 3.986160 hargrave 2021-11-07 17:41:14 
TT 520 268.1  53.1 282.0  53.0 7.05E-03 001.1 099.6  52.5 13.09556 1.692501 3.827766 hargrave 2021-11-08 16:16:52 
TT 530 268.7  53.0 282.5  52.8 6.85E-03 002.7 100.1  52.3 32.20864 5.134135 3.597816 hargrave 2021-11-09 15:49:21 
TT 540 269.1  53.0 282.9  52.7 6.61E-03 000.6 100.5  52.2 6.256544 2.153449 3.461141 hargrave 2021-11-10 12:11:16 
TT 545 267.2  52.2 280.7  52.4 6.41E-03 002.8 098.4  51.8 31.13679 4.422132 3.464953 hargrave 2021-11-10 17:33:53 
TT 550 267.6  52.3 281.2  52.4 6.12E-03 001.4 098.9  51.8 14.99855 2.013263 3.232866 hargrave 2021-11-11 16:00:09 
TT 555 267.5  52.2 281.1  52.3 5.98E-03 002.3 098.8  51.7 23.90764 3.526488 3.144335 hargrave 2021-11-12 13:48:57 
TT 560 265.9  51.2 279.0  51.7 5.24E-03 000.6 096.9  51.0 4.833679 0.933958 2.852948 hargrave 2021-11-13 10:40:15 
TT 565 266.9  51.2 280.0  51.4 5.20E-03 002.5 097.8  50.8 22.53149 2.759302 2.777429 hargrave 2021-11-13 18:58:46 
TT 570 266.2  51.2 279.3  51.6 5.03E-03 003.2 097.1  50.9 28.06271 2.282341 2.738154 hargrave 2021-11-15 14:13:28 
TT 575 267.6  51.2 280.6  51.3 4.87E-03 000.4 098.4  50.7 3.053136 0.749416 2.583318 hargrave 2021-11-16 14:57:38 
TT 578 263.9  50.0 276.5  50.8 4.64E-03 000.3 094.5  50.0 2.039223 0.708210 2.507080 hargrave 2021-11-17 13:42:39 
TT 581 264.4  50.1 277.0  50.9 4.34E-03 004.2 095.0  50.1 31.92301 2.456015 2.363501 hargrave 2021-11-18 13:32:39 
TT 587 267.4  50.2 280.0  50.4 4.29E-03 001.3 097.9  49.7 9.482760 0.816952 2.425502 hargrave 2021-11-22 10:32:59 
TT 600 266.1  44.0 276.3  44.6 3.29E-03 000.5 094.8  43.8 2.665752 0.368767 1.946456 hargrave 2021-11-23 09:47:15 
TT 615 263.9  47.8 275.6  48.7 2.30E-03 001.7 093.8  47.9 6.686924 0.517373 1.337911 hargrave 2021-11-23 17:10:01 
TT 630 265.4  46.4 276.5  47.1 2.04E-03 000.6 094.8  46.3 2.037005 0.258602 1.204206 hargrave 2021-11-24 16:43:04 
TT 645 264.5  46.1 275.5  47.0 1.92E-03 002.9 093.8  46.2 9.789793 0.277681 1.153772 hargrave 2021-11-27 14:10:47 
TT 655 262.4  43.9 272.5  45.2 1.82E-03 002.0 091.1  44.3 6.259338 0.162241 1.098653 hargrave 2021-11-28 15:02:34 
TT 665 264.1  46.2 275.1  47.1 1.57E-03 003.0 093.4  46.3 8.136845 0.530405 1.006462 hargrave 2021-11-29 10:25:41 
TT 675 265.7  44.6 276.2  45.3 7.62E-04 000.4 094.6  44.5 0.478933 0.160652 0.517364 hargrave 2021-11-29 17:06:40 
TT 685 249.0  32.3 255.6  36.3 1.47E-04 001.0 075.1  34.7 0.253433 0.088990 0.108702 hargrave 2021-11-30 13:36:21 
