CB18- 1a mag compass orientation (IGRF corrected)
      0   0.0  37.0 274.8  10.4   1.0
NRM    262.2  45.9 273.1  47.2 2.97E-02 000.6 321.3  81.3 23.90566 18.73593 8.347721 hargrave 2021-10-29 15:33:49 
TT 100 258.7  42.8 268.5  44.8 2.81E-02 000.6 319.0  77.3 16.95196 23.13063 10.95139 hargrave 2021-10-30 12:46:06 
TT 200 258.1  42.1 267.7  44.3 2.74E-02 001.6 318.9  76.5 19.34260 71.06489 12.40000 hargrave 2021-10-31 15:43:07 
TT 300 256.7  41.6 266.1  44.1 2.43E-02 000.9 316.5  75.6 8.132026 37.87850 9.789982 hargrave 2021-11-01 12:35:33 
TT 325 257.5  41.2 266.8  43.5 2.42E-02 001.1 319.5  75.5 8.654956 45.15312 10.56469 hargrave 2021-11-01 20:00:34 
TT 350 256.0  41.8 265.5  44.3 2.38E-02 000.7 314.4  75.4 22.76202 15.28272 9.310088 hargrave 2021-11-02 13:53:46 
TT 375 256.6  41.3 265.9  43.7 2.32E-02 001.0 317.1  75.2 7.496230 37.00790 9.944384 hargrave 2021-11-02 19:36:57 
TT 400 257.5  41.0 266.7  43.3 2.31E-02 001.6 319.9  75.3 20.22438 61.89993 10.95201 hargrave 2021-11-04 09:05:30 
TT 420 256.0  41.5 265.4  44.1 2.30E-02 001.0 315.0  75.2 8.518255 40.01356 10.15160 hargrave 2021-11-04 16:22:42 
TT 440 256.5  41.3 265.8  43.7 2.28E-02 000.8 316.7  75.1 7.276018 28.11866 9.595683 hargrave 2021-11-05 16:49:46 
TT 460 256.8  41.1 266.0  43.5 2.27E-02 001.3 318.0  75.1 13.06053 49.57784 9.602398 hargrave 2021-11-06 12:39:52 
TT 480 257.2  40.9 266.3  43.2 2.26E-02 001.4 319.3  75.1 16.76813 52.68833 12.33489 hargrave 2021-11-07 10:46:26 
TT 500 256.1  41.2 265.4  43.7 2.22E-02 000.7 316.0  74.9 4.483855 26.84686 9.174708 hargrave 2021-11-07 17:35:51 
TT 520 256.5  41.4 265.9  43.9 2.07E-02 001.0 316.6  75.3 10.37329 33.66366 7.928157 hargrave 2021-11-08 16:12:15 
TT 530 256.9  41.2 266.2  43.6 1.99E-02 000.9 317.8  75.3 6.439444 28.52201 7.363453 hargrave 2021-11-09 15:43:08 
TT 540 256.3  41.6 265.7  44.1 1.91E-02 000.8 315.5  75.4 8.151432 25.30378 4.924475 hargrave 2021-11-10 12:06:44 
TT 545 256.3  41.7 265.7  44.2 1.86E-02 000.7 315.3  75.4 6.980821 19.41311 7.146207 hargrave 2021-11-10 17:29:20 
TT 550 256.3  41.8 265.7  44.3 1.80E-02 000.7 315.2  75.5 5.274796 22.03492 6.300698 hargrave 2021-11-11 15:55:35 
TT 555 255.8  42.0 265.3  44.6 1.77E-02 000.6 313.3  75.5 5.441564 18.13165 5.967017 hargrave 2021-11-12 13:44:22 
TT 560 257.2  41.4 266.5  43.7 1.57E-02 001.2 318.3  75.5 12.04875 31.30054 6.347563 hargrave 2021-11-13 10:35:39 
TT 565 256.4  41.6 265.8  44.1 1.56E-02 000.8 315.8  75.4 4.337628 19.44835 6.816467 hargrave 2021-11-13 18:54:12 
TT 570 254.3  42.8 264.0  45.6 1.51E-02 000.5 308.0  75.4 10.75577 6.026512 4.845956 hargrave 2021-11-15 14:08:54 
TT 575 255.4  42.3 265.0  44.9 1.46E-02 001.1 311.8  75.5 12.67615 25.34950 5.006116 hargrave 2021-11-16 14:52:15 
TT 578 256.4  41.9 265.9  44.3 1.40E-02 001.0 315.2  75.6 22.54072 10.18411 4.692082 hargrave 2021-11-17 13:37:49 
TT 581 255.8  42.1 265.4  44.7 1.34E-02 000.5 313.3  75.6 11.16133 4.656140 4.697936 hargrave 2021-11-18 13:27:57 
TT 587 256.1  42.1 265.7  44.6 1.32E-02 000.9 314.2  75.6 6.065034 18.67497 4.142465 hargrave 2021-11-22 10:27:45 
TT 600 255.1  42.7 264.9  45.4 1.24E-02 001.0 310.1  75.7 9.711790 19.27760 5.179410 hargrave 2021-11-23 09:42:50 
TT 615 255.5  42.3 265.1  44.9 8.37E-03 000.5 312.0  75.5 3.271325 6.545940 2.117887 hargrave 2021-11-23 17:05:35 
TT 630 256.7  43.1 266.6  45.5 4.57E-03 000.4 313.0  76.7 2.917789 1.402356 1.383896 hargrave 2021-11-24 16:38:38 
TT 645 253.3  42.5 262.9  45.5 1.66E-03 000.6 306.6  74.7 0.863142 1.526757 0.481596 hargrave 2021-11-27 14:05:33 
TT 655 256.2  44.8 266.7  47.2 1.36E-03 000.5 306.8  77.8 0.825304 0.877887 0.417471 hargrave 2021-11-28 14:57:24 
TT 665 251.9  44.7 262.3  47.9 1.14E-03 001.6 297.9  75.5 2.771637 1.415387 0.337910 hargrave 2021-11-29 10:21:20 
TT 675 265.6  38.6 274.0  39.5 2.93E-04 000.6 346.3  75.3 0.222280 0.215969 0.271302 hargrave 2021-11-29 17:01:26 
TT 685 243.5  52.8 257.1  57.1 2.19E-04 002.1 260.2  74.1 0.754622 0.328215 0.104397 hargrave 2021-11-30 13:31:48 
