CB18- 3a mag compass orientation (IGRF corrected)
      0  20.0 108.0 274.8  10.4   1.0
NRM    297.1  78.7 328.9  72.0 1.49E-02 006.2 178.6 -06.8 3.731478 159.9430 27.98196 hargrave 2021-10-29 15:36:49 
TT 100 344.4  77.8 353.6  67.8 1.22E-02 002.0 170.0 -10.7 4.910761 36.22988 22.23730 hargrave 2021-10-30 12:49:05 
TT 200 001.9  73.2 003.0  62.8 1.11E-02 004.1 163.7 -12.2 20.10824 75.21834 18.48378 hargrave 2021-10-31 15:46:06 
TT 300 016.3  65.4 013.2  55.2 9.24E-03 006.2 154.6 -14.8 39.65745 90.82160 16.76428 hargrave 2021-11-01 12:38:04 
TT 325 018.4  64.3 014.8  54.1 8.91E-03 006.2 153.3 -15.5 40.95810 86.91779 15.57124 hargrave 2021-11-01 20:02:59 
TT 350 019.1  62.5 015.6  52.4 8.72E-03 003.3 151.4 -15.5 20.28366 43.50547 15.64602 hargrave 2021-11-02 13:56:16 
TT 375 020.4  63.6 016.4  53.5 8.43E-03 004.3 152.4 -16.3 25.67492 55.58445 15.44656 hargrave 2021-11-02 19:39:22 
TT 400 020.7  61.3 016.9  51.2 8.24E-03 005.3 150.0 -16.0 35.60968 66.38894 15.95431 hargrave 2021-11-04 09:09:29 
TT 420 020.1  63.3 016.2  53.2 8.13E-03 006.0 152.2 -16.1 36.81585 76.30747 15.19894 hargrave 2021-11-04 16:25:17 
TT 440 020.0  63.5 016.1  53.4 7.95E-03 005.7 152.3 -16.1 33.46630 70.32775 15.34459 hargrave 2021-11-05 16:52:18 
TT 460 020.8  61.9 016.9  51.8 7.66E-03 006.2 150.7 -16.2 37.64170 72.64486 14.34652 hargrave 2021-11-06 12:42:22 
TT 480 020.2  62.2 016.4  52.1 6.97E-03 003.1 151.0 -16.0 15.63465 31.93438 13.26042 hargrave 2021-11-07 10:48:57 
TT 500 020.2  62.2 016.5  52.0 6.25E-03 003.7 150.9 -16.0 17.17990 34.90369 11.02252 hargrave 2021-11-07 17:39:39 
TT 520 020.8  60.3 017.1  50.2 5.45E-03 006.4 149.0 -15.9 29.73498 52.65203 8.504642 hargrave 2021-11-08 16:15:16 
TT 530 019.8  63.4 016.0  53.3 5.19E-03 002.3 152.3 -16.0 8.131190 18.30732 7.264864 hargrave 2021-11-09 15:46:08 
TT 540 021.5  58.1 017.9  48.1 4.83E-03 006.3 146.7 -16.0 28.78712 44.20977 6.487586 hargrave 2021-11-10 12:09:42 
TT 545 021.0  62.8 017.0  52.7 4.61E-03 007.0 151.6 -16.4 25.37624 49.99780 6.856353 hargrave 2021-11-10 17:32:19 
TT 550 021.6  61.7 017.5  51.6 4.30E-03 004.7 150.4 -16.5 16.26306 31.01267 5.815170 hargrave 2021-11-11 15:58:35 
TT 555 021.6  64.0 017.3  53.9 4.13E-03 007.6 152.8 -16.8 23.93857 49.48624 6.159441 hargrave 2021-11-12 13:47:22 
TT 560 023.1  62.7 018.6  52.7 3.51E-03 005.4 151.3 -17.4 14.96118 29.41474 5.215501 hargrave 2021-11-13 10:38:40 
TT 565 023.3  62.1 018.8  52.1 3.48E-03 005.4 150.6 -17.4 14.93773 28.79449 4.859254 hargrave 2021-11-13 18:57:11 
TT 570 024.4  59.1 020.1  49.2 3.36E-03 004.9 147.6 -17.6 14.45471 24.38631 4.803065 hargrave 2021-11-15 14:11:54 
TT 575 024.1  60.8 019.6  50.9 3.26E-03 002.3 149.3 -17.6 5.548229 11.07260 4.071678 hargrave 2021-11-16 14:55:14 
TT 578 024.9  57.8 020.6  47.9 3.12E-03 000.8 146.1 -17.7 0.827201 1.850062 4.109282 hargrave 2021-11-17 13:40:51 
TT 581 025.6  57.4 021.3  47.5 3.02E-03 001.1 145.7 -18.1 1.671836 4.329956 3.814416 hargrave 2021-11-18 13:30:55 
TT 587 025.3  57.6 021.0  47.8 2.96E-03 005.1 145.9 -17.9 14.09722 22.17653 3.813252 hargrave 2021-11-22 10:30:39 
TT 600 030.5  54.0 025.7  44.4 2.60E-03 002.6 141.8 -20.6 6.510478 9.131778 3.029627 hargrave 2021-11-23 09:45:45 
TT 615 031.2  58.3 025.6  48.7 2.12E-03 005.5 146.4 -21.1 10.42403 17.14755 2.673323 hargrave 2021-11-23 17:08:30 
TT 630 030.6  55.1 025.6  45.5 2.01E-03 004.7 143.0 -20.7 9.228063 13.53878 2.384654 hargrave 2021-11-24 16:41:32 
TT 645 038.8  58.9 031.4  49.9 1.67E-03 001.8 147.4 -25.0 1.877093 4.441700 1.943817 hargrave 2021-11-27 14:09:16 
TT 655 035.4  54.3 029.7  45.1 1.62E-03 002.2 142.2 -23.5 3.357437 4.755775 2.074061 hargrave 2021-11-28 15:01:10 
TT 665 036.7  54.3 030.7  45.2 1.36E-03 003.5 142.2 -24.2 4.809035 6.521385 1.840134 hargrave 2021-11-29 10:24:17 
TT 675 025.5  57.6 021.1  47.7 3.37E-04 000.9 145.9 -18.0 0.233593 0.200688 0.486302 hargrave 2021-11-29 17:05:16 
TT 685 027.8  25.8 026.3  16.2 5.99E-05 006.1 112.9 -14.6 0.577568 0.281346 0.080054 hargrave 2021-11-30 13:34:54 
