CB18- 2a mag compass orientation (IGRF corrected)
      0 342.0   9.0 274.8  10.4   1.0
NRM    308.4  60.3 320.7  53.6 9.67E-03 000.4 071.8  64.3 4.105907 4.770714 4.136563 hargrave 2021-10-29 15:35:18 
TT 100 296.6  56.5 309.3  51.5 7.94E-03 001.9 056.3  62.3 23.83271 11.95829 4.471710 hargrave 2021-10-30 12:47:35 
TT 200 292.7  54.6 305.1  50.3 7.31E-03 002.6 051.0  60.9 26.74755 18.29865 4.239524 hargrave 2021-10-31 15:44:36 
TT 300 286.1  51.8 298.1  48.7 6.69E-03 002.9 042.1  58.9 23.91462 24.05977 3.707309 hargrave 2021-11-01 12:36:47 
TT 325 284.8  51.5 296.8  48.6 6.56E-03 001.5 040.5  58.8 13.42718 9.669137 4.719140 hargrave 2021-11-01 20:01:46 
TT 350 286.4  51.3 298.2  48.1 6.42E-03 001.4 042.4  58.3 12.28675 8.403357 4.308463 hargrave 2021-11-02 13:55:00 
TT 375 283.1  49.1 294.3  46.6 5.96E-03 001.5 037.9  56.5 12.13289 9.166812 4.615159 hargrave 2021-11-02 19:38:09 
TT 400 280.1  48.3 291.2  46.3 5.80E-03 002.5 034.0  56.0 16.52815 18.43040 4.414064 hargrave 2021-11-04 09:06:42 
TT 420 277.9  47.6 288.9  46.0 5.66E-03 001.5 031.4  55.5 10.13221 10.29598 4.432260 hargrave 2021-11-04 16:24:01 
TT 440 281.0  47.6 291.8  45.5 5.47E-03 001.6 035.0  55.3 11.01040 9.210128 4.522486 hargrave 2021-11-05 16:51:01 
TT 460 276.0  46.8 286.8  45.6 5.31E-03 001.0 028.9  54.9 6.534660 4.768083 4.568726 hargrave 2021-11-06 12:41:05 
TT 480 276.0  46.6 286.7  45.4 4.74E-03 001.1 028.9  54.7 6.213036 5.901921 4.053511 hargrave 2021-11-07 10:47:43 
TT 500 278.6  46.9 289.3  45.2 4.04E-03 002.9 032.0  54.8 12.96619 16.00649 3.448621 hargrave 2021-11-07 17:37:20 
TT 520 275.7  46.0 286.2  44.9 3.48E-03 002.6 028.4  54.1 8.804212 12.97763 2.421768 hargrave 2021-11-08 16:13:45 
TT 530 278.3  45.5 288.5  43.9 3.27E-03 000.6 031.3  53.4 2.312188 1.206662 2.240635 hargrave 2021-11-09 15:44:37 
TT 540 275.9  45.0 286.1  43.9 3.03E-03 001.4 028.5  53.1 4.152517 6.005345 1.604829 hargrave 2021-11-10 12:08:12 
TT 545 274.3  44.1 284.3  43.3 2.89E-03 002.2 026.5  52.3 6.009620 9.179674 2.164543 hargrave 2021-11-10 17:30:48 
TT 550 273.5  43.1 283.1  42.4 2.66E-03 000.5 025.4  51.3 1.178396 1.036894 1.757953 hargrave 2021-11-11 15:57:04 
TT 555 276.0  42.5 285.4  41.4 2.58E-03 001.3 028.2  50.6 3.536693 4.111284 1.921606 hargrave 2021-11-12 13:45:51 
TT 560 273.5  41.0 282.5  40.4 2.19E-03 001.9 025.1  49.3 3.583375 6.164434 1.538513 hargrave 2021-11-13 10:37:08 
TT 565 272.1  40.5 281.0  40.2 2.17E-03 002.7 023.4  48.9 4.727554 8.972446 1.806714 hargrave 2021-11-13 18:55:40 
TT 570 271.2  40.4 280.0  40.2 2.06E-03 002.2 022.3  48.8 3.405048 6.948458 1.514805 hargrave 2021-11-15 14:10:22 
TT 575 269.4  39.1 277.9  39.3 1.93E-03 000.7 020.2  47.6 1.253592 1.629217 1.455737 hargrave 2021-11-16 14:53:44 
TT 578 268.5  38.9 277.0  39.2 1.78E-03 003.4 019.1  47.4 2.938950 9.986397 1.203458 hargrave 2021-11-17 13:39:17 
TT 581 268.4  38.3 276.7  38.7 1.66E-03 001.1 018.9  46.8 1.349348 2.518042 1.313545 hargrave 2021-11-18 13:29:25 
TT 587 270.5  38.4 278.8  38.4 1.62E-03 002.3 021.4  46.8 2.785913 5.839485 1.251115 hargrave 2021-11-22 10:29:12 
TT 600 270.6  36.4 278.3  36.5 1.36E-03 001.8 021.2  44.9 1.810482 3.655171 1.185893 hargrave 2021-11-23 09:44:18 
TT 615 266.2  35.3 273.7  36.2 1.10E-03 002.4 016.2  44.0 1.628174 4.308714 0.970184 hargrave 2021-11-23 17:07:02 
TT 630 267.4  33.8 274.5  34.5 9.63E-04 001.1 017.4  42.5 0.747110 1.498597 0.866534 hargrave 2021-11-24 16:40:05 
TT 645 268.3  32.1 274.9  32.7 5.01E-04 001.0 018.2  40.7 0.268974 0.757924 0.455498 hargrave 2021-11-27 14:07:01 
TT 655 272.9  33.0 279.7  32.7 3.90E-04 000.8 023.5  41.3 0.207370 0.458334 0.395388 hargrave 2021-11-28 14:58:55 
TT 665 264.4  33.2 271.4  34.4 3.02E-04 001.8 014.0  41.9 0.222999 0.898468 0.305324 hargrave 2021-11-29 10:22:50 
TT 675 309.6  18.8 312.0  12.7 2.64E-05 003.1 060.6  23.5 0.120896 0.100687 0.022731 hargrave 2021-11-29 17:03:00 
TT 685 106.8  17.3 103.4  19.2 1.40E-05 006.0 213.6  09.9 0.087781 0.114359 0.038069 hargrave 2021-11-30 13:33:22 
