CB2- 2a mag compass orientation (IGRF corrected)
      0  81.0  48.0 291.7  19.7   1.0
NRM    238.3  70.6 310.4  77.9 5.15E-02 003.3 201.3  32.4 58.07844 279.5863 89.41983 hargrave 2021-09-04 14:53:51 
NRM    238.9  69.6 306.2  77.4 5.11E-02 003.3 202.4  32.0 62.24960 273.5703 88.30096 hargrave 2021-09-05 14:43:20 
TT 200 237.8  65.4 289.5  75.8 4.50E-02 003.3 205.9  29.1 85.80747 232.2071 81.83698 hargrave 2021-09-06 13:23:28 
TT 300 232.6  66.9 289.6  78.3 3.94E-02 002.6 203.2  28.5 36.30840 163.1441 71.30859 hargrave 2021-09-07 11:54:28 
TT 325 231.4  66.7 287.5  78.6 3.37E-02 001.9 203.0  28.0 12.94177 98.42302 56.70775 hargrave 2021-09-08 08:54:12 
TT 350 231.4  66.0 284.6  78.3 2.76E-02 003.0 203.5  27.5 36.45626 132.9509 49.64589 hargrave 2021-09-08 16:06:59 
TT 375 230.9  65.9 283.7  78.4 2.36E-02 003.8 203.4  27.3 42.93783 146.5502 42.32498 hargrave 2021-09-10 08:17:39 
TT 400 229.3  66.6 285.1  79.3 2.14E-02 004.4 202.3  27.4 42.68056 156.5647 36.60768 hargrave 2021-09-13 08:15:08 
TT 425 228.1  66.3 281.9  79.6 1.94E-02 003.5 202.2  26.7 30.77784 108.9145 33.50384 hargrave 2021-09-27 08:53:10 
TT 450 230.1  65.3 280.3  78.3 1.80E-02 001.6 203.7  26.6 6.613212 38.04134 30.48276 hargrave 2021-09-27 18:16:24 
TT 475 225.7  66.8 281.6  80.7 1.66E-02 001.4 201.0  26.5 4.058099 28.30331 28.24226 hargrave 2021-10-14 15:37:39 
TT 500 230.4  65.2 280.5  78.2 1.48E-02 004.3 203.8  26.7 36.98291 102.7565 24.87449 hargrave 2021-10-16 13:31:47 
TT 510 229.8  65.7 281.6  78.6 1.38E-02 003.1 203.3  26.8 21.10007 68.20795 20.03054 hargrave 2021-10-17 16:54:41 
TT 520 224.9  67.7 285.3  81.3 1.29E-02 004.6 200.1  26.9 28.28797 96.99757 22.70185 hargrave 2021-10-18 16:04:09 
TT 530 229.4  66.0 282.1  78.9 1.19E-02 001.7 202.9  26.9 5.784622 28.12204 20.33629 hargrave 2021-10-19 12:52:31 
TT 535 228.1  66.6 283.3  79.7 1.10E-02 001.3 202.0  27.0 2.345743 17.19094 18.50119 hargrave 2021-10-20 12:03:19 
TT 535 227.9  66.6 283.4  79.8 1.10E-02 001.3 201.9  27.0 2.096614 15.75011 18.38701 hargrave 2021-10-20 13:45:47 
TT 540 227.5  67.0 284.9  80.1 9.76E-03 001.2 201.5  27.1 10.01996 8.603154 16.27616 hargrave 2021-10-22 09:04:29 
TT 545 233.0  65.0 282.9  77.2 6.71E-03 005.1 204.8  27.4 21.53946 55.27442 11.87439 hargrave 2021-10-22 18:15:29 
TT 550 232.7  65.3 283.4  77.4 5.34E-03 006.6 204.5  27.4 22.63899 56.89139 9.831564 hargrave 2021-10-24 11:10:20 
TT 555 229.9  66.5 285.1  79.1 3.91E-03 002.3 202.6  27.4 3.991915 13.80816 6.673248 hargrave 2021-10-25 09:16:24 
TT 560 229.7  66.5 284.8  79.1 2.51E-03 003.0 202.5  27.4 3.708081 11.98152 4.427515 hargrave 2021-10-25 18:22:52 
TT 567 225.7  69.7 298.6  81.8 1.57E-03 001.3 198.8  28.6 0.357470 2.485071 2.702193 hargrave 2021-10-26 14:29:27 
TT 575 234.4  64.8 283.9  76.6 1.29E-03 004.1 205.4  27.7 3.325438 8.368713 2.270520 hargrave 2021-10-27 12:22:35 
TT 582 241.4  62.6 285.1  72.8 1.14E-03 002.9 209.6  28.6 3.174517 4.418345 1.878145 hargrave 2021-10-27 18:28:23 
TT 589 233.2  64.6 281.5  76.8 1.11E-03 003.5 205.3  27.1 2.281944 6.176503 1.954985 hargrave 2021-10-28 16:10:33 
