CB2- 5a mag compass orientation (IGRF corrected)
      0 336.0  79.0 291.7  19.7   1.0
NRM    235.7  66.5 291.1  77.1 5.19E-02 002.7 184.9  34.1 39.30371 231.7487 76.59702 hargrave 2021-09-04 15:01:09 
NRM    232.8  65.9 285.8  77.7 5.11E-02 001.0 186.5  34.4 40.66243 23.35927 73.54471 hargrave 2021-09-05 14:49:49 
TT 200 227.4  62.8 267.9  77.5 4.40E-02 002.2 190.4  36.5 10.73155 158.1558 55.05903 hargrave 2021-09-06 13:30:43 
TT 300 233.0  63.1 276.6  75.9 3.44E-02 003.8 187.3  37.1 11.03572 222.2931 44.15644 hargrave 2021-09-07 12:00:57 
TT 325 233.1  62.9 276.1  75.7 2.20E-02 001.2 187.4  37.3 8.905967 35.61973 26.04726 hargrave 2021-09-08 09:01:27 
TT 350 230.4  62.5 271.4  76.3 1.96E-02 003.8 189.0  37.3 7.608151 129.1542 24.85558 hargrave 2021-09-08 16:14:17 
TT 375 227.5  62.0 265.7  76.9 1.93E-02 003.1 190.8  37.2 8.153999 102.5944 20.84770 hargrave 2021-09-10 08:28:20 
TT 400 225.9  61.5 261.6  76.9 1.88E-02 007.0 191.9  37.4 36.28081 227.3426 18.14199 hargrave 2021-09-13 08:21:04 
TT 425 232.3  63.1 275.5  76.1 1.80E-02 002.6 187.7  37.0 4.736465 80.00963 22.57776 hargrave 2021-09-27 08:59:41 
TT 450 231.0  62.9 273.2  76.4 1.72E-02 002.0 188.5  37.0 3.920988 57.08439 22.43610 hargrave 2021-09-27 18:23:41 
TT 475 230.5  62.8 272.3  76.5 1.63E-02 003.3 188.8  37.0 9.569129 91.23735 20.22475 hargrave 2021-10-14 15:44:58 
TT 500 231.4  63.0 274.0  76.3 1.47E-02 004.4 188.3  37.0 11.63512 111.5047 17.71937 hargrave 2021-10-16 13:38:15 
TT 510 223.5  61.6 257.7  77.7 1.38E-02 001.9 193.1  36.8 4.210662 44.37553 13.39603 hargrave 2021-10-17 17:01:12 
TT 520 236.6  63.6 282.6  75.1 1.24E-02 000.8 185.2  36.9 6.981593 5.785087 16.84736 hargrave 2021-10-18 16:12:15 
TT 530 234.1  63.3 278.6  75.7 1.15E-02 002.0 186.7  37.0 3.397948 36.05032 16.87707 hargrave 2021-10-19 12:58:59 
TT 535 235.4  63.4 280.4  75.3 1.07E-02 002.0 185.9  37.1 4.775006 34.16996 17.38998 hargrave 2021-10-20 12:09:52 
TT 535 235.8  63.5 281.2  75.2 1.07E-02 001.8 185.7  37.1 5.301776 29.81081 17.19664 hargrave 2021-10-20 13:52:15 
TT 540 235.8  63.7 281.7  75.4 9.80E-03 001.0 185.6  36.8 6.612374 9.792133 13.95583 hargrave 2021-10-22 09:10:58 
TT 545 235.6  63.6 281.3  75.4 7.56E-03 001.0 185.8  36.9 4.838018 5.039347 11.32071 hargrave 2021-10-22 18:21:57 
TT 550 227.7  62.7 267.9  77.3 6.79E-03 004.0 190.3  36.7 3.828925 46.49329 11.65888 hargrave 2021-10-24 11:16:49 
TT 555 227.6  62.8 268.1  77.4 5.81E-03 001.5 190.4  36.5 3.109809 11.97704 9.592253 hargrave 2021-10-25 09:23:41 
TT 560 231.0  63.3 274.5  76.7 4.88E-03 004.7 188.3  36.7 2.165254 39.55396 8.545379 hargrave 2021-10-25 18:30:09 
TT 567 228.4  62.5 268.4  76.9 3.62E-03 001.3 190.1  37.0 2.297479 5.597848 5.844248 hargrave 2021-10-26 14:35:57 
TT 575 223.9  61.8 259.0  77.8 2.90E-03 001.6 192.8  36.7 1.692144 5.916416 5.131996 hargrave 2021-10-27 12:29:04 
TT 582 226.8  62.0 264.4  77.1 2.36E-03 001.1 191.2  37.1 2.359052 0.839337 4.013300 hargrave 2021-10-27 18:34:48 
TT 589 224.8  61.9 260.7  77.5 2.10E-03 004.9 192.3  36.9 2.131042 17.40276 3.662447 hargrave 2021-10-28 16:17:01 
