CB3- 3a mag compass orientation (IGRF corrected)
      0 267.0  16.0 291.7  19.7   1.0
NRM    300.9  63.9 332.0  55.2 1.62E-03 001.6 142.9  52.7 3.524870 2.714074 1.337780 hargrave 2021-09-04 15:11:18 
NRM    291.1  61.4 323.0  55.9 1.34E-03 000.7 134.5  52.2 1.206744 0.361938 1.003400 hargrave 2021-09-05 14:59:58 
TT 200 268.7  54.8 298.5  57.7 1.00E-03 000.9 112.7  51.3 1.348785 0.364563 0.579648 hargrave 2021-09-06 13:39:15 
TT 300 259.1  50.5 285.0  57.4 8.89E-04 002.0 101.5  50.0 3.070307 0.668376 0.405281 hargrave 2021-09-07 12:11:06 
TT 325 250.4  43.9 270.1  54.4 7.23E-04 001.2 089.4  46.3 1.463364 0.158629 0.427161 hargrave 2021-09-08 09:12:29 
TT 350 245.9  41.7 263.4  53.8 6.72E-04 001.3 083.8  45.5 1.401222 0.190897 0.453055 hargrave 2021-09-08 16:22:49 
TT 375 244.9  40.9 261.8  53.4 6.36E-04 001.0 082.5  45.1 1.056029 0.174497 0.440968 hargrave 2021-09-10 08:37:47 
TT 400 244.6  40.7 261.2  53.2 6.07E-04 005.0 082.0  44.9 5.222494 0.579112 0.411877 hargrave 2021-09-13 08:28:42 
TT 425 243.8  40.9 260.5  53.6 5.69E-04 001.2 081.4  45.3 1.188778 0.136495 0.344064 hargrave 2021-09-27 09:08:16 
TT 450 247.7  41.9 265.7  53.4 5.04E-04 000.7 085.7  45.2 0.563787 0.212682 0.291747 hargrave 2021-09-27 18:33:01 
TT 475 245.1  40.7 261.8  53.1 4.05E-04 001.7 082.5  44.8 1.166923 0.042467 0.252987 hargrave 2021-10-14 15:53:30 
TT 500 246.2  39.9 262.6  52.0 3.18E-04 001.5 083.2  43.8 0.812398 0.066051 0.194966 hargrave 2021-10-16 13:48:25 
TT 510 244.6  39.4 260.5  52.0 2.75E-04 002.3 081.4  43.7 1.069363 0.053593 0.185317 hargrave 2021-10-17 17:10:35 
TT 520 244.9  39.0 260.6  51.5 2.39E-04 001.4 081.5  43.2 0.554779 0.044071 0.155994 hargrave 2021-10-18 16:20:45 
TT 530 241.4  37.6 255.7  51.3 2.01E-04 002.5 077.4  42.9 0.811931 0.278657 0.134846 hargrave 2021-10-19 13:08:21 
TT 535 248.7  39.5 265.3  50.9 1.78E-04 001.1 085.5  42.7 0.309055 0.093341 0.111176 hargrave 2021-10-20 12:18:33 
TT 535 248.8  39.6 265.4  51.0 1.78E-04 001.0 085.7  42.8 0.279420 0.096412 0.112598 hargrave 2021-10-20 14:01:36 
TT 540 244.8  37.7 259.8  50.4 1.46E-04 001.0 080.8  42.1 0.250188 0.076751 0.091099 hargrave 2021-10-22 09:20:18 
TT 545 252.2  37.9 268.2  48.4 1.13E-04 002.8 088.2  40.3 0.547955 0.062588 0.066232 hargrave 2021-10-22 18:30:27 
TT 550 246.7  34.7 260.3  47.1 1.11E-04 002.3 081.4  38.8 0.442597 0.036586 0.071981 hargrave 2021-10-24 11:26:08 
TT 555 240.0  36.1 253.1  50.2 9.68E-05 001.5 075.1  41.8 0.246693 0.044498 0.073491 hargrave 2021-10-25 09:33:02 
TT 560 247.0  34.5 260.5  46.7 9.84E-05 003.0 081.5  38.4 0.523136 0.035032 0.062585 hargrave 2021-10-25 18:41:08 
TT 567 245.0  31.7 256.9  44.7 9.84E-05 000.8 078.4  36.3 0.103411 0.131780 0.064280 hargrave 2021-10-26 14:45:18 
TT 575 256.1  39.1 273.1  48.2 7.88E-05 002.9 092.5  40.3 0.369703 0.183700 0.044687 hargrave 2021-10-27 12:37:36 
TT 582 248.5  28.9 259.5  41.1 9.76E-05 002.2 080.9  32.8 0.375647 0.135044 0.053219 hargrave 2021-10-27 18:43:19 
TT 589 248.9  46.0 270.1  56.8 6.17E-05 003.5 089.2  48.7 0.360887 0.184412 0.038065 hargrave 2021-10-28 16:26:22 
