CB3- 7a mag compass orientation (IGRF corrected)
      0   8.0  48.0 291.7  19.7   1.0
NRM    016.5  78.3 019.7  58.6 9.12E-04 029.7 165.0  39.3 72.89285 19.56165 61.69128 hargrave 2021-09-04 15:17:24 
NRM    001.4  73.8 012.0  54.7 1.82E-03 006.0 158.2  41.8 10.71430 14.44780 6.217618 hargrave 2021-09-04 18:12:58 
NRM    349.7  78.2 009.3  59.7 1.51E-03 005.4 164.2  44.6 7.256882 11.38062 4.574960 hargrave 2021-09-05 15:07:39 
TT 200 299.0  79.8 355.3  66.8 8.48E-04 004.0 174.2  51.4 4.329153 1.485063 3.753025 hargrave 2021-09-06 13:46:13 
TT 300 267.6  74.4 333.6  70.7 6.19E-04 003.7 185.2  57.3 3.079383 1.250251 2.302548 hargrave 2021-09-07 12:19:36 
TT 325 241.8  62.1 284.2  72.3 1.62E-04 046.7 214.4  60.7 6.967102 4.778905 15.06759 hargrave 2021-09-08 09:18:35 
TT 325 245.5  59.7 283.2  69.3 3.23E-04 002.5 217.3  63.4 0.606613 1.132659 0.616059 hargrave 2021-09-08 10:33:48 
TT 350 239.2  51.0 263.1  64.2 2.43E-04 004.0 237.7  62.2 1.598024 0.522360 0.231566 hargrave 2021-09-08 16:30:31 
TT 375 237.4  48.6 258.5  62.5 1.07E-04 050.5 242.8  61.1 2.525849 4.910779 9.984021 hargrave 2021-09-10 08:45:33 
TT 375 238.7  48.2 259.8  61.8 2.14E-04 001.4 243.7  61.9 0.049429 0.489709 0.219139 hargrave 2021-09-10 10:39:21 
TT 400 238.4  47.0 258.3  60.8 1.95E-04 000.8 246.2  61.6 0.205400 0.115749 0.150446 hargrave 2021-09-13 08:35:03 
TT 425 237.3  41.8 253.1  56.3 1.78E-04 001.2 256.5  60.0 0.303924 0.183316 0.078250 hargrave 2021-09-27 09:15:13 
TT 450 236.0  41.3 251.2  56.2 1.72E-04 003.3 256.8  59.0 0.931928 0.315337 0.127939 hargrave 2021-09-27 18:40:42 
TT 475 234.7  41.9 249.9  57.1 8.31E-05 047.9 255.3  58.2 1.190106 4.531743 7.546299 hargrave 2021-10-14 16:01:12 
TT 475 236.5  36.6 249.2  51.6 1.66E-04 003.2 265.6  57.8 0.875675 0.244413 0.145384 hargrave 2021-10-14 17:35:54 
TT 500 237.6  38.5 251.5  53.1 1.53E-04 001.0 262.9  59.2 0.237225 0.075749 0.067261 hargrave 2021-10-16 13:55:19 
TT 510 235.2  38.4 248.5  53.6 1.48E-04 000.9 261.8  57.4 0.090625 0.154318 0.136245 hargrave 2021-10-17 17:18:22 
TT 520 234.9  38.6 248.2  53.9 1.29E-04 002.8 261.3  57.3 0.598780 0.165784 0.060501 hargrave 2021-10-18 16:27:38 
TT 530 235.7  33.8 247.0  49.1 1.16E-04 000.8 269.7  56.0 0.058406 0.137298 0.064469 hargrave 2021-10-19 13:15:16 
TT 535 238.8  27.8 248.1  42.6 9.70E-05 000.8 281.3  55.2 0.084191 0.105592 0.053530 hargrave 2021-10-20 12:25:32 
TT 535 238.3  27.7 247.6  42.6 9.72E-05 000.9 281.1  54.8 0.079309 0.162215 0.048501 hargrave 2021-10-20 14:10:17 
TT 540 234.7  28.1 243.5  43.8 9.08E-05 001.0 277.6  52.4 0.079467 0.147056 0.056090 hargrave 2021-10-22 09:27:13 
TT 545 237.5  30.7 247.8  45.7 7.68E-05 001.2 276.0  55.9 0.103357 0.137274 0.043982 hargrave 2021-10-22 18:37:21 
TT 550 241.7  31.3 253.0  45.2 6.64E-05 002.1 278.4  59.3 0.237282 0.065638 0.028009 hargrave 2021-10-24 11:33:01 
TT 555 246.1  18.3 253.0  31.6 7.75E-05 001.7 301.5  54.0 0.236293 0.065595 0.037734 hargrave 2021-10-25 09:39:56 
TT 560 233.6  15.8 238.6  32.1 7.80E-05 002.4 291.0  43.9 0.345187 0.117827 0.065482 hargrave 2021-10-25 18:48:03 
TT 567 262.8  25.7 273.2  33.7 6.60E-05 002.6 317.7  69.5 0.110884 0.287555 0.033752 hargrave 2021-10-26 14:52:13 
TT 575 213.9  45.2 221.8  64.2 6.53E-05 005.7 243.1  44.7 0.376528 0.556683 0.089128 hargrave 2021-10-27 12:44:31 
TT 582 276.3  18.6 283.6  22.7 7.37E-05 003.1 355.9  66.6 0.095801 0.384284 0.032475 hargrave 2021-10-27 18:50:17 
TT 589 200.0  55.9 197.9  75.6 6.42E-05 006.4 225.6  39.9 0.204357 0.695515 0.157932 hargrave 2021-10-28 16:33:18 
