CB3- 2a mag compass orientation (IGRF corrected)
      0  28.0  72.0 291.7  19.7   1.0
NRM    241.2  56.9 273.5  68.6 3.05E-03 002.4 212.9  32.9 4.056648 11.32133 4.837213 hargrave 2021-09-04 15:09:47 
NRM    237.7  53.6 264.3  66.9 2.97E-03 001.2 217.4  31.9 4.449153 2.201602 3.983907 hargrave 2021-09-05 14:58:27 
TT 200 233.8  49.5 254.5  64.3 2.79E-03 001.7 222.6  30.2 2.974605 6.589084 3.877103 hargrave 2021-09-06 13:37:44 
TT 300 232.5  48.1 251.5  63.4 2.72E-03 000.9 224.4  29.6 0.279976 2.880083 3.510574 hargrave 2021-09-07 12:09:33 
TT 325 230.7  47.1 248.2  62.9 2.83E-03 001.5 225.6  28.5 2.971831 6.070236 3.654807 hargrave 2021-09-08 09:10:58 
TT 350 230.2  46.6 247.1  62.6 2.75E-03 000.9 226.1  28.1 1.204265 2.289792 3.862056 hargrave 2021-09-08 16:21:17 
TT 375 230.2  45.8 246.5  61.8 2.59E-03 002.9 227.1  28.2 7.842872 10.29192 3.362156 hargrave 2021-09-10 08:36:15 
TT 400 230.3  43.3 244.9  59.4 2.44E-03 004.0 230.0  28.3 11.47428 12.14771 2.759744 hargrave 2021-09-13 08:27:27 
TT 425 229.6  47.5 246.9  63.5 2.28E-03 001.1 225.2  27.7 1.024684 3.078395 2.857113 hargrave 2021-09-27 09:06:44 
TT 450 229.3  44.3 244.1  60.6 2.19E-03 001.0 228.8  27.6 2.791549 1.060879 2.463267 hargrave 2021-09-27 18:31:29 
TT 475 229.4  46.0 245.6  62.2 2.11E-03 001.6 226.8  27.6 3.179199 4.391757 2.331313 hargrave 2021-10-14 15:51:58 
TT 500 229.4  45.6 245.2  61.8 1.98E-03 001.6 227.3  27.6 3.049638 4.248592 2.293181 hargrave 2021-10-16 13:46:53 
TT 510 229.5  47.5 246.8  63.5 1.91E-03 002.6 225.2  27.6 5.085317 6.893063 2.250946 hargrave 2021-10-17 17:09:03 
TT 520 229.3  46.4 245.6  62.6 1.80E-03 001.2 226.5  27.5 2.670332 1.452484 2.014669 hargrave 2021-10-18 16:19:14 
TT 530 229.5  47.9 247.1  63.9 1.65E-03 001.4 224.8  27.6 1.728931 2.995746 1.944131 hargrave 2021-10-19 13:06:49 
TT 535 229.5  45.8 245.5  62.0 1.50E-03 002.9 227.1  27.7 4.913256 5.620179 1.753087 hargrave 2021-10-20 12:17:00 
TT 535 229.5  46.0 245.6  62.1 1.50E-03 002.8 226.9  27.7 4.620474 5.368198 1.752269 hargrave 2021-10-20 14:00:04 
TT 540 229.8  48.8 248.3  64.8 1.29E-03 002.2 223.7  27.7 3.638458 2.842135 1.482863 hargrave 2021-10-22 09:18:46 
TT 545 229.8  43.7 244.5  59.9 8.96E-04 001.0 229.5  27.9 1.163665 0.505470 1.004612 hargrave 2021-10-22 18:28:56 
TT 550 229.9  45.9 246.2  62.0 8.84E-04 002.9 226.9  28.0 2.908420 3.337820 1.032229 hargrave 2021-10-24 11:24:36 
TT 555 230.6  48.2 249.0  64.0 7.68E-04 003.2 224.3  28.3 2.659648 3.256750 0.924307 hargrave 2021-10-25 09:31:30 
TT 560 230.3  47.2 247.6  63.1 6.96E-04 001.8 225.5  28.2 1.102125 1.653338 0.817755 hargrave 2021-10-25 18:39:36 
TT 567 230.8  47.4 248.6  63.2 6.45E-04 000.9 225.2  28.5 0.147629 0.689937 0.751236 hargrave 2021-10-26 14:43:46 
TT 575 230.3  47.6 248.0  63.4 6.24E-04 002.4 225.1  28.2 1.424527 2.033094 0.730737 hargrave 2021-10-27 12:36:04 
TT 582 231.5  47.8 249.7  63.3 5.88E-04 004.4 224.8  28.9 2.852294 3.417482 0.704567 hargrave 2021-10-27 18:41:47 
TT 589 230.0  45.8 246.2  61.9 5.83E-04 001.1 227.0  28.0 0.292145 0.810884 0.673657 hargrave 2021-10-28 16:24:50 
TT 610 230.7  50.2 250.8  65.8 5.19E-04 004.0 222.1  28.2 2.096271 2.867877 0.538843 hargrave 2021-11-22 17:13:29 
TT 625 228.7  45.4 244.2  61.8 4.24E-04 003.2 227.5  27.2 1.459502 1.884977 0.414107 hargrave 2021-11-23 14:00:56 
TT 640 232.1  50.1 252.8  65.3 3.06E-04 003.1 222.1  29.1 0.957675 1.317345 0.312646 hargrave 2021-11-24 10:27:37 
TT 655 223.4  42.0 234.6  59.6 2.55E-04 001.0 231.3  23.3 0.279001 0.305058 0.225408 hargrave 2021-11-25 15:08:34 
TT 660 245.1  59.8 283.0  69.6 1.80E-04 004.7 208.8  33.7 0.499050 1.364818 0.215501 hargrave 2021-11-27 18:17:07 
TT 665 221.3  35.7 229.2  53.8 1.74E-04 004.2 237.8  21.0 0.843423 1.007753 0.185918 hargrave 2021-11-28 18:27:19 
TT 667 210.4  50.0 217.6  69.3 1.05E-04 005.2 221.7  15.2 0.544984 0.783006 0.131018 hargrave 2021-11-29 14:12:16 
TT 670 214.7  43.3 222.3  62.3 1.29E-04 001.7 229.1  17.0 0.124652 0.400239 0.138832 hargrave 2021-11-30 10:47:18 
