CB4- 2a mag compass orientation (IGRF corrected)
      0 218.0  52.0 291.7  19.7   1.0
NRM    260.4  70.2 319.4  70.9 1.40E-03 001.9 164.2  23.6 1.264773 4.373549 1.057469 hargrave 2021-09-04 15:20:17 
NRM    264.2  70.0 320.6  69.7 1.29E-03 000.9 165.1  22.5 0.500755 1.691214 1.002194 hargrave 2021-09-05 15:11:25 
TT 200 249.7  64.0 296.5  70.9 9.88E-04 001.7 156.3  21.8 1.172651 2.567547 0.835855 hargrave 2021-09-06 13:49:06 
TT 300 251.4  64.8 299.8  70.9 6.23E-04 002.7 157.5  21.9 1.081570 2.670092 0.524040 hargrave 2021-09-07 12:22:30 
TT 325 244.4  60.4 283.5  70.3 4.03E-04 002.0 151.7  21.3 0.693695 1.207110 0.353166 hargrave 2021-09-08 09:21:28 
TT 350 243.6  59.8 281.4  70.0 3.60E-04 001.5 150.9  21.1 0.442174 0.771150 0.311690 hargrave 2021-09-08 16:33:25 
TT 375 239.7  57.0 271.9  69.1 3.42E-04 004.7 147.2  20.9 1.578200 2.317526 0.311957 hargrave 2021-09-10 08:48:27 
TT 400 242.6  58.5 277.8  69.3 3.30E-04 001.1 149.5  20.7 0.237886 0.546464 0.282920 hargrave 2021-09-13 08:37:22 
TT 425 237.9  55.7 267.4  68.6 3.13E-04 002.4 145.4  20.9 0.721460 1.020482 0.331561 hargrave 2021-09-27 09:18:08 
TT 450 238.8  55.9 268.9  68.5 2.98E-04 001.9 145.9  20.7 0.566200 0.780070 0.304063 hargrave 2021-09-27 18:43:36 
TT 475 240.8  57.4 273.8  69.1 2.71E-04 003.0 147.9  20.8 0.749036 1.182204 0.271660 hargrave 2021-10-14 16:04:07 
TT 500 237.1  55.2 265.7  68.4 2.49E-04 002.4 144.7  21.0 0.592810 0.810654 0.262939 hargrave 2021-10-16 13:58:13 
TT 510 240.1  56.7 271.8  68.8 2.31E-04 001.4 147.1  20.6 0.252164 0.454008 0.230180 hargrave 2021-10-17 17:21:17 
TT 520 237.8  54.9 266.2  68.0 2.08E-04 000.7 144.7  20.5 0.091325 0.141811 0.201312 hargrave 2021-10-18 16:30:32 
TT 530 242.6  57.9 276.8  68.9 1.74E-04 000.7 149.0  20.3 0.044930 0.121965 0.188872 hargrave 2021-10-19 13:18:10 
TT 535 238.2  53.7 265.0  66.8 1.52E-04 005.4 143.8  19.6 0.861633 1.148048 0.167322 hargrave 2021-10-20 12:28:27 
TT 535 237.9  53.5 264.5  66.7 1.52E-04 005.2 143.6  19.6 0.818906 1.095266 0.171156 hargrave 2021-10-20 14:13:14 
TT 540 240.0  55.0 269.2  67.4 1.31E-04 005.3 145.7  19.6 0.678187 0.998737 0.155647 hargrave 2021-10-22 09:30:07 
TT 545 240.1  55.7 270.3  67.9 1.16E-04 001.2 146.2  20.0 0.115377 0.169706 0.134712 hargrave 2021-10-22 18:40:14 
TT 550 240.4  53.6 267.8  66.1 9.88E-05 005.0 144.7  18.5 0.487967 0.704206 0.123958 hargrave 2021-10-24 11:35:55 
TT 555 233.5  50.7 255.3  65.5 8.89E-05 004.0 139.4  20.1 0.380118 0.475128 0.107193 hargrave 2021-10-25 09:42:50 
TT 560 239.1  52.1 264.3  65.2 8.33E-05 005.1 142.9  18.2 0.409751 0.608553 0.101865 hargrave 2021-10-25 18:50:57 
TT 567 231.3  48.2 249.9  63.8 7.80E-05 000.7 136.5  19.8 0.042552 0.075129 0.093293 hargrave 2021-10-26 14:55:08 
TT 575 238.6  50.9 262.3  64.2 7.31E-05 004.1 141.7  17.6 0.296956 0.429496 0.094674 hargrave 2021-10-27 12:48:15 
TT 582 229.7  46.9 246.6  63.0 6.86E-05 002.7 134.6  19.9 0.176498 0.265577 0.110566 hargrave 2021-10-27 18:53:10 
TT 589 237.4  48.9 258.7  62.8 6.46E-05 003.4 139.6  17.0 0.195623 0.342241 0.087616 hargrave 2021-10-28 16:37:02 
