CB4- 6a mag compass orientation (IGRF corrected)
      0 224.0  80.0 291.7  19.7   1.0
NRM    015.8  13.4 015.9 -06.2 7.92E-05 002.0 250.2 -24.4 0.254442 0.091491 0.087959 hargrave 2021-09-04 15:26:16 
NRM    012.1  01.3 011.6 -18.1 6.28E-05 006.1 262.3 -31.1 0.662716 0.094103 0.046076 hargrave 2021-09-05 15:17:20 
TT 200 013.8 -28.1 011.3 -47.5 5.53E-05 001.1 296.9 -31.3 0.089670 0.050295 0.043325 hargrave 2021-09-06 13:55:00 
TT 300 016.8 -42.7 014.0 -62.2 5.82E-05 006.2 312.9 -26.6 0.485967 0.404718 0.061779 hargrave 2021-09-07 12:28:25 
TT 325 019.6 -48.2 017.9 -67.8 6.09E-05 001.6 318.5 -23.6 0.087360 0.131508 0.103675 hargrave 2021-09-08 09:27:22 
TT 350 015.5 -45.1 011.5 -64.7 5.23E-05 003.7 315.9 -27.0 0.247480 0.222130 0.089901 hargrave 2021-09-08 16:39:20 
TT 375 354.2 -39.1 342.2 -55.7 3.55E-05 003.1 316.0 -43.9 0.141269 0.128407 0.041975 hargrave 2021-09-10 08:54:25 
TT 400 314.9 -11.2 310.0 -18.2 2.53E-05 001.2 324.4 -88.5 0.051468 0.011116 0.001795 hargrave 2021-09-13 08:42:08 
TT 425 284.4  20.1 291.9  21.3 3.44E-05 001.9 136.0 -48.1 0.086921 0.070041 0.057263 hargrave 2021-09-27 09:24:05 
TT 450 271.9  32.9 285.6  37.4 5.07E-05 001.1 138.8 -31.2 0.033248 0.071212 0.069527 hargrave 2021-09-27 18:49:31 
TT 475 264.6  39.2 281.9  45.6 6.94E-05 003.8 140.4 -22.7 0.242252 0.363144 0.143696 hargrave 2021-10-14 16:10:03 
TT 500 259.4  40.6 277.5  48.6 8.31E-05 001.5 139.2 -18.6 0.104280 0.155149 0.133145 hargrave 2021-10-16 14:04:58 
TT 510 256.8  41.4 275.3  50.1 9.35E-05 001.2 138.9 -16.6 0.070485 0.099989 0.174545 hargrave 2021-10-17 17:27:13 
TT 520 257.2  44.7 278.1  52.9 1.01E-04 001.8 141.9 -15.1 0.164206 0.213063 0.180153 hargrave 2021-10-18 16:36:26 
TT 530 254.3  43.2 273.9  52.5 1.08E-04 003.1 139.6 -14.1 0.343552 0.441565 0.175261 hargrave 2021-10-19 13:24:55 
TT 535 253.6  44.0 273.7  53.4 1.13E-04 001.7 140.0 -13.3 0.143002 0.233491 0.197607 hargrave 2021-10-20 12:34:29 
TT 535 253.5  43.8 273.5  53.3 1.13E-04 001.5 139.8 -13.3 0.121855 0.204188 0.197453 hargrave 2021-10-20 14:19:16 
TT 540 252.8  44.0 272.8  53.8 1.17E-04 001.1 139.8 -12.7 0.041096 0.100884 0.209465 hargrave 2021-10-22 09:36:03 
TT 545 252.5  44.4 272.9  54.2 1.20E-04 003.0 140.0 -12.4 0.352717 0.483865 0.205330 hargrave 2021-10-22 18:46:10 
TT 550 252.4  44.9 273.1  54.7 1.20E-04 005.5 140.4 -12.1 0.717804 0.872405 0.217375 hargrave 2021-10-24 11:41:51 
TT 555 249.8  42.4 268.3  53.2 1.23E-04 001.1 137.2 -11.5 0.045621 0.111994 0.206275 hargrave 2021-10-25 09:48:47 
TT 560 250.1  43.3 269.3  53.9 1.24E-04 001.3 138.2 -11.3 0.103283 0.178356 0.215700 hargrave 2021-10-25 18:56:53 
TT 567 250.9  45.1 271.7  55.4 1.25E-04 004.0 140.2 -11.0 0.533080 0.668905 0.210270 hargrave 2021-10-26 15:01:53 
TT 575 249.0  42.9 267.9  53.9 1.27E-04 002.4 137.5 -10.8 0.299528 0.378643 0.233429 hargrave 2021-10-27 12:55:01 
TT 582 249.9  44.2 269.8  54.9 1.27E-04 004.6 139.0 -10.8 0.628658 0.773652 0.235466 hargrave 2021-10-27 18:59:03 
TT 589 249.8  44.1 269.6  54.8 1.28E-04 001.7 138.8 -10.8 0.184202 0.259495 0.236757 hargrave 2021-10-28 16:43:00 
TT 610 248.9  43.6 268.2  54.6 1.26E-04 001.7 138.1 -10.4 0.189080 0.261189 0.194416 hargrave 2021-11-22 17:23:37 
TT 625 251.6  47.4 274.2  57.1 1.23E-04 001.9 142.4 -10.4 0.208279 0.310059 0.200643 hargrave 2021-11-23 14:11:00 
TT 640 249.6  45.7 270.7  56.3 1.17E-04 004.3 140.3 -10.0 0.538108 0.677656 0.196137 hargrave 2021-11-24 10:37:45 
TT 655 248.5  44.3 268.3  55.4 1.17E-04 004.2 138.6 -09.8 0.557152 0.637039 0.164135 hargrave 2021-11-25 15:18:26 
TT 660 246.7  41.4 264.2  53.2 1.13E-04 007.1 135.4 -09.8 0.974250 1.014357 0.167272 hargrave 2021-11-27 18:26:53 
TT 665 248.2  45.9 269.2  56.9 8.68E-05 005.0 140.0 -09.0 0.476627 0.577560 0.165018 hargrave 2021-11-28 18:37:04 
TT 667 252.5  49.9 277.6  59.1 8.86E-05 004.4 145.0 -09.8 0.376151 0.538757 0.171947 hargrave 2021-11-29 14:19:54 
TT 670 249.3  48.6 272.8  58.9 6.56E-05 004.3 142.8 -08.5 0.277930 0.398394 0.117660 hargrave 2021-11-30 10:54:55 
TT 672 249.8  48.0 272.8  58.3 6.39E-05 002.3 142.4 -09.0 0.155068 0.188510 0.098924 hargrave 2021-11-30 16:05:51 
TT 675 247.9  47.1 269.9  58.0 5.78E-05 009.4 141.0 -08.3 0.577983 0.754411 0.099657 hargrave 2021-12-01 14:45:46 
TT 680 246.4  46.2 267.4  57.7 2.57E-05 003.7 139.7 -07.7 0.106717 0.122584 0.040592 hargrave 2021-12-02 09:47:35 
TT 685 248.5  66.1 300.7  72.6 1.54E-05 003.0 158.4 -00.4 0.037095 0.071092 0.032468 hargrave 2021-12-02 19:25:26 
TT 690 223.9 -18.4 222.7 -00.0 7.74E-06 003.9 071.9 -03.1 0.053497 0.012774 0.007897 hargrave 2021-12-03 19:40:39 
