CB5- 1a mag compass orientation (IGRF corrected)
      0 177.0  49.0 291.7  19.7   1.0
NRM    277.2  61.5 313.4  60.2 4.86E-04 004.1 185.0  12.9 0.135410 3.337803 0.987920 hargrave 2021-09-04 15:32:15 
NRM    271.6  60.4 307.7  61.1 4.72E-04 003.3 182.3  11.4 0.033104 2.572072 0.862967 hargrave 2021-09-05 15:24:06 
TT 200 266.4  55.7 297.5  59.2 4.35E-04 001.2 179.6  06.7 0.086358 0.246104 0.884994 hargrave 2021-09-06 14:01:48 
TT 300 261.2  51.7 288.3  57.7 4.08E-04 005.6 176.4  02.9 0.290356 3.902125 0.808312 hargrave 2021-09-07 12:36:02 
TT 325 256.6  50.0 282.0  57.8 4.01E-04 004.2 173.3  01.5 0.359984 2.818627 0.810750 hargrave 2021-09-08 09:34:09 
TT 350 256.8  49.7 282.0  57.4 3.85E-04 005.7 173.4  01.1 0.450777 3.750103 0.778793 hargrave 2021-09-08 16:45:20 
TT 375 253.4  49.2 277.9  58.1 3.41E-04 006.1 171.2  01.0 0.591884 3.552401 0.658979 hargrave 2021-09-10 09:02:06 
TT 400 257.3  49.4 282.2  57.0 3.06E-04 004.2 173.7  00.8 0.225843 2.167470 0.628833 hargrave 2021-09-13 08:48:34 
TT 425 254.7  49.2 279.2  57.7 2.82E-04 002.7 172.0  00.8 0.174961 1.195835 0.584927 hargrave 2021-09-27 09:30:55 
TT 450 251.4  48.8 275.4  58.4 2.67E-04 004.8 169.8  00.8 0.380118 2.120527 0.544001 hargrave 2021-09-27 18:57:56 
TT 475 253.1  48.7 277.1  57.8 2.55E-04 001.4 170.9  00.5 0.069331 0.337353 0.499639 hargrave 2021-10-14 16:16:52 
TT 500 255.9  48.8 280.1  57.0 2.38E-04 004.0 172.7  00.3 0.210018 1.591739 0.479811 hargrave 2021-10-16 14:11:47 
TT 510 252.3  48.2 275.8  57.6 2.26E-04 006.2 170.3  00.2 0.420859 2.393620 0.440297 hargrave 2021-10-17 17:34:05 
TT 520 252.1  48.0 275.3  57.5 2.19E-04 004.0 170.1 -00.0 0.267181 1.427490 0.441459 hargrave 2021-10-18 16:44:02 
TT 530 257.8  48.6 281.9  56.1 2.11E-04 005.2 173.9 -00.1 0.194319 1.849232 0.436989 hargrave 2021-10-19 13:31:44 
TT 535 255.5  48.3 279.2  56.7 2.03E-04 009.2 172.3 -00.1 0.427730 3.226642 0.424256 hargrave 2021-10-20 12:41:25 
TT 535 255.7  48.3 279.5  56.6 2.03E-04 009.3 172.5 -00.1 0.424371 3.287909 0.423324 hargrave 2021-10-20 14:26:13 
TT 540 252.9  47.9 276.1  57.2 2.01E-04 003.7 170.6 -00.2 0.216707 1.221763 0.416319 hargrave 2021-10-22 09:42:53 
TT 545 256.8  48.1 280.4  56.1 1.96E-04 003.3 173.2 -00.4 0.129186 1.047274 0.404234 hargrave 2021-10-22 18:52:58 
TT 550 260.2  48.2 284.1  55.0 1.92E-04 005.5 175.5 -00.6 0.133349 1.804755 0.400779 hargrave 2021-10-24 11:48:40 
TT 555 255.7  48.1 279.4  56.4 1.83E-04 003.6 172.5 -00.3 0.139638 1.091722 0.379770 hargrave 2021-10-25 09:55:35 
TT 560 257.8  48.3 281.6  55.9 1.77E-04 001.8 173.9 -00.3 0.071691 0.443302 0.356751 hargrave 2021-10-25 19:03:42 
TT 567 249.4  47.5 272.0  57.9 1.65E-04 003.0 168.2 -00.1 0.183899 0.792997 0.327542 hargrave 2021-10-26 15:08:42 
TT 575 256.2  48.6 280.3  56.7 1.39E-04 003.3 172.9  00.1 0.090877 0.734295 0.281889 hargrave 2021-10-27 13:01:49 
TT 582 259.7  49.6 284.8  56.4 1.21E-04 006.1 175.3  00.8 0.107100 1.269334 0.255231 hargrave 2021-10-27 19:05:49 
TT 589 255.2  49.2 279.8  57.6 1.14E-04 004.1 172.3  00.8 0.100342 0.776103 0.234582 hargrave 2021-10-28 16:49:50 
TT 600 255.5  50.0 280.8  58.1 9.97E-05 005.0 172.6  01.5 0.106287 0.852723 0.184984 hargrave 2021-11-23 09:54:56 
TT 615 260.7  51.3 287.4  57.5 8.21E-05 004.7 176.1  02.5 0.057992 0.663189 0.154994 hargrave 2021-11-23 17:18:30 
TT 630 261.6  54.0 291.1  59.5 6.08E-05 005.1 176.8  05.1 0.043424 0.531495 0.119702 hargrave 2021-11-24 16:50:43 
TT 645 267.7  59.4 303.3  61.7 3.49E-05 005.5 180.4  10.4 0.050622 0.323425 0.082418 hargrave 2021-11-27 14:20:03 
TT 655 269.3  69.0 321.0  67.7 2.08E-05 005.8 180.9  20.0 0.008554 0.206061 0.047288 hargrave 2021-11-28 15:10:04 
TT 665 320.0  69.0 348.0  55.2 1.46E-05 005.2 198.7  26.7 0.042480 0.123368 0.044595 hargrave 2021-11-29 10:33:13 
TT 675 256.0  70.8 319.0  72.5 1.25E-05 010.9 176.1  22.1 0.025760 0.238093 0.040108 hargrave 2021-11-29 17:14:11 
