CB5- 6a mag compass orientation (IGRF corrected)
      0 156.0   6.0 291.7  19.7   1.0
NRM    287.5  63.4 322.9  58.5 6.92E-04 000.9 214.8  58.6 0.166336 1.028432 0.416597 hargrave 2021-09-04 15:39:59 
NRM    287.7  60.2 319.4  56.0 6.57E-04 000.5 215.7  55.5 0.255379 0.392557 0.440464 hargrave 2021-09-05 15:31:48 
TT 200 278.4  57.2 309.2  56.5 6.20E-04 000.6 208.1  52.0 0.414071 0.202434 0.476461 hargrave 2021-09-06 14:09:35 
TT 300 273.5  54.6 302.4  56.0 6.00E-04 000.6 204.1  49.2 0.396143 0.193925 0.485948 hargrave 2021-09-07 12:46:18 
TT 325 270.3  54.1 299.2  56.6 5.78E-04 001.4 201.4  48.6 0.129634 1.376278 0.469959 hargrave 2021-09-08 09:41:51 
TT 350 271.4  53.5 299.6  55.7 5.61E-04 002.0 202.5  48.0 1.221188 1.478501 0.614690 hargrave 2021-09-08 16:53:04 
TT 375 269.6  53.2 297.7  56.1 5.31E-04 001.0 200.9  47.7 0.098592 0.812538 0.445184 hargrave 2021-09-10 09:11:37 
TT 400 272.1  53.0 299.7  55.1 5.14E-04 005.2 203.1  47.5 1.447147 4.402158 0.428340 hargrave 2021-09-13 08:54:52 
TT 425 272.2  51.8 298.6  54.1 5.04E-04 001.5 203.3  46.4 0.699179 1.064152 0.470252 hargrave 2021-09-27 09:39:33 
TT 450 267.8  51.7 294.6  55.5 4.98E-04 000.7 199.4  46.1 0.140553 0.378823 0.450860 hargrave 2021-09-27 19:05:39 
TT 475 271.1  51.5 297.4  54.1 4.86E-04 000.7 202.4  46.0 0.224231 0.428491 0.342600 hargrave 2021-10-14 16:24:37 
TT 500 261.6  52.0 289.0  57.8 4.69E-04 003.8 193.8  46.2 0.622094 3.058089 0.394897 hargrave 2021-10-16 14:19:30 
TT 510 265.7  51.6 292.5  56.0 4.56E-04 001.7 197.5  45.9 0.157107 1.262888 0.375224 hargrave 2021-10-17 17:42:41 
TT 520 267.2  51.3 293.6  55.3 4.44E-04 001.2 198.9  45.6 0.210437 0.850493 0.361031 hargrave 2021-10-18 16:52:37 
TT 530 266.8  51.4 293.4  55.5 4.29E-04 001.1 198.5  45.8 0.203524 0.753452 0.342647 hargrave 2021-10-19 13:40:20 
TT 535 269.7  51.2 295.8  54.3 4.22E-04 001.3 201.1  45.6 0.298268 0.850465 0.302608 hargrave 2021-10-20 12:49:17 
TT 535 269.6  51.2 295.7  54.4 4.22E-04 001.2 201.0  45.6 0.273809 0.804372 0.306818 hargrave 2021-10-20 14:34:06 
TT 540 265.3  51.6 292.2  56.2 4.10E-04 001.1 197.2  45.9 0.154455 0.750367 0.309246 hargrave 2021-10-22 09:51:41 
TT 545 271.0  51.2 297.0  54.0 3.82E-04 000.7 202.3  45.7 0.199636 0.369163 0.267305 hargrave 2021-10-22 19:00:43 
TT 550 266.2  51.5 292.8  55.8 3.69E-04 000.9 197.9  45.8 0.125160 0.503659 0.281491 hargrave 2021-10-24 11:56:25 
TT 555 266.9  51.5 293.5  55.5 3.62E-04 002.9 198.6  45.8 0.534270 1.709908 0.286722 hargrave 2021-10-25 10:03:21 
TT 560 269.4  51.6 295.8  54.8 3.37E-04 002.2 200.8  46.0 0.411358 1.232583 0.265834 hargrave 2021-10-25 19:11:28 
TT 567 267.5  51.5 294.2  55.4 3.14E-04 000.8 199.2  45.9 0.221544 0.296258 0.251067 hargrave 2021-10-26 15:17:16 
TT 575 265.8  51.7 292.7  56.2 2.53E-04 003.2 197.6  46.1 0.345785 1.333300 0.216323 hargrave 2021-10-27 13:09:36 
TT 582 255.5  52.6 283.6  60.3 2.25E-04 002.5 188.4  46.7 0.072588 0.950745 0.308550 hargrave 2021-10-27 19:13:30 
TT 589 269.9  53.7 298.4  56.4 2.04E-04 000.8 201.1  48.1 0.145904 0.212035 0.147097 hargrave 2021-10-28 16:57:40 
TT 600 262.4  54.6 292.6  59.6 1.72E-04 001.9 194.4  48.8 0.264526 0.512377 0.085530 hargrave 2021-11-23 09:59:12 
TT 615 274.4  54.3 302.9  55.4 1.33E-04 002.1 205.0  48.9 0.138203 0.453782 0.067387 hargrave 2021-11-23 17:22:45 
TT 630 275.8  56.1 305.9  56.4 1.11E-04 001.1 206.0  50.8 0.125278 0.178309 0.055513 hargrave 2021-11-24 16:54:58 
TT 645 278.2  52.2 304.1  52.4 9.74E-05 002.0 208.6  47.0 0.196524 0.274024 0.053024 hargrave 2021-11-27 14:25:05 
TT 655 275.8  48.4 298.9  49.9 7.87E-05 001.1 206.9  43.1 0.112173 0.096681 0.063596 hargrave 2021-11-28 15:15:06 
TT 665 268.6  48.1 292.1  52.1 6.60E-05 002.4 200.4  42.5 0.132809 0.244360 0.054229 hargrave 2021-11-29 10:37:28 
TT 675 259.2  49.4 284.1  56.4 4.20E-05 003.1 191.8  43.6 0.087492 0.210030 0.038542 hargrave 2021-11-29 17:18:27 
TT 685 241.2  50.3 265.0  63.0 3.41E-05 001.6 175.7  44.3 0.059283 0.079684 0.024310 hargrave 2021-11-30 13:44:23 
