CB5- 3a mag compass orientation (IGRF corrected)
      0 287.0  71.0 291.7  19.7   1.0
NRM    325.5  67.8 350.0  53.2 8.64E-03 001.2 162.7  04.5 2.420674 4.845219 17.18405 hargrave 2021-09-04 15:35:14 
NRM    326.2  68.5 351.0  53.7 8.39E-03 004.1 163.4  04.8 17.13932 55.18424 16.15762 hargrave 2021-09-05 15:27:04 
TT 200 299.2  65.9 333.2  57.3 5.55E-03 002.9 155.9  12.4 12.34569 23.01035 10.78748 hargrave 2021-09-06 14:04:46 
TT 300 288.8  63.8 324.3  58.5 4.28E-03 002.9 152.7  16.2 11.10423 17.30921 7.902789 hargrave 2021-09-07 12:39:50 
TT 325 276.6  61.9 313.4  60.7 3.82E-03 002.3 150.1  21.6 8.647711 10.66466 6.835906 hargrave 2021-09-08 09:37:07 
TT 350 269.4  59.2 304.4  61.0 3.05E-03 006.0 147.4  25.2 18.64016 25.50798 4.917795 hargrave 2021-09-08 16:48:18 
TT 375 261.8  54.6 292.1  59.9 2.14E-03 005.6 142.9  29.9 13.69629 15.33878 3.155167 hargrave 2021-09-10 09:05:58 
TT 400 259.3  51.9 286.7  58.5 1.71E-03 003.7 140.0  31.8 7.786140 7.306791 2.484447 hargrave 2021-09-13 08:51:00 
TT 425 255.8  50.0 281.2  58.0 1.55E-03 004.2 138.2  34.3 8.094630 7.652367 2.571467 hargrave 2021-09-27 09:33:54 
TT 450 251.1  48.2 274.5  58.0 1.44E-03 001.6 137.0  37.8 3.137258 1.652973 2.177074 hargrave 2021-09-27 19:00:55 
TT 475 250.8  48.6 274.5  58.4 1.24E-03 003.3 137.5  37.9 5.406531 4.368706 1.929396 hargrave 2021-10-14 16:19:50 
TT 500 251.7  47.4 274.4  57.1 1.15E-03 005.6 135.9  37.5 8.399934 7.271848 1.854056 hargrave 2021-10-16 14:14:46 
TT 510 249.5  47.6 272.1  58.0 1.08E-03 001.1 136.5  39.0 0.744669 0.996910 1.605474 hargrave 2021-10-17 17:37:54 
TT 520 251.7  47.4 274.4  57.1 9.83E-04 003.7 135.9  37.6 4.763980 3.886014 1.445243 hargrave 2021-10-18 16:47:50 
TT 530 249.1  46.1 270.5  56.8 9.28E-04 004.2 134.8  39.6 5.255035 4.229945 1.456590 hargrave 2021-10-19 13:34:44 
TT 535 251.2  48.0 274.5  57.8 7.83E-04 005.4 136.7  37.7 5.337372 5.066360 1.183328 hargrave 2021-10-20 12:44:26 
TT 535 251.3  47.8 274.3  57.5 7.83E-04 005.2 136.4  37.7 5.073559 4.792264 1.188641 hargrave 2021-10-20 14:29:14 
TT 540 250.6  47.4 273.2  57.5 7.08E-04 000.9 136.0  38.3 0.559844 0.183828 1.110155 hargrave 2021-10-22 09:45:51 
TT 545 251.9  51.2 278.3  60.4 5.81E-04 003.6 140.4  36.4 2.364597 2.608483 0.893925 hargrave 2021-10-22 18:55:57 
TT 550 260.4  52.9 288.7  58.9 2.66E-04 003.6 141.0  31.0 1.015070 1.308498 0.424080 hargrave 2021-10-24 11:51:38 
TT 555 262.4  50.9 288.7  56.6 2.48E-04 003.1 138.6  30.1 0.760383 1.052181 0.470701 hargrave 2021-10-25 09:58:34 
TT 560 256.7  60.0 294.8  65.8 1.83E-04 005.2 149.6  31.4 0.708526 1.492197 0.362733 hargrave 2021-10-25 19:06:41 
TT 567 263.7  46.8 286.3  52.6 1.59E-04 001.3 133.7  29.6 0.138447 0.345894 0.305051 hargrave 2021-10-26 15:11:41 
TT 575 293.9  65.5 329.6  58.4 1.00E-04 003.9 154.9  14.4 0.473948 0.636501 0.243730 hargrave 2021-10-27 13:04:50 
TT 582 255.7  30.9 268.2  40.8 7.59E-05 003.7 114.9  36.1 0.252660 0.595227 0.151043 hargrave 2021-10-27 19:08:46 
TT 589 199.1  73.6 034.1  86.6 7.69E-05 004.7 179.3  35.4 0.128763 0.613414 0.204198 hargrave 2021-10-28 16:52:51 
