CB5- 7a mag compass orientation (IGRF corrected)
      0 142.0  35.0 291.7  19.7   1.0
NRM    263.4  56.9 296.3  61.2 6.22E-04 001.7 198.2  24.8 0.097321 1.601616 0.960804 hargrave 2021-09-04 15:41:28 
NRM    258.1  52.3 285.8  59.2 5.78E-04 001.2 196.6  19.4 0.540822 0.526294 0.926254 hargrave 2021-09-05 15:33:18 
TT 200 251.6  47.9 274.7  57.6 5.45E-04 001.3 193.4  14.2 0.051751 1.048972 0.709768 hargrave 2021-09-06 14:11:04 
TT 300 250.2  45.3 271.0  55.7 5.34E-04 000.9 193.0  11.5 0.146524 0.494950 0.688132 hargrave 2021-09-07 12:47:48 
TT 325 245.7  45.1 265.7  56.9 4.99E-04 000.8 189.8  10.8 0.206856 0.272928 0.600852 hargrave 2021-09-08 09:43:24 
TT 350 253.2  44.0 273.2  53.6 4.73E-04 001.4 195.3  10.6 0.102790 1.048384 0.547998 hargrave 2021-09-08 16:54:35 
TT 375 252.6  43.8 272.5  53.6 4.38E-04 007.1 195.0  10.3 1.234618 5.304529 0.476171 hargrave 2021-09-10 09:13:08 
TT 400 253.9  43.4 273.7  52.9 4.21E-04 008.9 196.0  10.2 1.657578 6.401584 0.427738 hargrave 2021-09-13 08:56:06 
TT 400 254.1  43.4 273.8  52.8 4.26E-04 001.9 196.1  10.2 0.133298 1.316904 0.525613 hargrave 2021-09-13 10:25:49 
TT 425 249.1  43.7 268.5  54.6 4.12E-04 002.2 192.5  09.7 0.153777 1.372252 0.719785 hargrave 2021-09-27 09:41:03 
TT 450 249.3  43.8 268.9  54.6 4.06E-04 001.7 192.6  09.9 0.096411 0.969236 0.689125 hargrave 2021-09-27 19:07:09 
TT 475 248.9  43.7 268.3  54.7 3.97E-04 001.0 192.3  09.7 0.156149 0.198990 0.618396 hargrave 2021-10-14 16:26:07 
TT 500 243.8  44.0 262.6  56.5 3.77E-04 001.4 188.6  09.5 0.071063 0.687362 0.613983 hargrave 2021-10-16 14:21:01 
TT 510 250.1  43.2 269.3  53.9 3.70E-04 001.1 193.3  09.4 0.230337 0.403108 0.579606 hargrave 2021-10-17 17:44:12 
TT 520 244.3  43.9 263.2  56.2 3.60E-04 001.0 189.0  09.4 0.169951 0.225034 0.587031 hargrave 2021-10-18 16:54:07 
TT 530 247.7  43.5 266.7  54.9 3.48E-04 001.7 191.5  09.4 0.077928 0.888092 0.574734 hargrave 2021-10-19 13:41:50 
TT 535 249.4  43.3 268.5  54.1 3.43E-04 004.1 192.7  09.4 0.433639 2.356694 0.563119 hargrave 2021-10-20 12:50:48 
TT 535 249.3  43.3 268.4  54.2 3.43E-04 004.0 192.7  09.4 0.423221 2.319061 0.567694 hargrave 2021-10-20 14:35:38 
TT 540 251.6  43.1 270.9  53.3 3.34E-04 004.3 194.4  09.5 0.482264 2.401655 0.530509 hargrave 2021-10-22 09:53:11 
TT 545 249.0  43.5 268.3  54.5 3.17E-04 003.0 192.5  09.6 0.228930 1.569036 0.521889 hargrave 2021-10-22 19:02:13 
TT 550 250.3  43.2 269.5  53.8 3.14E-04 002.0 193.4  09.4 0.349786 0.944518 0.484485 hargrave 2021-10-24 11:57:56 
TT 555 248.4  43.5 267.6  54.6 3.08E-04 004.1 192.0  09.5 0.373966 2.141644 0.506147 hargrave 2021-10-25 10:04:51 
TT 560 245.9  43.8 264.9  55.7 2.96E-04 002.3 190.1  09.5 0.111955 1.074280 0.473682 hargrave 2021-10-25 19:12:58 
TT 567 245.0  44.1 264.1  56.2 2.78E-04 001.0 189.5  09.7 0.139325 0.192955 0.434383 hargrave 2021-10-26 15:18:46 
TT 575 249.4  43.6 268.8  54.4 2.45E-04 001.9 192.7  09.7 0.244994 0.650052 0.393105 hargrave 2021-10-27 13:11:06 
TT 582 248.7  43.9 268.2  54.9 2.26E-04 001.1 192.1  09.9 0.084561 0.202550 0.368709 hargrave 2021-10-27 19:15:00 
TT 589 248.0  44.0 267.5  55.2 2.17E-04 003.5 191.6  09.9 0.181604 1.272847 0.366253 hargrave 2021-10-28 16:59:11 
TT 600 245.6  44.5 265.1  56.4 1.85E-04 004.2 189.8  10.2 0.169477 1.334082 0.240132 hargrave 2021-11-23 10:00:43 
TT 615 255.3  43.4 275.1  52.4 1.45E-04 000.8 197.0  10.4 0.079304 0.082615 0.173400 hargrave 2021-11-23 17:24:16 
TT 630 245.7  45.7 266.2  57.5 1.08E-04 002.4 189.7  11.4 0.058085 0.426344 0.143837 hargrave 2021-11-24 16:56:29 
TT 645 253.1  45.1 274.1  54.6 7.60E-05 003.3 195.0  11.7 0.118299 0.408532 0.104414 hargrave 2021-11-27 14:26:35 
TT 655 251.5  44.6 271.9  54.7 5.30E-05 001.0 194.0  11.0 0.047367 0.056937 0.068537 hargrave 2021-11-28 15:16:32 
TT 665 256.5  43.1 276.1  51.8 4.15E-05 001.2 197.9  10.3 0.047102 0.062816 0.061760 hargrave 2021-11-29 10:38:54 
TT 675 236.3  46.2 254.9  60.6 2.39E-05 004.3 183.0  11.2 0.033004 0.174989 0.044741 hargrave 2021-11-29 17:19:53 
TT 685 228.9  42.1 242.3  58.7 2.01E-05 003.8 177.7  07.2 0.046237 0.123732 0.045654 hargrave 2021-11-30 13:46:08 
