CB6- 7a mag compass orientation (IGRF corrected)
      0   1.0  63.0 319.6  12.8   1.0
NRM    255.4  39.8 261.8  51.0 2.25E-03 001.5 221.4  71.8 1.183989 5.733089 1.434615 hargrave 2021-09-04 15:57:16 
NRM    250.4  34.0 254.5  45.8 2.04E-03 001.3 243.6  71.0 3.086157 3.461573 0.884496 hargrave 2021-09-05 15:50:00 
TT 200 246.0  30.7 249.0  42.9 1.75E-03 000.7 254.4  67.9 1.499910 1.420624 0.749583 hargrave 2021-09-06 14:29:18 
TT 300 245.4  27.9 248.0  40.1 8.57E-04 000.6 261.8  67.3 0.774890 0.461042 0.286040 hargrave 2021-09-07 13:06:07 
TT 325 245.8  26.7 248.2  38.9 4.42E-04 001.5 265.0  67.5 1.123710 0.254548 0.138902 hargrave 2021-09-08 09:59:12 
TT 350 245.7  26.0 248.1  38.2 4.03E-04 000.5 266.9  67.4 0.234359 0.220745 0.124777 hargrave 2021-09-08 17:12:06 
TT 375 245.5  27.7 248.0  39.9 3.82E-04 000.8 262.4  67.4 0.448923 0.241013 0.138234 hargrave 2021-09-10 09:29:55 
TT 400 245.5  26.4 247.9  38.6 3.70E-04 000.5 265.7  67.2 0.153740 0.265357 0.127353 hargrave 2021-09-13 09:32:00 
TT 425 245.0  26.0 247.3  38.3 3.55E-04 000.9 266.4  66.8 0.490971 0.219362 0.134155 hargrave 2021-09-27 09:57:47 
TT 450 244.8  27.0 247.1  39.3 3.46E-04 000.9 264.0  66.7 0.488005 0.233894 0.110642 hargrave 2021-09-27 19:24:34 
TT 475 244.6  25.8 246.9  38.1 3.35E-04 000.7 267.0  66.4 0.331245 0.200335 0.108483 hargrave 2021-10-14 16:44:27 
TT 500 244.4  26.1 246.6  38.4 3.15E-04 001.3 266.2  66.2 0.698249 0.204234 0.105557 hargrave 2021-10-16 14:38:31 
TT 510 244.3  26.0 246.5  38.4 3.04E-04 001.3 266.2  66.1 0.624145 0.276328 0.105940 hargrave 2021-10-17 18:00:53 
TT 520 244.6  26.3 246.9  38.6 2.85E-04 001.3 265.7  66.5 0.578937 0.224339 0.096797 hargrave 2021-10-18 17:10:52 
TT 530 244.1  26.6 246.3  38.9 2.62E-04 000.9 264.8  66.0 0.338942 0.203375 0.088112 hargrave 2021-10-19 13:59:19 
TT 535 244.9  25.7 247.2  37.9 2.48E-04 001.1 267.4  66.6 0.423598 0.207059 0.088192 hargrave 2021-10-20 13:08:29 
TT 535 244.9  25.8 247.1  38.1 2.48E-04 000.9 266.9  66.6 0.342172 0.208566 0.091708 hargrave 2021-10-20 14:52:37 
TT 540 244.4  26.1 246.6  38.5 2.28E-04 001.4 266.0  66.2 0.504443 0.250660 0.094807 hargrave 2021-10-22 10:09:50 
TT 545 245.1  25.0 247.4  37.3 1.92E-04 001.3 269.1  66.7 0.384100 0.204704 0.070923 hargrave 2021-10-22 19:18:52 
TT 550 244.7  26.5 247.0  38.8 1.89E-04 001.5 265.2  66.6 0.447187 0.228310 0.072421 hargrave 2021-10-24 12:15:26 
TT 555 243.7  26.6 245.9  39.0 1.78E-04 002.3 264.6  65.7 0.666989 0.232119 0.080166 hargrave 2021-10-25 10:21:33 
TT 560 244.2  27.1 246.5  39.4 1.62E-04 001.1 263.6  66.2 0.178150 0.254682 0.077745 hargrave 2021-10-25 19:29:38 
TT 567 246.3  27.2 248.9  39.4 1.46E-04 001.1 263.8  68.0 0.104563 0.240883 0.070197 hargrave 2021-10-26 15:37:05 
TT 575 243.7  27.2 245.9  39.5 1.39E-04 002.4 263.3  65.7 0.470891 0.328417 0.072093 hargrave 2021-10-27 13:28:35 
TT 582 245.7  22.7 247.8  35.0 1.31E-04 001.9 275.0  66.7 0.326528 0.288798 0.059792 hargrave 2021-10-27 19:32:23 
TT 589 243.5  27.7 245.7  40.0 1.26E-04 002.3 262.1  65.6 0.314070 0.382050 0.081019 hargrave 2021-10-28 17:17:35 
TT 600 248.5  25.3 251.3  37.3 1.10E-04 002.6 269.8  69.8 0.404249 0.290870 0.097722 hargrave 2021-11-23 10:16:13 
TT 615 242.2  21.3 243.7  33.8 9.98E-05 003.7 275.9  63.2 0.530364 0.372373 0.086838 hargrave 2021-11-23 17:39:44 
TT 630 247.2  19.4 249.1  31.6 8.45E-05 002.8 284.1  66.9 0.241308 0.335939 0.077897 hargrave 2021-11-24 17:12:45 
TT 645 239.9  17.4 240.9  30.0 6.14E-05 003.5 281.9  59.7 0.330362 0.170148 0.083737 hargrave 2021-11-27 14:42:52 
TT 655 258.6  27.0 262.8  37.9 5.55E-05 003.1 267.4  78.9 0.038918 0.295935 0.024154 hargrave 2021-11-28 15:32:07 
TT 665 235.7  26.0 236.7  38.7 5.78E-05 003.9 263.8  58.5 0.256566 0.287211 0.090000 hargrave 2021-11-29 10:55:13 
TT 675 255.7  00.9 256.3  12.4 3.21E-05 003.1 328.1  60.0 0.078874 0.153789 0.035346 hargrave 2021-11-29 17:35:29 
