CB6- 6a mag compass orientation (IGRF corrected)
      0 127.0  43.0 319.6  12.8   1.0
NRM    249.7  33.4 253.6  45.3 4.02E-03 005.1 206.9 -04.4 16.43088 30.67548 7.422873 hargrave 2021-09-04 15:55:34 
NRM    249.2  27.6 252.3  39.6 3.78E-03 008.5 208.6 -09.9 28.08036 48.64419 6.962100 hargrave 2021-09-05 15:48:17 
NRM    247.3  28.2 250.2  40.3 3.80E-03 005.5 206.9 -09.9 17.24017 31.48249 6.900306 hargrave 2021-09-05 16:40:27 
TT 200 245.5  24.7 247.8  37.0 3.35E-03 006.1 206.5 -13.8 17.06650 30.65860 6.195685 hargrave 2021-09-06 14:27:36 
TT 300 245.8  22.8 248.0  35.0 1.89E-03 004.3 207.5 -15.5 7.037052 11.91805 3.379480 hargrave 2021-09-07 13:04:24 
TT 325 245.4  23.1 247.5  35.4 1.50E-03 004.3 206.9 -15.3 5.486892 9.509532 2.606225 hargrave 2021-09-08 09:57:30 
TT 350 248.5  21.9 250.9  34.0 1.43E-03 004.6 210.2 -15.4 6.129765 9.587409 2.402296 hargrave 2021-09-08 17:10:23 
TT 375 249.8  21.6 252.2  33.5 1.37E-03 005.6 211.4 -15.3 7.342461 11.01434 2.356143 hargrave 2021-09-10 09:28:12 
TT 400 253.9  20.1 256.6  31.7 1.31E-03 010.9 215.7 -15.1 15.00065 20.10186 2.150398 hargrave 2021-09-13 09:30:35 
TT 400 250.4  21.7 252.9  33.5 1.33E-03 005.0 212.0 -15.0 6.404635 9.456537 2.264108 hargrave 2021-09-13 10:27:14 
TT 425 247.3  22.4 249.5  34.5 1.29E-03 002.6 208.9 -15.4 2.924975 4.548772 2.213103 hargrave 2021-09-27 09:56:04 
TT 450 245.7  23.0 247.8  35.2 1.25E-03 002.6 207.3 -15.4 2.634898 4.482839 2.133940 hargrave 2021-09-27 19:22:51 
TT 475 246.5  22.7 248.7  34.9 1.21E-03 007.8 208.1 -15.4 7.994652 14.35746 2.028249 hargrave 2021-10-14 16:42:44 
TT 500 250.7  21.3 253.2  33.1 1.16E-03 003.2 212.4 -15.3 3.616269 5.167695 1.827752 hargrave 2021-10-16 14:36:48 
TT 510 245.1  23.5 247.1  35.8 1.13E-03 000.9 206.5 -15.1 0.374579 0.465046 1.747440 hargrave 2021-10-17 17:59:10 
TT 520 247.8  22.6 250.2  34.6 1.06E-03 006.2 209.4 -15.1 5.800841 9.810301 1.775309 hargrave 2021-10-18 17:09:09 
TT 530 249.1  22.0 251.5  34.0 1.01E-03 004.2 210.7 -15.2 3.879006 6.082937 1.603801 hargrave 2021-10-19 13:57:36 
TT 535 246.8  23.0 249.1  35.2 9.54E-04 005.1 208.3 -15.0 4.131414 7.194611 1.620826 hargrave 2021-10-20 13:06:46 
TT 535 247.0  23.0 249.3  35.1 9.54E-04 005.2 208.5 -15.0 4.295836 7.411985 1.610305 hargrave 2021-10-20 14:50:52 
TT 540 245.9  23.0 248.1  35.2 8.95E-04 005.8 207.5 -15.3 4.256746 7.946320 1.521217 hargrave 2021-10-22 10:08:07 
TT 545 250.8  21.6 253.4  33.4 7.43E-04 004.6 212.4 -14.9 3.217248 4.869404 1.205815 hargrave 2021-10-22 19:17:09 
TT 550 249.3  21.8 251.7  33.8 7.34E-04 002.0 211.0 -15.3 1.348500 1.909108 1.157548 hargrave 2021-10-24 12:13:43 
TT 555 250.2  21.8 252.7  33.7 7.03E-04 004.1 211.8 -15.0 2.716893 4.058486 1.156576 hargrave 2021-10-25 10:19:50 
TT 560 248.3  22.2 250.6  34.2 6.67E-04 003.4 209.9 -15.3 1.960217 3.203365 1.126682 hargrave 2021-10-25 19:27:55 
TT 567 245.2  23.6 247.2  35.8 6.20E-04 002.7 206.6 -15.0 1.338966 2.459871 1.037089 hargrave 2021-10-26 15:35:21 
TT 575 248.6  22.8 251.0  34.8 5.99E-04 003.9 209.9 -14.6 2.040833 3.354766 0.973507 hargrave 2021-10-27 13:26:53 
TT 582 247.4  22.3 249.6  34.4 5.47E-04 004.2 209.0 -15.5 1.918529 3.444564 0.924358 hargrave 2021-10-27 19:30:41 
TT 589 245.6  23.4 247.8  35.6 5.51E-04 004.6 207.1 -15.0 2.033740 3.855377 0.954658 hargrave 2021-10-28 17:15:52 
TT 600 248.0  22.6 250.4  34.7 4.87E-04 006.4 209.5 -15.0 2.639304 4.715131 0.666474 hargrave 2021-11-23 10:14:39 
TT 615 248.9  21.4 251.3  33.4 4.20E-04 004.6 210.8 -15.8 1.589004 2.914883 0.567186 hargrave 2021-11-23 17:38:11 
TT 630 251.8  20.1 254.3  31.8 2.87E-04 005.2 213.9 -15.9 1.251763 2.257365 0.411526 hargrave 2021-11-24 17:11:12 
TT 645 251.2  19.0 253.5  30.8 2.06E-04 005.4 213.8 -17.2 1.100076 1.568364 0.342791 hargrave 2021-11-27 14:41:18 
TT 655 249.1  17.3 251.0  29.3 1.66E-04 006.2 212.5 -19.5 0.822754 1.587929 0.190817 hargrave 2021-11-28 15:30:37 
TT 665 252.6  21.1 255.3  32.7 1.81E-04 006.0 214.2 -14.7 0.911905 1.658092 0.296485 hargrave 2021-11-29 10:53:42 
TT 675 258.6  11.9 260.7  23.0 6.30E-05 008.3 223.9 -20.4 0.457550 0.833569 0.104642 hargrave 2021-11-29 17:33:58 
