CB6- 3a mag compass orientation (IGRF corrected)
      0  96.0  65.0 319.6  12.8   1.0
NRM    267.7  50.0 280.4  59.2 1.91E-03 001.0 221.0  13.8 0.420454 1.243837 3.221478 hargrave 2021-09-04 15:50:35 
NRM    264.1  47.6 274.9  57.5 1.80E-03 004.1 222.2  10.7 8.179570 9.751284 2.449139 hargrave 2021-09-05 15:43:16 
TT 200 255.0  47.2 263.4  58.4 1.59E-03 005.7 219.6  05.1 9.867728 12.29122 2.289338 hargrave 2021-09-06 14:21:48 
TT 300 254.5  42.5 261.3  53.8 1.19E-03 003.0 223.3  02.3 4.092947 4.463639 1.858596 hargrave 2021-09-07 12:59:25 
TT 325 254.8  38.8 260.7  50.1 5.49E-04 002.5 226.6  00.5 1.656344 1.587053 0.775543 hargrave 2021-09-08 09:52:32 
TT 350 253.5  39.1 259.3  50.5 4.79E-04 000.9 225.8 -00.1 0.273012 0.293770 0.678857 hargrave 2021-09-08 17:05:24 
TT 375 254.2  37.6 259.7  49.0 4.48E-04 003.5 227.3 -00.5 1.970427 1.839951 0.659699 hargrave 2021-09-10 09:23:08 
TT 400 254.4  36.5 259.8  47.9 4.41E-04 003.6 228.4 -01.0 1.981299 1.887098 0.621136 hargrave 2021-09-13 09:18:56 
TT 425 252.9  37.2 258.1  48.7 4.33E-04 002.4 227.1 -01.6 1.226127 1.177655 0.620033 hargrave 2021-09-27 09:51:03 
TT 450 252.4  37.2 257.5  48.8 4.31E-04 002.6 226.9 -01.9 1.371510 1.292134 0.608381 hargrave 2021-09-27 19:17:53 
TT 475 250.1  39.4 255.1  51.2 4.21E-04 000.9 224.1 -02.2 0.221690 0.237487 0.544378 hargrave 2021-10-14 16:37:44 
TT 500 252.8  35.7 257.8  47.3 3.92E-04 005.3 228.3 -02.5 2.687096 2.385080 0.503817 hargrave 2021-10-16 14:31:48 
TT 510 251.9  36.4 256.8  48.0 3.75E-04 002.0 227.4 -02.7 0.890000 0.813709 0.433311 hargrave 2021-10-17 17:54:11 
TT 520 251.8  35.8 256.6  47.5 3.53E-04 003.1 227.8 -03.1 1.349373 1.247882 0.455046 hargrave 2021-10-18 17:04:09 
TT 530 251.0  37.1 255.8  48.8 3.25E-04 005.7 226.4 -02.9 2.321439 2.254191 0.448763 hargrave 2021-10-19 13:52:37 
TT 535 255.6  30.2 260.0  41.6 3.10E-04 001.0 234.2 -03.4 0.348751 0.208319 0.345011 hargrave 2021-10-20 13:00:55 
TT 535 255.9  29.9 260.2  41.2 3.10E-04 000.7 234.6 -03.4 0.186222 0.133304 0.334916 hargrave 2021-10-20 14:45:47 
TT 540 250.3  37.2 255.0  48.9 2.92E-04 001.6 226.0 -03.3 0.495187 0.537481 0.401307 hargrave 2021-10-22 10:03:09 
TT 545 251.7  36.0 256.5  47.7 2.38E-04 005.1 227.6 -03.0 1.505360 1.449459 0.319547 hargrave 2021-10-22 19:12:12 
TT 550 253.2  33.6 257.8  45.1 2.36E-04 006.7 230.3 -03.4 2.078731 1.792678 0.298508 hargrave 2021-10-24 12:08:43 
TT 555 253.2  33.4 257.7  45.0 2.31E-04 005.3 230.4 -03.5 1.608947 1.386111 0.305559 hargrave 2021-10-25 10:14:51 
TT 560 252.6  34.3 257.3  45.9 2.27E-04 005.5 229.5 -03.4 1.612448 1.457219 0.306754 hargrave 2021-10-25 19:22:57 
TT 567 249.1  38.5 253.8  50.4 2.03E-04 004.6 224.4 -03.3 1.100946 1.196122 0.277669 hargrave 2021-10-26 15:30:23 
TT 575 251.9  34.8 256.5  46.5 1.96E-04 005.3 228.6 -03.6 1.309926 1.219689 0.270692 hargrave 2021-10-27 13:21:54 
TT 582 252.6  34.7 257.3  46.3 1.83E-04 004.9 229.0 -03.2 1.118804 1.064488 0.232771 hargrave 2021-10-27 19:25:43 
TT 589 251.1  35.9 255.7  47.6 1.82E-04 005.2 227.4 -03.5 1.175887 1.142708 0.262917 hargrave 2021-10-28 17:10:52 
TT 600 249.4  37.9 254.1  49.8 1.54E-04 001.7 225.0 -03.5 0.290909 0.336371 0.164482 hargrave 2021-11-23 10:08:29 
TT 615 251.1  35.0 255.6  46.7 1.35E-04 006.0 228.2 -04.0 1.013774 1.008748 0.148257 hargrave 2021-11-23 17:32:02 
TT 630 250.3  37.3 255.0  49.1 1.08E-04 005.4 225.9 -03.2 0.691916 0.754191 0.109410 hargrave 2021-11-24 17:05:03 
TT 645 249.8  37.0 254.4  48.8 9.60E-05 004.6 225.9 -03.7 0.516845 0.560636 0.094702 hargrave 2021-11-27 14:35:10 
TT 655 253.2  33.4 257.7  45.0 7.34E-05 004.7 230.4 -03.5 0.437567 0.410465 0.067040 hargrave 2021-11-28 15:24:24 
TT 665 249.1  37.6 253.6  49.5 6.12E-05 004.0 225.1 -03.8 0.267006 0.337529 0.067691 hargrave 2021-11-29 10:46:44 
TT 675 253.0  41.6 259.2  53.1 1.71E-05 007.7 223.5  00.9 0.132427 0.194969 0.036504 hargrave 2021-11-29 17:27:46 
