CB6- 5a mag compass orientation (IGRF corrected)
      0 136.0  83.0 319.6  12.8   1.0
NRM    258.4  42.2 265.9  53.1 4.01E-03 001.8 208.1 -32.6 8.282064 7.063582 6.574740 hargrave 2021-09-04 15:53:52 
NRM    255.0  38.9 261.1  50.2 3.83E-03 002.7 208.1 -36.8 11.37966 12.38667 5.980211 hargrave 2021-09-05 15:46:35 
TT 200 252.8  34.7 257.5  46.2 3.47E-03 004.7 209.6 -41.3 17.34395 22.28691 4.897399 hargrave 2021-09-06 14:25:53 
TT 300 253.2  34.0 257.8  45.6 2.41E-03 001.8 210.4 -41.6 5.250200 3.941295 3.402673 hargrave 2021-09-07 13:02:41 
TT 325 251.4  34.3 255.8  46.0 2.13E-03 004.4 208.6 -42.2 9.410082 12.94263 2.924353 hargrave 2021-09-08 09:55:48 
TT 350 249.4  35.6 253.6  47.5 2.09E-03 003.4 205.8 -42.1 6.832881 9.854799 2.673713 hargrave 2021-09-08 17:08:40 
TT 375 250.1  35.3 254.5  47.1 2.03E-03 003.4 206.7 -42.0 7.086281 9.410822 2.893798 hargrave 2021-09-10 09:26:25 
TT 400 254.8  32.2 259.5  43.6 1.97E-03 005.7 213.3 -42.1 12.52745 14.95173 2.651069 hargrave 2021-09-13 09:26:50 
TT 425 252.9  33.4 257.5  44.9 1.93E-03 004.2 210.7 -42.2 8.296648 11.28114 2.601421 hargrave 2021-09-27 09:54:21 
TT 450 252.9  33.5 257.4  45.1 1.89E-03 001.3 210.6 -42.1 2.835668 2.109042 2.534788 hargrave 2021-09-27 19:21:09 
TT 475 251.5  34.4 255.9  46.1 1.85E-03 003.9 208.6 -42.1 6.966049 10.08138 2.481761 hargrave 2021-10-14 16:41:01 
TT 500 252.6  33.7 257.1  45.3 1.76E-03 003.1 210.1 -42.1 5.604770 7.097717 2.675029 hargrave 2021-10-16 14:35:05 
TT 510 254.0  32.9 258.6  44.4 1.70E-03 004.7 212.0 -42.0 8.709630 10.74955 2.262040 hargrave 2021-10-17 17:57:27 
TT 520 251.5  34.3 255.9  46.0 1.60E-03 002.6 208.7 -42.2 4.272350 5.604470 2.127784 hargrave 2021-10-18 17:07:25 
TT 530 251.5  34.4 255.9  46.1 1.46E-03 004.9 208.6 -42.1 6.782993 10.22265 1.947845 hargrave 2021-10-19 13:55:53 
TT 535 265.1  15.1 268.0  25.4 1.29E-03 019.6 240.1 -45.4 39.64195 23.21916 1.091747 hargrave 2021-10-20 13:05:03 
TT 535 265.1  15.2 267.9  25.4 1.29E-03 019.7 240.0 -45.4 39.72174 23.48812 1.090340 hargrave 2021-10-20 14:49:07 
TT 540 251.5  34.5 256.0  46.2 1.23E-03 003.6 208.6 -42.0 4.404422 6.328035 1.648216 hargrave 2021-10-22 10:06:24 
TT 545 253.9  33.2 258.5  44.6 1.00E-03 004.5 211.7 -41.9 4.645154 6.206898 1.336204 hargrave 2021-10-22 19:15:27 
TT 550 252.1  34.2 256.7  45.8 9.74E-04 003.0 209.3 -41.9 2.994626 3.947439 1.322417 hargrave 2021-10-24 12:12:00 
TT 555 255.1  32.4 259.8  43.8 9.41E-04 003.1 213.4 -41.8 3.305944 3.777730 1.227744 hargrave 2021-10-25 10:18:08 
TT 560 253.8  33.2 258.4  44.7 8.91E-04 004.8 211.6 -41.9 4.372912 5.904370 1.188579 hargrave 2021-10-25 19:26:12 
TT 567 251.9  34.4 256.4  46.1 8.13E-04 001.3 209.0 -41.9 0.431614 1.555201 1.038115 hargrave 2021-10-26 15:33:38 
TT 575 252.2  34.5 256.8  46.1 7.51E-04 004.6 209.2 -41.7 3.357753 4.909918 1.054773 hargrave 2021-10-27 13:25:10 
TT 582 253.1  32.8 257.6  44.4 6.68E-04 005.4 211.4 -42.5 3.617886 5.116076 0.901571 hargrave 2021-10-27 19:28:59 
TT 589 252.9  34.1 257.5  45.6 6.30E-04 004.3 210.1 -41.7 2.709868 3.821168 0.890720 hargrave 2021-10-28 17:14:09 
TT 600 251.5  34.7 256.0  46.4 4.79E-04 005.6 208.4 -41.8 2.431719 3.941608 0.583069 hargrave 2021-11-23 10:11:49 
TT 615 253.8  32.4 258.3  43.9 3.88E-04 008.0 212.3 -42.5 3.004983 4.536372 0.480379 hargrave 2021-11-23 17:35:21 
TT 630 252.7  32.1 256.9  43.7 2.90E-04 003.7 211.5 -43.3 1.010149 1.578712 0.329757 hargrave 2021-11-24 17:08:22 
TT 645 255.3  32.1 259.9  43.4 2.19E-04 003.9 213.8 -42.0 0.907004 1.178720 0.288081 hargrave 2021-11-27 14:38:29 
TT 655 252.2  30.4 256.1  42.0 1.94E-04 003.2 212.6 -45.0 0.603783 0.891387 0.186744 hargrave 2021-11-28 15:27:47 
TT 665 259.0  32.1 264.3  43.0 1.82E-04 003.0 217.0 -39.8 0.531985 0.762671 0.215641 hargrave 2021-11-29 10:50:53 
TT 675 257.0  20.9 260.1  32.1 6.33E-05 005.7 226.8 -48.7 0.408384 0.492324 0.060148 hargrave 2021-11-29 17:31:09 
