CB6- 4a mag compass orientation (IGRF corrected)
      0 356.0  44.0 319.6  12.8   1.0
NRM    271.0  50.4 284.6  59.0 1.66E-03 001.2 144.7  84.5 3.189855 1.046124 0.330488 hargrave 2021-09-04 15:52:12 
NRM    267.6  48.4 279.5  57.7 1.56E-03 000.9 155.9  87.4 2.499504 0.646723 0.138976 hargrave 2021-09-05 15:44:56 
TT 200 257.8  40.9 264.9  51.8 1.31E-03 000.5 307.8  82.2 0.649952 0.859008 0.289566 hargrave 2021-09-06 14:23:24 
TT 300 254.8  38.4 260.7  49.7 7.87E-04 000.6 308.5  78.8 0.494712 0.546735 0.242788 hargrave 2021-09-07 13:01:02 
TT 325 254.0  36.4 259.3  47.8 3.59E-04 000.6 312.7  76.8 0.216972 0.282833 0.131997 hargrave 2021-09-08 09:54:08 
TT 350 251.9  34.6 256.4  46.3 3.12E-04 001.1 311.7  74.4 0.214727 0.567448 0.141928 hargrave 2021-09-08 17:07:00 
TT 375 250.5  34.9 254.8  46.7 2.97E-04 001.0 308.0  73.8 0.185990 0.466330 0.114702 hargrave 2021-09-10 09:24:45 
TT 400 250.1  33.0 254.1  44.8 2.91E-04 001.8 311.4  72.2 0.440961 0.820323 0.108413 hargrave 2021-09-13 09:24:37 
TT 425 248.0  33.7 251.7  45.7 2.85E-04 000.6 305.6  71.6 0.150256 0.227876 0.107209 hargrave 2021-09-27 09:52:41 
TT 450 247.7  33.1 251.3  45.1 2.82E-04 000.8 306.3  71.0 0.361345 0.125218 0.137827 hargrave 2021-09-27 19:19:30 
TT 475 247.7  33.0 251.3  45.1 2.77E-04 000.5 306.4  70.9 0.211576 0.130212 0.101438 hargrave 2021-10-14 16:39:22 
TT 500 247.4  33.0 250.9  45.1 2.63E-04 001.2 305.9  70.7 0.329752 0.405472 0.118008 hargrave 2021-10-16 14:33:24 
TT 510 248.8  32.3 252.5  44.3 2.53E-04 001.2 310.0  71.0 0.232287 0.478445 0.119896 hargrave 2021-10-17 17:55:47 
TT 520 246.3  32.6 249.5  44.8 2.36E-04 000.5 304.5  69.8 0.042870 0.175877 0.100839 hargrave 2021-10-18 17:05:45 
TT 530 248.8  32.2 252.4  44.2 2.18E-04 001.7 310.2  70.9 0.374769 0.506057 0.120031 hargrave 2021-10-19 13:54:13 
TT 535 244.6  37.1 248.1  49.4 1.99E-04 008.4 291.6  71.8 2.701284 1.153465 0.062155 hargrave 2021-10-20 13:02:33 
TT 535 244.8  37.0 248.3  49.2 1.99E-04 008.6 292.1  71.8 2.751955 1.193308 0.063237 hargrave 2021-10-20 14:47:25 
TT 540 247.7  31.7 251.0  43.8 1.83E-04 000.7 308.8  69.9 0.119668 0.180938 0.071307 hargrave 2021-10-22 10:04:45 
TT 545 248.7  32.4 252.4  44.4 1.27E-04 001.3 309.7  71.0 0.188434 0.206504 0.042687 hargrave 2021-10-22 19:13:48 
TT 550 249.6  31.3 253.2  43.2 1.21E-04 002.0 313.5  70.6 0.302208 0.306426 0.048519 hargrave 2021-10-24 12:10:20 
TT 555 247.5  29.8 250.5  41.8 1.20E-04 001.2 311.8  68.2 0.164491 0.178432 0.049614 hargrave 2021-10-25 10:16:28 
TT 560 249.4  30.7 252.9  42.7 1.13E-04 000.9 314.0  70.0 0.112643 0.126878 0.037690 hargrave 2021-10-25 19:24:33 
TT 567 249.5  27.4 252.6  39.4 9.76E-05 000.8 319.2  67.3 0.071235 0.117589 0.039422 hargrave 2021-10-26 15:31:59 
TT 575 250.2  34.0 254.3  45.8 8.24E-05 001.2 309.4  73.0 0.157488 0.068788 0.022568 hargrave 2021-10-27 13:23:30 
TT 582 253.2  24.9 256.4  36.5 8.62E-05 000.8 329.6  66.5 0.083845 0.087580 0.033004 hargrave 2021-10-27 19:27:19 
TT 589 247.8  30.3 251.0  42.4 8.08E-05 001.1 311.6  68.9 0.115830 0.114392 0.029498 hargrave 2021-10-28 17:12:28 
TT 600 255.4  32.6 260.2  43.9 7.91E-05 001.4 325.1  74.3 0.097934 0.165536 0.025192 hargrave 2021-11-23 10:10:01 
TT 615 242.0  24.0 243.7  36.5 7.52E-05 002.4 310.6  60.7 0.147330 0.325890 0.030922 hargrave 2021-11-23 17:33:33 
TT 630 257.9  37.6 264.2  48.6 5.56E-05 004.3 321.5  79.7 0.043901 0.417357 0.018325 hargrave 2021-11-24 17:06:34 
TT 645 240.4  31.3 242.4  43.9 4.22E-05 004.5 297.6  65.4 0.286398 0.221031 0.027351 hargrave 2021-11-27 14:36:42 
TT 655 275.5  20.6 279.9  29.1 3.87E-05 005.2 020.1  63.4 0.046278 0.343914 0.054874 hargrave 2021-11-28 15:26:00 
TT 665 276.6  17.4 280.4  25.8 3.73E-05 005.7 020.6  60.1 0.063121 0.380578 0.048087 hargrave 2021-11-29 10:48:16 
TT 675 198.5  44.9 189.6  55.3 1.68E-05 017.0 245.8  44.1 0.217379 0.539360 0.012869 hargrave 2021-11-29 17:29:22 
