CB7- 7a mag compass orientation (IGRF corrected)
      0 357.0  73.0 319.6  12.8   1.0
NRM    279.6  44.0 291.3  51.3 2.10E-03 001.6 161.1  60.9 3.537774 4.367018 1.955292 hargrave 2021-09-04 16:13:27 
NRM    277.3  40.0 287.1  47.8 1.76E-03 001.5 160.8  65.4 3.068155 3.408177 1.120109 hargrave 2021-09-05 16:06:15 
TT 200 266.0  32.5 272.3  42.4 1.52E-03 000.7 183.2  74.5 1.754679 0.541281 0.632212 hargrave 2021-09-06 14:44:51 
TT 300 261.7  30.5 267.0  41.1 1.50E-03 000.8 198.8  75.6 1.510413 1.443788 0.575820 hargrave 2021-09-07 13:21:35 
TT 325 260.2  30.0 265.2  40.7 1.51E-03 001.0 204.3  75.6 0.900398 2.496637 0.587154 hargrave 2021-09-08 10:15:29 
TT 350 259.0  29.3 263.7  40.2 1.50E-03 001.0 209.5  75.7 1.086784 2.211963 0.553145 hargrave 2021-09-08 17:29:14 
TT 375 259.1  29.3 263.9  40.2 1.50E-03 000.7 209.0  75.7 1.057920 1.519376 0.655336 hargrave 2021-09-10 09:48:02 
TT 400 258.7  29.1 263.3  40.0 1.48E-03 001.4 210.7  75.7 0.359472 3.675395 0.562721 hargrave 2021-09-13 09:46:36 
TT 425 258.2  29.0 262.7  40.0 1.43E-03 000.6 212.5  75.6 1.040240 0.848022 0.759977 hargrave 2021-09-27 10:13:19 
TT 450 257.8  29.2 262.3  40.2 1.35E-03 000.7 213.1  75.2 0.917061 1.330326 0.395296 hargrave 2021-09-27 19:39:59 
TT 475 257.2  29.3 261.6  40.4 1.27E-03 000.5 214.5  74.8 0.934145 0.565321 0.442886 hargrave 2021-10-14 17:01:35 
TT 500 256.7  28.5 260.9  39.7 1.20E-03 001.8 217.7  75.1 1.596441 3.384090 0.469293 hargrave 2021-10-16 14:56:28 
TT 510 256.9  29.5 261.3  40.6 1.13E-03 000.7 214.8  74.5 0.807957 1.132917 0.392130 hargrave 2021-10-17 18:16:23 
TT 520 257.0  28.4 261.3  39.5 1.03E-03 001.0 217.2  75.4 0.307235 1.797211 0.379711 hargrave 2021-10-18 17:26:22 
TT 530 256.9  28.8 261.2  39.9 9.15E-04 000.8 216.5  75.0 0.248327 1.230183 0.381916 hargrave 2021-10-19 14:15:39 
TT 535 257.4  27.6 261.6  38.7 7.82E-04 001.4 218.3  76.2 0.436805 1.800597 0.323601 hargrave 2021-10-20 13:23:56 
TT 535 257.3  27.6 261.5  38.7 7.82E-04 001.5 218.6  76.1 0.435585 1.931205 0.317089 hargrave 2021-10-20 15:08:27 
TT 540 256.6  28.7 260.9  39.9 6.34E-04 001.6 217.4  74.9 0.680343 1.655750 0.371244 hargrave 2021-10-22 10:26:22 
TT 545 256.4  27.9 260.5  39.1 5.27E-04 001.3 220.1  75.3 0.165647 1.132110 0.221776 hargrave 2021-10-22 19:34:20 
TT 550 256.5  28.1 260.6  39.3 2.45E-04 001.3 219.3  75.2 0.342994 0.431255 0.155639 hargrave 2021-10-24 12:31:52 
TT 555 255.4  28.0 259.3  39.4 2.22E-04 000.9 222.2  74.6 0.289897 0.195469 0.189452 hargrave 2021-10-25 10:37:04 
TT 560 255.0  28.4 259.0  39.7 1.44E-04 004.5 222.2  74.1 0.456179 1.042976 0.112783 hargrave 2021-10-25 19:45:10 
TT 567 262.1  31.5 267.7  42.0 1.50E-04 002.1 196.0  74.8 0.096737 0.535407 0.105421 hargrave 2021-10-26 15:53:25 
TT 575 247.3  26.5 250.0  38.6 1.18E-04 002.5 239.2  69.4 0.197270 0.467297 0.086082 hargrave 2021-10-27 13:46:29 
TT 582 260.0  18.2 263.0  29.1 1.27E-04 003.8 259.0  83.3 0.091069 0.838326 0.105533 hargrave 2021-10-27 19:47:46 
TT 589 241.1  27.5 242.9  40.0 1.08E-04 005.1 241.7  63.9 0.445841 0.854078 0.159000 hargrave 2021-10-28 17:33:08 
TT 600 265.1  27.4 270.1  37.5 1.09E-04 003.1 189.3  79.4 0.358728 0.455802 0.055742 hargrave 2021-11-23 10:27:47 
TT 615 270.6  31.5 277.1  40.7 7.97E-05 006.9 167.9  75.2 0.088277 0.971458 0.031377 hargrave 2021-11-23 17:51:17 
TT 630 261.1  32.8 266.8  43.4 7.73E-05 007.8 197.4  73.3 0.089154 1.053867 0.091520 hargrave 2021-11-24 17:24:21 
TT 645 243.0  56.8 250.4  69.0 2.37E-05 013.9 198.8  46.4 0.579845 0.289299 0.032199 hargrave 2021-11-27 14:54:26 
TT 655 300.8  78.4 358.4  75.8 6.03E-05 007.7 172.8  26.5 0.096661 0.817165 0.052317 hargrave 2021-11-28 15:44:01 
TT 665 192.8  16.6 189.6  26.7 5.51E-05 004.6 257.9  19.5 0.187053 0.639338 0.126292 hargrave 2021-11-29 11:07:12 
TT 675 036.3  75.2 042.3  62.6 6.14E-05 010.6 168.5  07.3 0.116739 1.186710 0.072268 hargrave 2021-11-29 17:45:50 
