CB7- 3a mag compass orientation (IGRF corrected)
      0 235.0  22.0 319.6  12.8   1.0
NRM    297.0  45.7 310.5  49.2 1.41E-03 004.0 158.7  25.6 3.979312 8.545114 2.543574 hargrave 2021-09-04 16:03:46 
NRM    292.6  42.7 304.6  47.3 1.28E-03 005.6 154.6  23.3 5.879881 10.78385 2.253186 hargrave 2021-09-05 15:56:32 
TT 200 281.9  36.5 290.9  43.5 1.14E-03 005.1 144.4  19.4 6.048488 7.862811 1.731168 hargrave 2021-09-06 14:35:55 
TT 300 278.2  33.9 286.2  41.8 1.09E-03 005.0 140.6  17.7 6.192849 6.995346 1.616547 hargrave 2021-09-07 13:12:40 
TT 325 276.3  32.9 283.8  41.1 1.07E-03 005.6 138.7  17.2 7.216959 7.516461 1.665524 hargrave 2021-09-08 10:05:44 
TT 350 274.4  32.3 281.5  40.8 1.05E-03 007.9 136.9  17.1 10.20614 10.45332 1.551283 hargrave 2021-09-08 17:18:41 
TT 375 277.7  33.0 285.3  41.0 1.05E-03 002.0 139.9  17.0 2.371473 2.367630 1.585771 hargrave 2021-09-10 09:36:30 
TT 400 279.0  33.1 286.7  40.7 1.02E-03 009.3 141.0  16.7 10.60563 12.76535 1.406802 hargrave 2021-09-13 09:37:34 
TT 400 280.3  33.5 288.3  40.9 1.02E-03 007.6 142.2  16.8 8.602602 10.57669 1.565290 hargrave 2021-09-13 10:28:42 
TT 425 275.1  32.9 282.5  41.3 9.82E-04 007.7 137.7  17.5 8.967721 9.613895 1.716509 hargrave 2021-09-27 10:04:22 
TT 450 276.9  33.2 284.5  41.3 9.40E-04 001.9 139.3  17.3 1.871298 1.976853 1.415659 hargrave 2021-09-27 19:31:06 
TT 475 276.8  33.5 284.5  41.6 8.84E-04 006.2 139.3  17.6 6.319206 7.193623 1.326013 hargrave 2021-10-14 16:51:01 
TT 500 275.8  33.5 283.4  41.8 8.36E-04 006.0 138.4  17.9 5.890147 6.451532 1.281911 hargrave 2021-10-16 14:45:54 
TT 510 275.3  33.2 282.7  41.5 8.11E-04 003.4 137.9  17.7 3.223427 3.375865 1.097202 hargrave 2021-10-17 18:07:28 
TT 520 275.2  33.5 282.8  41.8 7.55E-04 006.1 138.0  18.0 5.351606 5.946170 1.137914 hargrave 2021-10-18 17:17:26 
TT 530 275.1  33.4 282.6  41.7 6.86E-04 003.9 137.8  17.9 3.005780 3.395187 1.009484 hargrave 2021-10-19 14:05:54 
TT 535 279.6  35.1 288.0  42.6 6.12E-04 006.8 142.1  18.5 4.440760 5.689952 0.974680 hargrave 2021-10-20 13:15:01 
TT 535 279.3  35.0 287.7  42.5 6.12E-04 006.5 141.8  18.5 4.264338 5.424064 1.010458 hargrave 2021-10-20 14:59:19 
TT 540 273.0  32.8 280.1  41.6 5.34E-04 004.7 135.8  18.0 2.875401 3.262895 0.865267 hargrave 2021-10-22 10:17:26 
TT 545 277.4  34.4 285.4  42.3 5.29E-04 003.6 140.1  18.3 1.954162 2.597814 0.822214 hargrave 2021-10-22 19:25:25 
TT 550 280.2  35.6 288.8  43.0 3.42E-04 006.0 142.7  18.9 2.013163 2.928639 0.634288 hargrave 2021-10-24 12:22:03 
TT 555 276.9  35.8 285.3  43.8 2.89E-04 006.2 140.1  19.9 1.914213 2.461029 0.512492 hargrave 2021-10-25 10:28:07 
TT 560 281.9  35.9 290.7  43.0 2.52E-04 010.1 144.2  18.8 2.355538 3.796217 0.467244 hargrave 2021-10-25 19:36:13 
TT 567 269.2  33.5 276.1  42.9 2.47E-04 001.4 132.9  19.6 0.189370 0.605711 0.378751 hargrave 2021-10-26 15:44:27 
TT 575 278.7  34.8 286.9  42.5 2.09E-04 006.6 141.2  18.5 1.240795 2.085875 0.381570 hargrave 2021-10-27 13:36:46 
TT 582 266.2  34.2 272.9  44.0 2.05E-04 005.3 130.7  21.1 1.101358 1.625574 0.362800 hargrave 2021-10-27 19:38:55 
TT 589 283.8  36.3 293.0  43.0 1.90E-04 004.1 145.9  18.8 0.412601 1.354855 0.405138 hargrave 2021-10-28 17:24:10 
TT 600 265.8  34.7 272.6  44.6 2.00E-04 003.7 130.5  21.7 0.726582 1.123075 0.246354 hargrave 2021-11-23 10:22:56 
TT 615 276.7  34.2 284.5  42.3 1.55E-04 003.8 139.4  18.3 0.280651 1.093618 0.231238 hargrave 2021-11-23 17:46:27 
TT 630 276.4  35.2 284.6  43.3 1.71E-04 002.4 139.5  19.4 0.108315 0.844351 0.252757 hargrave 2021-11-24 17:19:30 
TT 645 287.2  06.3 289.0  13.0 3.67E-05 003.7 141.6 -11.1 0.416425 0.264302 0.124807 hargrave 2021-11-27 14:49:35 
TT 655 269.1  25.8 274.2  35.3 1.18E-04 002.6 130.2  12.4 0.195637 0.627908 0.118173 hargrave 2021-11-28 15:39:37 
TT 665 354.1  52.5 005.2  44.2 4.48E-05 007.7 200.5  32.4 0.084292 0.581583 0.186142 hargrave 2021-11-29 11:02:46 
TT 675 318.7  36.1 327.9  35.3 7.16E-05 003.0 174.7  14.2 0.194645 0.386988 0.127089 hargrave 2021-11-29 17:41:25 
