CB8- 7a mag compass orientation (IGRF corrected)
      0 106.0   8.0 274.8  10.4   1.0
NRM    297.2  62.1 312.5  56.8 7.01E-05 000.6 265.9  62.6 0.066075 0.036668 0.037273 hargrave 2021-10-29 10:51:52 
TT 100 289.1  58.5 303.8  54.6 5.79E-05 002.5 260.2  58.0 0.242020 0.055855 0.040042 hargrave 2021-10-29 18:23:04 
TT 200 281.5  55.4 295.5  52.9 5.14E-05 003.1 254.3  53.9 0.258150 0.088393 0.042265 hargrave 2021-10-30 15:09:27 
TT 300 270.3  44.1 280.4  44.0 4.24E-05 002.0 247.3  41.4 0.075959 0.142383 0.045176 hargrave 2021-11-01 09:14:33 
TT 325 268.4  44.7 278.7  44.9 3.89E-05 002.4 245.3  41.8 0.130909 0.089189 0.049559 hargrave 2021-11-01 14:56:52 
TT 350 266.7  44.5 277.0  45.0 3.73E-05 002.1 243.8  41.3 0.094142 0.084914 0.051405 hargrave 2021-11-02 10:44:37 
TT 375 269.4  42.9 279.2  43.0 3.60E-05 001.6 246.8  40.1 0.073302 0.059807 0.043557 hargrave 2021-11-02 16:09:27 
TT 400 268.4  42.4 278.0  42.7 3.48E-05 001.6 245.9  39.5 0.068583 0.064252 0.047198 hargrave 2021-11-03 11:21:41 
TT 420 264.1  42.2 273.7  43.2 3.42E-05 001.5 241.9  38.8 0.045722 0.062424 0.050075 hargrave 2021-11-04 12:33:05 
TT 440 267.3  41.2 276.5  41.7 3.32E-05 002.0 245.1  38.2 0.097081 0.044074 0.045200 hargrave 2021-11-05 08:13:56 
TT 460 266.6  41.2 275.8  41.9 3.17E-05 002.7 244.4  38.2 0.132909 0.050999 0.046724 hargrave 2021-11-05 19:18:39 
TT 480 266.0  42.0 275.5  42.7 2.92E-05 002.2 243.8  38.8 0.070635 0.079636 0.044999 hargrave 2021-11-06 14:42:52 
TT 500 267.7  42.9 277.5  43.3 2.62E-05 002.9 245.1  40.0 0.092357 0.103702 0.039973 hargrave 2021-11-07 12:48:05 
TT 520 269.2  45.8 280.0  45.8 2.07E-05 002.5 245.9  43.0 0.079133 0.043630 0.033286 hargrave 2021-11-08 10:37:42 
TT 530 268.7  47.7 280.2  47.8 1.77E-05 001.6 244.9  44.8 0.041200 0.026526 0.030377 hargrave 2021-11-09 10:55:03 
TT 540 274.8  48.1 286.2  47.1 1.63E-05 004.2 250.5  46.0 0.111236 0.045227 0.029337 hargrave 2021-11-09 20:04:26 
TT 550 274.1  52.2 287.3  51.1 1.32E-05 002.0 248.6  49.9 0.040020 0.024133 0.026886 hargrave 2021-11-10 14:01:09 
TT 555 279.1  51.9 291.7  50.0 1.22E-05 002.9 253.3  50.3 0.057866 0.025305 0.025934 hargrave 2021-11-11 08:47:55 
TT 560 279.9  55.3 294.0  53.1 1.08E-05 003.2 252.8  53.7 0.056253 0.024908 0.024639 hargrave 2021-11-12 08:50:25 
TT 565 284.4  57.8 299.4  54.7 8.84E-06 002.8 256.1  56.7 0.038184 0.020957 0.023842 hargrave 2021-11-12 16:37:47 
TT 570 288.2  61.1 304.5  57.2 7.96E-06 004.1 257.9  60.4 0.052830 0.022403 0.023849 hargrave 2021-11-13 13:13:11 
TT 576 290.3  60.1 305.7  56.0 7.33E-06 004.2 260.4  59.8 0.050522 0.021126 0.022979 hargrave 2021-11-14 14:26:10 
TT 581 301.5  63.3 316.7  57.4 6.39E-06 003.6 269.2  64.4 0.034769 0.021279 0.021737 hargrave 2021-11-16 09:30:09 
TT 586 292.7  65.5 311.1  60.7 6.08E-06 004.3 259.1  65.2 0.041553 0.020910 0.022294 hargrave 2021-11-17 09:40:01 
TT 589 295.1  60.6 310.0  55.7 5.93E-06 004.3 264.7  60.9 0.040015 0.020675 0.022824 hargrave 2021-11-17 16:18:11 
TT 600 304.1  64.7 319.5  58.4 5.18E-06 004.3 270.8  66.0 0.032681 0.020539 0.022597 hargrave 2021-11-18 15:57:28 
TT 610 293.2  58.6 307.3  54.1 5.26E-06 004.6 264.0  58.7 0.036520 0.021005 0.023302 hargrave 2021-11-22 16:17:58 
TT 625 305.5  58.7 317.7  52.4 4.32E-06 000.7 276.2  60.5 0.003410 0.004663 0.001642 hargrave 2021-11-23 13:07:07 
TT 640 255.6  59.2 273.5  61.0 3.35E-06 002.5 229.6  54.5 0.011521 0.009237 0.002427 hargrave 2021-11-24 09:34:28 
TT 655 110.6  45.4 099.9  47.3 5.12E-06 003.5 102.5  44.2 0.030543 0.007322 0.003191 hargrave 2021-11-25 14:32:05 
TT 655 274.3  44.3 284.3  43.5 2.42E-06 001.1 251.0  42.2 0.005041 0.002189 0.001681 hargrave 2021-11-25 16:29:00 
TT 660 241.2  44.8 251.2  49.8 1.83E-06 005.9 220.4  39.0 0.012089 0.014652 0.002234 hargrave 2021-11-27 17:41:38 
TT 665 251.0  22.4 255.4  26.3 1.51E-06 007.8 232.7  17.7 0.015498 0.013767 0.001930 hargrave 2021-11-28 17:50:15 
