CB8- 6a mag compass orientation (IGRF corrected)
      0 275.0  20.0 274.8  10.4   1.0
NRM    292.0  56.4 305.3  52.1 1.88E-04 003.3 129.5  46.6 0.903542 0.589562 0.214116 hargrave 2021-10-29 10:50:28 
TT 100 287.5  54.3 300.4  50.9 1.77E-04 000.7 124.9  46.0 0.142577 0.041957 0.188813 hargrave 2021-10-29 18:21:40 
TT 200 280.0  50.6 292.0  48.6 1.66E-04 002.8 116.6  45.1 0.735667 0.294701 0.156568 hargrave 2021-10-30 15:07:59 
TT 300 274.6  46.7 285.4  45.7 1.55E-04 001.5 109.6  43.3 0.394775 0.065875 0.110826 hargrave 2021-11-01 09:13:23 
TT 325 272.8  45.9 283.4  45.3 1.50E-04 001.0 107.6  43.2 0.202445 0.135527 0.127163 hargrave 2021-11-01 14:55:45 
TT 350 274.5  46.5 285.3  45.6 1.46E-04 002.6 109.4  43.2 0.639575 0.162494 0.135647 hargrave 2021-11-02 10:43:30 
TT 375 275.6  46.6 286.4  45.5 1.43E-04 002.8 110.4  42.9 0.665779 0.199273 0.127480 hargrave 2021-11-02 16:08:17 
TT 400 276.6  47.3 287.6  46.0 1.39E-04 000.9 111.7  43.2 0.200213 0.068152 0.130689 hargrave 2021-11-03 11:20:33 
TT 420 271.8  45.0 282.1  44.6 1.37E-04 001.5 106.2  42.7 0.350083 0.096195 0.118856 hargrave 2021-11-04 12:31:58 
TT 440 273.0  45.2 283.4  44.6 1.36E-04 001.0 107.3  42.5 0.153942 0.125849 0.143870 hargrave 2021-11-05 08:12:50 
TT 460 274.1  45.7 284.6  44.9 1.33E-04 003.3 108.5  42.6 0.731926 0.191258 0.134379 hargrave 2021-11-05 19:17:33 
TT 480 270.7  44.5 280.9  44.3 1.30E-04 001.9 104.9  42.6 0.420210 0.106212 0.109942 hargrave 2021-11-06 14:41:45 
TT 500 273.8  45.5 284.3  44.7 1.25E-04 002.1 108.2  42.4 0.438136 0.160219 0.116576 hargrave 2021-11-07 12:46:55 
TT 520 270.9  45.2 281.4  45.0 1.12E-04 002.7 105.6  43.2 0.512925 0.118858 0.089716 hargrave 2021-11-08 10:36:17 
TT 530 272.8  46.1 283.5  45.5 1.04E-04 001.7 107.7  43.3 0.294295 0.083436 0.088419 hargrave 2021-11-09 10:53:39 
TT 540 275.8  47.5 286.9  46.3 9.92E-05 002.3 111.1  43.6 0.372717 0.111860 0.085186 hargrave 2021-11-09 20:03:02 
TT 550 271.3  45.9 282.0  45.6 8.94E-05 000.9 106.3  43.6 0.134794 0.051760 0.074578 hargrave 2021-11-10 13:59:46 
TT 555 272.4  46.8 283.4  46.2 8.35E-05 002.1 107.9  44.1 0.290603 0.080308 0.060866 hargrave 2021-11-11 08:46:31 
TT 560 269.2  45.9 280.0  45.9 7.37E-05 005.6 104.5  44.3 0.699915 0.149611 0.053854 hargrave 2021-11-12 08:49:00 
TT 565 278.5  49.5 290.2  47.7 6.43E-05 001.9 114.6  44.5 0.193054 0.086386 0.056128 hargrave 2021-11-12 16:36:21 
TT 570 274.4  47.9 285.7  46.9 5.95E-05 002.5 110.2  44.4 0.242374 0.106992 0.051182 hargrave 2021-11-13 13:11:46 
TT 576 274.1  48.9 285.8  48.0 5.13E-05 004.4 110.7  45.4 0.379674 0.121787 0.033641 hargrave 2021-11-14 14:24:46 
TT 581 272.7  48.8 284.5  48.1 4.57E-05 005.5 109.5  45.7 0.418309 0.136114 0.030418 hargrave 2021-11-16 09:28:44 
TT 586 274.3  49.1 286.1  48.1 4.31E-05 006.2 110.9  45.4 0.445349 0.156920 0.029201 hargrave 2021-11-17 09:38:37 
TT 589 272.8  49.4 284.8  48.7 4.10E-05 006.6 109.9  46.2 0.450484 0.157334 0.027375 hargrave 2021-11-17 16:16:46 
TT 600 278.8  51.4 291.2  49.5 3.74E-05 004.3 116.2  46.1 0.256695 0.120442 0.028154 hargrave 2021-11-18 15:56:04 
TT 610 280.8  50.8 292.9  48.6 3.47E-05 003.0 117.4  44.9 0.162836 0.084197 0.026747 hargrave 2021-11-22 16:16:33 
TT 625 278.1  50.8 290.3  49.0 2.88E-05 002.6 115.2  45.7 0.119440 0.063332 0.021793 hargrave 2021-11-23 13:04:53 
TT 640 279.7  47.3 290.5  45.4 2.65E-05 002.6 114.2  42.2 0.105227 0.076953 0.019952 hargrave 2021-11-24 09:32:16 
TT 655 066.8  39.1 060.3  33.6 4.10E-06 006.0 230.7  27.8 0.036511 0.024281 0.005623 hargrave 2021-11-25 14:30:41 
TT 655 265.9  42.6 275.6  43.4 2.05E-05 000.9 099.5  42.5 0.024569 0.024800 0.014117 hargrave 2021-11-25 16:27:36 
TT 660 275.0  43.7 284.8  42.8 1.81E-05 006.2 108.1  40.5 0.184980 0.066544 0.013334 hargrave 2021-11-27 17:40:14 
TT 665 273.2  44.9 283.4  44.3 7.91E-06 004.4 107.3  42.1 0.056398 0.021624 0.005717 hargrave 2021-11-28 17:48:51 
