CB8- 4a mag compass orientation (IGRF corrected)
      0 262.0  19.0 274.8  10.4   1.0
NRM    279.7  58.3 295.5  56.0 1.65E-04 001.1 130.6  48.8 0.237421 0.211829 0.135699 hargrave 2021-10-29 10:47:41 
TT 100 276.0  55.4 290.6  53.9 1.55E-04 002.6 125.8  47.2 0.571405 0.391740 0.122675 hargrave 2021-10-29 18:18:48 
TT 200 273.2  52.6 286.6  51.7 1.45E-04 003.3 121.9  45.5 0.704005 0.429575 0.098333 hargrave 2021-10-30 15:05:12 
TT 300 267.2  43.9 277.4  44.4 1.28E-04 003.4 111.9  39.4 0.728749 0.214023 0.102948 hargrave 2021-11-01 09:11:03 
TT 325 265.9  42.5 275.5  43.3 1.20E-04 004.8 110.0  38.5 0.952113 0.324276 0.098404 hargrave 2021-11-01 14:53:25 
TT 350 264.4  42.0 273.9  43.0 1.14E-04 002.0 108.4  38.5 0.382002 0.075213 0.085107 hargrave 2021-11-02 10:41:09 
TT 375 263.3  41.6 272.7  42.8 1.03E-04 004.0 107.2  38.5 0.699202 0.179104 0.075986 hargrave 2021-11-02 16:06:00 
TT 400 268.9  43.7 278.9  43.8 9.08E-05 001.6 113.1  38.7 0.236501 0.131091 0.070792 hargrave 2021-11-03 11:18:12 
TT 420 263.8  42.4 273.5  43.5 7.97E-05 005.7 108.1  39.0 0.753308 0.254098 0.057199 hargrave 2021-11-04 12:29:41 
TT 440 268.4  43.4 278.3  43.7 7.23E-05 001.3 112.6  38.6 0.145554 0.102546 0.050297 hargrave 2021-11-05 08:10:29 
TT 460 266.7  43.5 276.7  44.0 6.37E-05 002.5 111.2  39.1 0.276303 0.064312 0.053966 hargrave 2021-11-05 19:15:19 
TT 480 268.3  44.9 278.8  45.1 5.62E-05 004.0 113.3  39.9 0.382520 0.094503 0.047863 hargrave 2021-11-06 14:39:31 
TT 500 267.8  45.6 278.5  45.9 5.02E-05 001.3 113.3  40.7 0.080174 0.102206 0.038621 hargrave 2021-11-07 12:44:38 
TT 520 268.9  47.5 280.4  47.6 4.36E-05 003.6 115.3  42.1 0.245334 0.123493 0.037122 hargrave 2021-11-08 10:33:28 
TT 530 269.7  48.3 281.4  48.2 3.85E-05 003.7 116.4  42.6 0.221064 0.115355 0.034798 hargrave 2021-11-09 10:50:51 
TT 540 270.2  48.8 282.1  48.6 3.69E-05 005.5 117.1  42.9 0.317448 0.156601 0.031430 hargrave 2021-11-09 20:00:14 
TT 550 269.5  49.0 281.5  48.9 3.36E-05 002.2 116.7  43.3 0.112883 0.064042 0.031518 hargrave 2021-11-10 13:56:57 
TT 555 271.3  50.0 283.6  49.5 3.22E-05 003.7 118.7  43.7 0.179841 0.105381 0.021503 hargrave 2021-11-11 08:43:43 
TT 560 274.7  52.6 288.0  51.4 2.71E-05 002.3 123.0  45.1 0.093465 0.069586 0.018138 hargrave 2021-11-12 08:46:12 
TT 565 277.4  52.7 290.6  51.0 2.44E-05 002.0 125.1  44.4 0.066764 0.059112 0.016816 hargrave 2021-11-12 16:33:25 
TT 570 278.0  54.5 291.9  52.6 2.16E-05 003.0 126.7  45.8 0.087276 0.070752 0.014427 hargrave 2021-11-13 13:08:57 
TT 576 281.8  56.3 296.3  53.7 1.83E-05 002.8 130.7  46.5 0.066930 0.061448 0.012684 hargrave 2021-11-14 14:21:58 
TT 581 281.8  55.5 295.9  53.0 1.66E-05 003.0 130.2  45.8 0.063530 0.059314 0.010978 hargrave 2021-11-16 09:25:55 
TT 586 280.3  55.6 294.6  53.3 1.64E-05 006.3 129.1  46.2 0.139456 0.115759 0.011732 hargrave 2021-11-17 09:35:48 
TT 589 281.6  56.4 296.2  53.9 1.54E-05 003.9 130.6  46.7 0.078043 0.070181 0.010429 hargrave 2021-11-17 16:13:56 
TT 600 277.1  54.4 291.1  52.7 1.45E-05 001.3 126.0  46.0 0.026337 0.021893 0.010091 hargrave 2021-11-18 15:53:15 
TT 610 274.6  51.1 287.2  50.0 1.31E-05 003.1 122.0  43.7 0.057839 0.042713 0.008623 hargrave 2021-11-22 16:13:46 
TT 625 279.2  52.6 292.1  50.6 1.02E-05 003.9 126.4  43.8 0.054307 0.043861 0.007139 hargrave 2021-11-23 13:02:05 
TT 640 280.8  46.9 291.3  44.9 8.73E-06 003.1 124.6  38.2 0.036938 0.030474 0.006981 hargrave 2021-11-24 09:29:27 
TT 655 207.0  64.0 219.8  73.2 1.12E-06 002.4 079.5  75.2 0.001548 0.003994 0.001856 hargrave 2021-11-25 14:27:51 
TT 655 251.5  43.4 261.4  46.7 5.15E-06 001.0 097.9  43.9 0.006460 0.007104 0.003277 hargrave 2021-11-25 16:23:44 
TT 660 276.0  42.4 285.3  41.3 5.12E-06 005.9 118.5  35.4 0.045500 0.028254 0.004167 hargrave 2021-11-27 17:37:26 
TT 665 251.6  16.6 254.8  20.4 2.72E-06 003.0 085.7  19.0 0.014123 0.003510 0.002553 hargrave 2021-11-28 17:46:03 
