CB8- 2a mag compass orientation (IGRF corrected)
      0 286.0  18.0 274.8  10.4   1.0
NRM    280.3  48.9 291.6  46.8 1.58E-04 001.9 104.6  47.4 0.511618 0.123405 0.105425 hargrave 2021-10-29 10:43:56 
TT 100 279.5  48.5 290.7  46.7 1.55E-04 002.4 103.7  47.4 0.616068 0.155827 0.097331 hargrave 2021-10-29 18:14:16 
TT 200 274.9  45.5 285.3  44.6 1.48E-04 002.7 097.7  46.1 0.703357 0.081313 0.090095 hargrave 2021-10-30 15:02:21 
TT 300 268.2  40.7 277.2  41.1 1.41E-04 005.5 088.5  43.8 1.353863 0.085150 0.080354 hargrave 2021-11-01 09:08:01 
TT 325 268.1  40.5 277.1  40.9 1.37E-04 004.9 088.3  43.6 1.183451 0.068723 0.095597 hargrave 2021-11-01 14:51:00 
TT 350 270.9  41.5 280.1  41.4 1.35E-04 005.0 091.6  43.7 1.171045 0.090364 0.079689 hargrave 2021-11-02 10:37:58 
TT 375 267.9  40.5 276.9  40.9 1.32E-04 002.2 088.1  43.7 0.499223 0.028346 0.078941 hargrave 2021-11-02 16:03:29 
TT 400 267.5  40.5 276.5  41.1 1.29E-04 001.4 087.8  43.8 0.230011 0.124274 0.186915 hargrave 2021-11-03 11:15:06 
TT 420 267.5  40.3 276.4  40.8 1.27E-04 002.5 087.6  43.6 0.524832 0.134530 0.156843 hargrave 2021-11-04 12:27:14 
TT 440 267.4  40.3 276.4  40.9 1.24E-04 003.9 087.6  43.7 0.823371 0.155137 0.128269 hargrave 2021-11-05 08:08:07 
TT 460 260.9  38.5 269.3  40.3 6.08E-05 054.2 080.1  44.0 0.805752 4.604683 4.519602 hargrave 2021-11-05 19:12:57 
TT 460 266.3  39.7 275.1  40.4 1.21E-04 004.4 086.1  43.4 0.915359 0.178936 0.134957 hargrave 2021-11-06 10:29:20 
TT 480 265.0  39.9 273.8  40.9 1.15E-04 003.9 084.9  44.1 0.757282 0.161527 0.126758 hargrave 2021-11-06 14:37:05 
TT 500 263.8  39.6 272.6  40.8 1.07E-04 004.0 083.6  44.1 0.722760 0.175184 0.113780 hargrave 2021-11-07 12:41:28 
TT 520 265.5  41.3 274.8  42.1 9.04E-05 003.5 086.2  45.1 0.536708 0.084534 0.076490 hargrave 2021-11-08 10:30:30 
TT 530 264.1  41.6 273.5  42.7 7.69E-05 002.4 085.1  45.8 0.301877 0.084541 0.068120 hargrave 2021-11-09 10:47:54 
TT 540 267.8  43.2 277.6  43.6 6.91E-05 003.8 089.6  46.2 0.454409 0.076273 0.072858 hargrave 2021-11-09 19:57:16 
TT 550 265.2  42.8 275.0  43.6 5.76E-05 002.8 086.8  46.6 0.266874 0.071313 0.049747 hargrave 2021-11-10 13:54:00 
TT 555 264.9  43.0 274.8  43.9 5.41E-05 002.6 086.7  46.9 0.227986 0.083724 0.052376 hargrave 2021-11-11 08:40:46 
TT 560 268.3  44.9 278.7  45.2 4.25E-05 005.9 091.1  47.6 0.437002 0.038810 0.044804 hargrave 2021-11-12 08:43:15 
TT 565 270.1  47.2 281.4  47.0 2.99E-05 004.7 094.4  49.0 0.243914 0.032579 0.034430 hargrave 2021-11-12 16:30:24 
TT 570 273.9  48.7 285.5  47.8 2.90E-05 002.0 098.8  49.2 0.095063 0.034390 0.029089 hargrave 2021-11-13 13:05:58 
TT 576 272.9  48.5 284.6  47.7 2.66E-05 002.7 097.8  49.3 0.118632 0.024393 0.030636 hargrave 2021-11-14 14:19:01 
TT 581 271.9  47.3 283.1  46.8 2.48E-05 005.5 096.0  48.6 0.236677 0.017746 0.027066 hargrave 2021-11-16 09:22:08 
TT 586 272.8  47.7 284.1  47.0 2.38E-05 004.4 097.2  48.7 0.180315 0.018074 0.028108 hargrave 2021-11-17 09:32:01 
TT 589 274.2  49.8 286.3  48.8 2.18E-05 005.7 100.0  50.1 0.215148 0.028039 0.022866 hargrave 2021-11-17 16:10:58 
TT 600 273.6  48.4 285.1  47.5 2.06E-05 001.8 098.3  49.0 0.056974 0.019877 0.023683 hargrave 2021-11-18 15:50:17 
TT 610 278.6  52.0 291.4  50.2 1.63E-05 003.8 105.5  50.7 0.104223 0.017216 0.031483 hargrave 2021-11-22 16:10:49 
TT 625 275.3  47.5 286.4  46.4 1.37E-05 001.3 099.3  47.7 0.026809 0.013571 0.015320 hargrave 2021-11-23 12:59:07 
TT 640 272.4  49.0 284.3  48.3 1.01E-05 004.6 097.7  49.9 0.080195 0.007020 0.010513 hargrave 2021-11-24 09:26:29 
TT 655 287.1  45.7 296.8  42.6 2.05E-05 002.9 108.5  42.6 0.094144 0.041938 0.014471 hargrave 2021-11-25 14:24:53 
TT 655 250.9  50.0 263.5  53.2 3.81E-06 000.9 077.7  57.4 0.005302 0.003642 0.001946 hargrave 2021-11-25 16:20:47 
TT 660 286.6  53.2 299.1  49.9 3.59E-06 004.1 112.9  49.4 0.023652 0.008975 0.005056 hargrave 2021-11-27 17:34:29 
TT 665 281.7 -11.7 279.5 -12.8 1.94E-06 005.7 082.3 -09.8 0.019408 0.002560 0.003295 hargrave 2021-11-28 17:43:06 
