CB8- 1a mag compass orientation (IGRF corrected)
      0 311.0  10.0 274.8  10.4   1.0
NRM    318.7  67.3 331.9  59.2 5.13E-05 002.6 118.9  64.1 0.211107 0.100456 0.024563 hargrave 2021-10-29 10:42:23 
TT 100 317.7  67.9 331.5  59.9 4.77E-05 002.2 118.6  64.8 0.166256 0.081082 0.022948 hargrave 2021-10-29 18:12:43 
TT 200 303.4  64.7 319.0  58.5 3.80E-05 002.4 103.5  64.2 0.152676 0.034499 0.015125 hargrave 2021-10-30 15:00:51 
TT 300 285.9  56.6 300.1  53.4 1.38E-05 048.0 080.3  59.7 0.127851 0.733698 1.274837 hargrave 2021-11-01 09:06:41 
TT 300 289.5  56.9 303.4  53.0 2.75E-05 003.7 084.2  59.3 0.176354 0.020378 0.016814 hargrave 2021-11-01 10:33:04 
TT 325 285.3  55.0 298.8  51.9 2.54E-05 000.9 078.8  58.2 0.035224 0.016464 0.015552 hargrave 2021-11-01 14:49:40 
TT 350 285.2  55.5 298.9  52.3 2.33E-05 002.3 078.9  58.7 0.091041 0.023244 0.013962 hargrave 2021-11-02 10:36:37 
TT 375 280.6  54.1 294.1  51.8 2.16E-05 001.4 073.3  58.1 0.051485 0.012034 0.016782 hargrave 2021-11-02 16:02:12 
TT 400 279.4  53.6 292.8  51.6 2.05E-05 000.9 071.8  57.9 0.022305 0.023457 0.014332 hargrave 2021-11-03 11:13:49 
TT 420 275.1  51.8 288.0  50.6 1.98E-05 003.4 066.2  56.8 0.107209 0.043555 0.019063 hargrave 2021-11-04 12:25:58 
TT 440 276.1  51.2 288.7  49.9 1.92E-05 002.1 067.1  56.1 0.065573 0.025747 0.016758 hargrave 2021-11-05 08:06:47 
TT 460 275.7  50.8 288.1  49.5 1.83E-05 001.0 066.4  55.8 0.022191 0.019727 0.015718 hargrave 2021-11-05 19:11:02 
TT 480 274.3  50.5 286.7  49.5 1.71E-05 000.6 064.8  55.7 0.015445 0.008214 0.015166 hargrave 2021-11-06 14:35:45 
TT 500 275.7  52.1 288.7  50.8 1.54E-05 002.1 067.0  57.0 0.053198 0.013014 0.013550 hargrave 2021-11-07 12:40:12 
TT 520 279.6  54.3 293.3  52.1 1.32E-05 002.8 072.3  58.5 0.061747 0.016836 0.008921 hargrave 2021-11-08 10:28:56 
TT 530 281.5  56.4 296.0  53.9 1.18E-05 003.5 075.6  60.2 0.069653 0.015482 0.009070 hargrave 2021-11-09 10:46:21 
TT 540 283.8  57.7 298.8  54.7 1.07E-05 002.1 078.8  61.0 0.037826 0.007508 0.005760 hargrave 2021-11-09 19:55:43 
TT 550 288.5  59.5 303.8  55.6 8.99E-06 002.2 084.9  61.9 0.033544 0.005739 0.004272 hargrave 2021-11-10 13:52:27 
TT 555 293.4  61.8 309.3  57.1 8.21E-06 002.2 091.6  63.2 0.030942 0.004160 0.003155 hargrave 2021-11-11 08:39:12 
TT 560 296.0  62.1 311.5  57.0 7.76E-06 002.6 094.3  63.0 0.034245 0.004689 0.007259 hargrave 2021-11-12 08:41:41 
TT 565 305.5  65.7 321.1  59.1 6.32E-06 002.2 106.2  64.7 0.023300 0.006144 0.002956 hargrave 2021-11-12 16:28:49 
TT 570 308.1  66.4 323.5  59.5 5.99E-06 002.6 109.2  64.9 0.026212 0.007821 0.002184 hargrave 2021-11-13 13:04:24 
TT 576 311.6  68.3 327.3  60.9 5.50E-06 002.7 114.0  66.1 0.024768 0.007821 0.002283 hargrave 2021-11-14 14:17:27 
TT 581 314.6  67.4 329.0  59.8 2.55E-06 067.4 115.7  64.9 0.050194 0.104959 0.247355 hargrave 2021-11-16 09:20:34 
TT 581 319.9  68.1 333.2  59.9 5.21E-06 001.7 120.6  64.7 0.016895 0.003371 0.009590 hargrave 2021-11-16 11:37:47 
TT 586 321.7  66.9 333.9  58.6 4.57E-06 001.7 121.0  63.3 0.012593 0.005655 0.003211 hargrave 2021-11-17 09:30:27 
TT 589 320.6  67.6 333.4  59.3 4.24E-06 003.0 120.7  64.1 0.020443 0.008764 0.001851 hargrave 2021-11-17 16:09:22 
TT 600 315.3  67.2 329.4  59.5 3.89E-06 002.7 116.1  64.6 0.017415 0.005658 0.002339 hargrave 2021-11-18 15:48:43 
TT 610 309.4  70.9 327.5  63.6 3.45E-06 002.9 115.3  68.8 0.014206 0.009155 0.005340 hargrave 2021-11-22 16:09:15 
TT 625 320.6  67.1 333.2  58.8 2.91E-06 002.6 120.2  63.6 0.004091 0.011320 0.006016 hargrave 2021-11-23 12:57:32 
TT 640 309.8  67.8 325.7  60.6 1.05E-06 041.4 112.1  65.9 0.017201 0.042896 0.101622 hargrave 2021-11-24 09:24:55 
TT 640 311.4  66.7 326.2  59.4 2.08E-06 002.8 112.3  64.7 0.007687 0.005766 0.003867 hargrave 2021-11-24 11:19:29 
TT 655 014.3  43.8 013.0  33.5 3.23E-06 055.1 156.7  34.7 0.260492 0.112450 0.196513 hargrave 2021-11-25 14:23:19 
TT 655 252.8  70.1 282.9  71.4 1.11E-06 000.7 055.9  77.5 0.000758 0.001066 0.000232 hargrave 2021-11-25 16:19:14 
TT 660 317.5  55.3 326.4  47.7 9.63E-07 002.3 110.0  53.0 0.001410 0.001997 0.003864 hargrave 2021-11-27 17:32:55 
TT 665 300.8  15.3 302.9  10.5 8.25E-07 005.0 082.6  16.8 0.006208 0.000927 0.003903 hargrave 2021-11-28 17:41:32 
