CB9- 1a mag compass orientation (IGRF corrected)
      0 230.0  12.0 274.8  10.4   1.0
NRM    280.8  30.7 286.7  29.1 5.36E-03 004.5 144.4  21.1 25.46178 32.26474 8.899411 hargrave 2021-10-29 10:54:49 
TT 100 274.5  28.2 280.0  27.8 5.25E-03 000.9 138.2  19.5 2.978547 1.169455 7.875884 hargrave 2021-10-29 18:26:01 
TT 200 273.3  25.1 278.1  24.9 5.03E-03 007.2 136.5  16.6 44.25031 44.83318 7.124348 hargrave 2021-10-30 15:12:42 
TT 300 272.1  23.8 276.7  23.8 4.69E-03 004.7 135.2  15.5 27.24898 26.07098 7.244232 hargrave 2021-11-01 09:17:44 
TT 325 268.3  22.8 272.8  23.6 4.41E-03 003.3 131.5  15.1 19.17931 15.70592 6.292770 hargrave 2021-11-01 14:59:14 
TT 350 269.5  22.7 273.9  23.2 4.13E-03 001.2 132.6  14.8 5.122414 3.348052 5.947192 hargrave 2021-11-02 10:47:53 
TT 375 269.1  22.4 273.5  23.1 3.90E-03 002.9 132.2  14.6 14.40846 11.79770 5.623354 hargrave 2021-11-02 16:11:55 
TT 400 268.1  22.0 272.4  22.8 3.63E-03 002.5 131.1  14.3 12.20173 9.362568 5.100354 hargrave 2021-11-03 11:24:08 
TT 420 271.5  22.4 275.8  22.6 3.52E-03 005.0 134.4  14.2 22.16244 20.82739 5.129843 hargrave 2021-11-04 12:36:13 
TT 440 272.1  22.4 276.4  22.5 3.42E-03 001.7 135.0  14.1 6.704084 5.666546 5.091553 hargrave 2021-11-05 08:16:22 
TT 460 274.9  22.7 279.3  22.3 3.28E-03 004.5 137.7  14.0 17.62949 18.36207 5.169011 hargrave 2021-11-05 19:21:00 
TT 480 272.2  22.3 276.5  22.4 3.15E-03 001.5 135.1  14.0 5.334323 4.333146 4.715517 hargrave 2021-11-06 14:45:18 
TT 500 270.7  22.0 274.9  22.4 3.00E-03 001.3 133.6  13.9 4.201446 2.973492 4.332277 hargrave 2021-11-07 12:50:27 
TT 520 271.0  22.2 275.3  22.5 2.76E-03 003.1 133.9  14.1 10.70782 9.890451 3.685147 hargrave 2021-11-08 10:40:40 
TT 530 269.8  22.0 274.1  22.6 2.60E-03 002.5 132.8  14.1 8.291370 7.320164 3.308555 hargrave 2021-11-09 10:58:00 
TT 540 274.2  22.7 278.5  22.4 2.46E-03 003.8 137.0  14.1 11.03536 11.48777 3.203362 hargrave 2021-11-09 20:07:24 
TT 550 273.4  22.7 277.7  22.5 2.24E-03 001.6 136.2  14.2 4.060976 3.893574 2.833952 hargrave 2021-11-10 14:04:11 
TT 555 271.2  22.4 275.5  22.6 2.08E-03 002.0 134.1  14.2 5.084966 4.801101 2.555260 hargrave 2021-11-11 08:50:52 
TT 560 270.2  22.4 274.5  22.9 1.94E-03 004.1 133.2  14.4 10.06880 9.240966 2.350334 hargrave 2021-11-12 08:53:23 
TT 565 271.6  22.7 275.9  22.9 1.68E-03 003.8 134.5  14.5 7.839831 7.495267 2.095272 hargrave 2021-11-12 16:40:48 
TT 570 271.8  22.8 276.2  22.9 1.62E-03 001.7 134.8  14.5 3.248132 3.034608 2.004446 hargrave 2021-11-13 13:16:09 
TT 576 268.6  22.3 273.0  23.0 1.54E-03 003.0 131.7  14.5 5.994382 5.159563 1.785594 hargrave 2021-11-14 14:29:07 
TT 581 273.0  22.9 277.4  22.8 1.44E-03 001.2 135.9  14.5 1.851520 1.796502 1.697627 hargrave 2021-11-16 09:33:08 
TT 586 270.3  22.8 274.8  23.2 1.32E-03 001.6 133.4  14.8 2.565492 2.312127 1.559435 hargrave 2021-11-17 09:43:53 
TT 589 269.3  22.3 273.6  22.9 1.23E-03 003.0 132.3  14.4 4.662673 4.126672 1.448367 hargrave 2021-11-17 16:21:09 
TT 600 271.9  22.8 276.3  22.9 9.21E-04 004.4 134.8  14.6 5.036873 4.927189 1.146250 hargrave 2021-11-18 16:00:27 
TT 610 272.0  22.8 276.4  22.9 7.99E-04 001.8 135.0  14.5 1.642471 1.635539 0.975714 hargrave 2021-11-22 16:19:25 
TT 625 269.7  23.4 274.3  23.9 5.29E-04 004.2 132.9  15.4 2.805154 2.576553 0.623496 hargrave 2021-11-23 13:08:34 
TT 640 275.8  23.9 280.3  23.3 4.51E-04 003.0 138.7  15.1 1.491732 1.716430 0.546673 hargrave 2021-11-24 09:35:55 
TT 655 273.6  25.1 278.4  24.9 3.24E-04 005.4 136.8  16.6 2.071262 2.254936 0.401463 hargrave 2021-11-25 14:33:32 
TT 660 267.2  23.2 271.7  24.2 2.92E-04 006.7 130.5  15.6 2.583762 2.248193 0.342005 hargrave 2021-11-27 17:43:05 
TT 665 278.2  25.4 283.0  24.4 2.06E-04 003.5 141.2  16.2 0.754439 0.981331 0.266670 hargrave 2021-11-28 17:51:43 
