CB9- 7a mag compass orientation (IGRF corrected)
      0 160.0  17.0 274.8  10.4   1.0
NRM    279.3  26.7 284.4  25.4 6.38E-03 004.1 206.5  11.7 18.07393 39.74158 12.65699 hargrave 2021-10-29 11:04:25 
TT 100 274.7  24.5 279.4  24.1 6.25E-03 003.5 202.6  08.9 12.80022 34.16745 12.71753 hargrave 2021-10-29 18:35:37 
TT 200 272.0  21.3 276.0  21.5 5.96E-03 007.8 200.5  05.4 27.28006 75.59567 12.11328 hargrave 2021-10-30 15:21:51 
TT 300 277.1  19.5 280.7  18.8 5.31E-03 004.5 205.5  04.3 17.85663 36.88160 10.17183 hargrave 2021-11-01 09:25:43 
TT 325 269.0  20.0 272.9  20.7 4.77E-03 006.4 197.9  03.8 15.90871 50.21320 10.04595 hargrave 2021-11-01 15:07:10 
TT 350 271.5  19.4 275.2  19.7 4.56E-03 003.4 200.3  03.5 8.514853 23.79735 9.322988 hargrave 2021-11-02 10:56:39 
TT 375 275.5  18.8 279.0  18.3 4.37E-03 005.9 204.1  03.3 17.61373 40.26373 8.946913 hargrave 2021-11-02 16:20:07 
TT 400 272.2  18.9 275.8  19.0 4.14E-03 001.2 201.0  03.0 1.336280 2.132868 8.241993 hargrave 2021-11-03 11:32:18 
TT 420 272.5  18.9 276.1  19.0 3.99E-03 001.8 201.2  03.1 3.457507 8.940191 8.058891 hargrave 2021-11-04 12:44:08 
TT 440 272.7  18.8 276.3  18.8 3.84E-03 002.2 201.5  03.0 4.630850 11.99366 7.925439 hargrave 2021-11-05 08:24:26 
TT 460 271.0  19.0 274.6  19.3 3.67E-03 003.3 199.8  03.0 6.468135 18.55970 7.591987 hargrave 2021-11-05 19:29:32 
TT 480 276.5  18.3 279.9  17.7 3.49E-03 004.5 205.1  02.9 11.11434 23.99592 7.061697 hargrave 2021-11-06 14:53:14 
TT 500 273.1  18.7 276.6  18.7 3.28E-03 006.5 201.8  03.0 13.43114 34.00102 6.795300 hargrave 2021-11-07 12:59:12 
TT 520 275.8  18.3 279.2  17.8 3.00E-03 003.8 204.4  02.9 7.820562 17.53784 5.729247 hargrave 2021-11-08 10:50:18 
TT 530 273.1  18.6 276.6  18.6 2.80E-03 005.8 201.9  02.9 10.30192 26.04161 5.063078 hargrave 2021-11-09 11:07:35 
TT 540 274.4  18.4 277.8  18.2 2.60E-03 003.2 203.1  02.8 5.274270 12.64449 4.383617 hargrave 2021-11-09 20:16:58 
TT 550 278.3  18.0 281.6  17.1 2.22E-03 003.5 206.8  02.9 5.828429 11.84043 3.777428 hargrave 2021-11-10 14:13:46 
TT 555 274.8  18.5 278.2  18.2 2.07E-03 003.4 203.4  03.0 4.764617 10.99458 3.498013 hargrave 2021-11-11 09:00:28 
TT 560 270.1  19.1 273.7  19.6 1.98E-03 004.1 198.9  03.0 4.580444 13.20235 3.347606 hargrave 2021-11-12 09:02:58 
TT 565 277.9  18.0 281.2  17.2 1.79E-03 001.2 206.5  02.9 1.072329 2.263806 2.886175 hargrave 2021-11-12 16:50:37 
TT 570 271.7  18.9 275.3  19.1 1.71E-03 008.5 200.5  03.0 8.828429 23.84158 2.992859 hargrave 2021-11-13 13:26:36 
TT 576 277.1  18.2 280.5  17.4 1.65E-03 006.0 205.7  02.9 7.352744 15.42046 2.797060 hargrave 2021-11-14 14:38:43 
TT 581 273.9  18.6 277.4  18.4 1.52E-03 004.5 202.6  02.9 4.445079 10.67300 2.578989 hargrave 2021-11-16 09:42:50 
TT 586 271.5  18.7 275.1  19.0 1.33E-03 001.9 200.3  02.8 1.338001 3.495094 2.150895 hargrave 2021-11-17 09:53:40 
TT 589 276.9  18.1 280.2  17.4 1.17E-03 001.5 205.5  02.8 1.026918 2.299190 1.835417 hargrave 2021-11-17 16:30:51 
TT 600 273.5  18.9 277.1  18.8 6.83E-04 005.9 202.2  03.3 2.631745 6.513212 1.145422 hargrave 2021-11-18 16:10:07 
TT 610 275.1  19.0 278.7  18.7 5.81E-04 005.8 203.7  03.5 2.328909 5.297968 0.969894 hargrave 2021-11-22 16:28:32 
TT 625 273.0  19.5 276.7  19.5 4.82E-04 005.4 201.7  03.8 1.657100 4.192936 0.818591 hargrave 2021-11-23 13:17:32 
TT 640 269.5  20.3 273.4  20.9 3.51E-04 005.3 198.3  04.2 1.031983 3.008489 0.597513 hargrave 2021-11-24 09:44:52 
TT 655 277.4  19.9 281.1  19.1 2.63E-04 005.2 205.7  04.7 1.075326 2.120572 0.437344 hargrave 2021-11-25 14:42:31 
TT 660 270.8  22.0 275.1  22.4 1.91E-04 004.2 199.3  06.1 0.423004 1.287209 0.331735 hargrave 2021-11-27 17:52:00 
TT 665 273.1  20.7 277.0  20.6 1.41E-04 005.3 201.6  04.9 0.464386 1.189793 0.233846 hargrave 2021-11-28 18:00:39 
