CB9- 2a mag compass orientation (IGRF corrected)
      0  50.0  17.0 274.8  10.4   1.0
NRM    292.2  42.5 300.6  38.6 4.61E-04 004.5 321.2  56.8 2.009037 2.994948 0.392670 hargrave 2021-10-29 10:56:33 
TT 100 291.6  40.0 299.3  36.3 4.47E-04 002.1 321.4  54.3 0.747435 1.400608 0.447498 hargrave 2021-10-29 18:27:45 
TT 200 287.1  36.4 294.1  33.5 4.34E-04 004.0 317.3  49.9 1.853494 2.357719 0.433823 hargrave 2021-10-30 15:14:13 
TT 300 287.7  34.7 294.3  31.7 4.06E-04 002.8 318.7  48.4 0.871072 1.675870 0.532509 hargrave 2021-11-01 09:19:14 
TT 325 286.1  34.8 292.8  32.2 3.75E-04 003.4 316.7  48.2 1.279547 1.796136 0.385997 hargrave 2021-11-01 15:00:45 
TT 350 284.9  35.2 291.7  32.8 3.52E-04 001.2 315.0  48.3 0.306619 0.562105 0.348987 hargrave 2021-11-02 10:49:22 
TT 375 286.1  35.2 292.9  32.5 3.22E-04 003.5 316.5  48.6 1.162513 1.567655 0.366810 hargrave 2021-11-02 16:13:25 
TT 400 290.8  35.5 297.4  32.0 2.50E-04 001.6 322.1  49.7 0.217123 0.568848 0.377220 hargrave 2021-11-03 11:25:39 
TT 420 287.0  36.9 294.1  34.1 2.26E-04 001.8 316.9  50.4 0.141120 0.593887 0.402001 hargrave 2021-11-04 12:37:40 
TT 440 287.2  38.1 294.7  35.2 2.02E-04 002.2 316.7  51.6 0.196613 0.669823 0.354304 hargrave 2021-11-05 08:17:49 
TT 460 290.8  38.9 298.2  35.3 1.79E-04 003.2 320.9  53.0 0.294101 0.890535 0.396946 hargrave 2021-11-05 19:22:26 
TT 480 289.2  40.4 297.1  37.1 1.55E-04 002.5 318.2  54.2 0.165619 0.610971 0.240921 hargrave 2021-11-06 14:46:45 
TT 500 293.6  42.2 301.8  38.2 1.30E-04 002.0 323.1  56.8 0.136591 0.379897 0.200831 hargrave 2021-11-07 12:51:54 
TT 520 296.9  45.5 305.6  40.9 1.05E-04 002.4 326.0  60.5 0.087985 0.417088 0.135138 hargrave 2021-11-08 10:42:25 
TT 530 296.0  47.1 305.3  42.5 9.36E-05 001.7 324.0  61.9 0.095236 0.245206 0.101469 hargrave 2021-11-09 10:59:44 
TT 540 296.5  49.0 306.4  44.3 8.44E-05 002.1 323.7  63.8 0.062516 0.290324 0.084299 hargrave 2021-11-09 20:09:08 
TT 550 300.9  50.1 310.6  44.8 7.39E-05 002.1 329.4  65.7 0.087966 0.251262 0.069086 hargrave 2021-11-10 14:05:55 
TT 555 301.5  50.6 311.3  45.1 7.00E-05 001.6 330.0  66.2 0.071770 0.177317 0.055473 hargrave 2021-11-11 08:52:36 
TT 560 298.9  50.7 309.1  45.6 6.68E-05 002.4 326.1  65.9 0.099398 0.260817 0.042996 hargrave 2021-11-12 08:55:08 
TT 565 303.5  51.2 313.3  45.4 6.00E-05 002.8 332.9  67.1 0.070354 0.284519 0.052634 hargrave 2021-11-12 16:42:33 
TT 570 302.7  51.0 312.5  45.3 5.89E-05 001.2 331.8  66.7 0.105353 0.063259 0.041974 hargrave 2021-11-13 13:17:54 
TT 576 301.5  51.5 311.7  46.0 5.61E-05 002.3 329.5  67.1 0.066774 0.213378 0.048121 hargrave 2021-11-14 14:30:51 
TT 581 302.5  51.6 312.5  46.0 5.29E-05 001.2 331.0  67.3 0.089634 0.064353 0.031617 hargrave 2021-11-16 09:34:57 
TT 586 304.0  52.8 314.2  46.9 4.94E-05 002.6 332.7  68.7 0.064038 0.212700 0.030827 hargrave 2021-11-17 09:45:42 
TT 589 303.2  53.3 313.7  47.5 4.71E-05 001.9 331.1  69.0 0.056540 0.149523 0.028283 hargrave 2021-11-17 16:22:57 
TT 600 304.4  56.2 315.8  50.1 4.05E-05 001.6 331.0  72.0 0.063549 0.098579 0.020911 hargrave 2021-11-18 16:02:12 
TT 610 303.7  56.5 315.3  50.5 3.90E-05 001.3 329.5  72.2 0.059537 0.067893 0.020851 hargrave 2021-11-22 16:20:59 
TT 625 312.4  56.8 322.7  49.7 3.37E-05 001.3 345.1  73.5 0.070142 0.030858 0.017903 hargrave 2021-11-23 13:10:05 
TT 640 312.9  61.6 324.9  54.3 2.67E-05 001.2 343.2  78.3 0.052569 0.025893 0.013953 hargrave 2021-11-24 09:37:25 
TT 655 307.1  60.3 319.7  53.8 2.02E-05 001.4 332.0  76.4 0.042585 0.028287 0.014849 hargrave 2021-11-25 14:35:03 
TT 660 315.0  61.8 326.6  54.3 1.68E-05 001.6 347.9  78.7 0.041692 0.026054 0.015481 hargrave 2021-11-27 17:44:35 
TT 665 296.5  63.5 312.8  58.3 1.21E-05 001.8 306.1  77.3 0.033565 0.020647 0.018886 hargrave 2021-11-28 17:53:13 
