CB9- 5a mag compass orientation (IGRF corrected)
      0 249.0   3.0 274.8  10.4   1.0
NRM    288.8  40.0 296.6  36.8 3.77E-04 001.7 131.6  38.0 0.796355 0.727271 0.283024 hargrave 2021-10-29 11:03:02 
TT 100 282.5  37.0 289.9  34.9 3.59E-04 000.7 125.3  35.3 0.294747 0.248410 0.248613 hargrave 2021-10-29 18:34:14 
TT 200 276.7  31.8 283.0  30.9 3.32E-04 004.4 119.3  30.4 2.202118 1.292108 0.241117 hargrave 2021-10-30 15:20:30 
TT 300 279.1  30.2 284.9  28.9 3.02E-04 004.4 121.5  28.6 1.923001 1.255257 0.216796 hargrave 2021-11-01 09:24:37 
TT 325 275.7  29.7 281.5  29.0 2.80E-04 004.7 118.1  28.3 2.070638 0.972295 0.277100 hargrave 2021-11-01 15:06:03 
TT 350 276.8  29.8 282.6  28.9 2.62E-04 006.4 119.3  28.4 2.564967 1.431284 0.255730 hargrave 2021-11-02 10:55:33 
TT 375 275.3  29.6 281.2  29.0 2.38E-04 003.6 117.8  28.3 1.283804 0.720505 0.172602 hargrave 2021-11-02 16:18:54 
TT 400 278.2  31.1 284.3  29.9 1.98E-04 002.3 120.7  29.6 0.678522 0.366394 0.181241 hargrave 2021-11-03 11:31:08 
TT 420 277.7  31.0 283.9  29.9 1.83E-04 000.7 120.3  29.6 0.133782 0.079929 0.182405 hargrave 2021-11-04 12:43:01 
TT 440 280.4  31.7 286.6  30.1 1.66E-04 002.2 122.9  30.1 0.539967 0.279093 0.188785 hargrave 2021-11-05 08:23:19 
TT 460 278.8  32.5 285.3  31.2 1.47E-04 002.5 121.4  31.0 0.582262 0.210702 0.182248 hargrave 2021-11-05 19:28:26 
TT 480 280.1  34.0 286.9  32.4 1.20E-04 003.8 122.8  32.4 0.675066 0.404990 0.159434 hargrave 2021-11-06 14:52:07 
TT 500 280.0  36.0 287.3  34.4 9.69E-05 003.8 122.8  34.4 0.571791 0.296464 0.129542 hargrave 2021-11-07 12:57:17 
TT 520 283.6  38.9 291.5  36.6 7.42E-05 003.2 126.5  37.1 0.344711 0.226475 0.090494 hargrave 2021-11-08 10:48:55 
TT 530 281.5  40.3 289.8  38.3 6.50E-05 003.7 124.5  38.6 0.337363 0.246911 0.067909 hargrave 2021-11-09 11:06:12 
TT 540 283.7  41.2 292.2  38.8 5.72E-05 002.3 126.8  39.4 0.193184 0.129492 0.061135 hargrave 2021-11-09 20:15:36 
TT 550 287.5  43.3 296.4  40.2 4.81E-05 004.5 130.6  41.4 0.287627 0.249040 0.055233 hargrave 2021-11-10 14:12:24 
TT 555 286.7  44.0 295.9  41.1 4.39E-05 005.0 129.9  42.2 0.294976 0.245471 0.052246 hargrave 2021-11-11 08:59:05 
TT 560 282.5  44.3 292.0  42.0 4.14E-05 004.8 125.8  42.6 0.288785 0.193640 0.055559 hargrave 2021-11-12 09:01:36 
TT 565 289.6  45.7 299.0  42.2 3.51E-05 001.3 132.8  43.7 0.065261 0.048932 0.030998 hargrave 2021-11-12 16:49:13 
TT 570 287.6  46.5 297.5  43.3 3.41E-05 005.2 131.0  44.6 0.237759 0.202743 0.045114 hargrave 2021-11-13 13:25:13 
TT 576 289.2  46.3 298.9  42.8 3.26E-05 004.1 132.5  44.3 0.166165 0.163583 0.050383 hargrave 2021-11-14 14:37:20 
TT 581 291.0  46.6 300.7  42.9 3.03E-05 001.4 134.3  44.6 0.056215 0.044213 0.042141 hargrave 2021-11-16 09:41:27 
TT 586 289.9  47.1 299.8  43.5 2.78E-05 003.5 133.2  45.1 0.126414 0.115506 0.040741 hargrave 2021-11-17 09:52:17 
TT 589 289.8  49.1 300.4  45.5 2.62E-05 003.7 133.3  47.1 0.121408 0.116939 0.038356 hargrave 2021-11-17 16:29:28 
TT 600 286.8  48.8 297.6  45.7 2.36E-05 004.1 130.4  46.9 0.123571 0.111072 0.037261 hargrave 2021-11-18 16:08:43 
TT 610 294.7  48.9 304.8  44.5 2.32E-05 004.1 138.0  46.7 0.106654 0.126834 0.037745 hargrave 2021-11-22 16:27:02 
TT 625 296.2  50.6 306.7  45.9 2.01E-05 002.9 139.5  48.4 0.063544 0.076226 0.036256 hargrave 2021-11-23 13:16:06 
TT 640 282.8  53.2 295.7  50.6 1.57E-05 004.1 126.9  51.5 0.085189 0.071200 0.030508 hargrave 2021-11-24 09:43:26 
TT 655 284.5  54.1 297.6  51.2 1.13E-05 003.1 128.7  52.3 0.041882 0.043798 0.028637 hargrave 2021-11-25 14:41:05 
TT 660 277.2  47.0 288.0  45.6 1.02E-05 004.6 120.9  45.5 0.065607 0.050011 0.028098 hargrave 2021-11-27 17:50:34 
TT 665 281.3  48.3 292.3  46.1 6.48E-06 005.0 125.0  46.6 0.039630 0.040827 0.026203 hargrave 2021-11-28 17:59:13 
