CB9- 8a mag compass orientation (IGRF corrected)
      0 292.0  11.0 274.8  10.4   1.0
NRM    280.6  31.5 286.7  29.9 1.51E-03 001.2 085.5  33.0 2.908862 0.253191 1.030123 hargrave 2021-10-29 11:05:46 
TT 100 281.6  31.0 287.5  29.2 1.50E-03 002.3 086.3  32.3 6.013753 0.384105 0.996574 hargrave 2021-10-29 18:36:57 
TT 200 276.4  28.4 282.0  27.6 1.49E-03 001.3 080.6  30.8 3.146343 0.638005 1.037957 hargrave 2021-10-30 15:23:13 
TT 300 281.1  28.7 286.6  27.1 1.44E-03 002.9 085.3  30.2 7.183373 0.730297 0.990105 hargrave 2021-11-01 09:26:53 
TT 325 277.3  27.9 282.7  27.0 1.44E-03 004.9 081.3  30.2 12.11582 1.674821 1.118758 hargrave 2021-11-01 15:08:20 
TT 350 279.0  28.1 284.4  26.8 1.43E-03 004.4 083.1  30.0 10.81831 1.187532 0.976786 hargrave 2021-11-02 10:57:46 
TT 375 285.6  29.2 291.0  26.7 1.41E-03 003.3 089.8  29.8 8.173314 0.187592 0.967602 hargrave 2021-11-02 16:21:16 
TT 400 282.8  28.5 288.2  26.6 1.36E-03 002.9 086.9  29.7 6.820998 0.503210 0.935284 hargrave 2021-11-03 11:33:28 
TT 420 278.6  27.5 283.9  26.3 1.31E-03 001.7 082.5  29.5 3.752155 0.420022 0.931540 hargrave 2021-11-04 12:45:15 
TT 440 279.9  27.7 285.2  26.3 1.27E-03 004.3 083.8  29.4 9.533642 0.895362 0.908762 hargrave 2021-11-05 08:25:33 
TT 460 278.1  27.1 283.3  26.0 1.23E-03 003.1 081.9  29.2 6.517287 0.794789 0.863790 hargrave 2021-11-05 19:30:38 
TT 480 281.8  27.9 287.0  26.1 1.18E-03 003.1 085.7  29.3 6.231857 0.459932 0.820055 hargrave 2021-11-06 14:54:24 
TT 500 279.3  27.4 284.5  26.1 1.13E-03 002.8 083.2  29.2 5.346352 0.557686 0.788076 hargrave 2021-11-07 13:01:03 
TT 520 282.4  28.1 287.7  26.3 1.05E-03 000.6 086.4  29.4 0.826551 0.105241 0.749137 hargrave 2021-11-08 10:51:39 
TT 530 281.0  28.0 286.3  26.4 1.00E-03 005.7 085.0  29.5 10.00235 0.854375 0.695364 hargrave 2021-11-09 11:08:56 
TT 540 278.4  27.4 283.6  26.2 9.25E-04 001.3 082.3  29.4 1.980403 0.176523 0.689189 hargrave 2021-11-09 20:18:19 
TT 550 281.7  28.2 287.1  26.4 7.84E-04 004.1 085.8  29.6 5.564818 0.402554 0.557163 hargrave 2021-11-10 14:15:07 
TT 555 282.6  28.3 287.9  26.4 7.41E-04 002.8 086.6  29.6 3.648248 0.235696 0.509788 hargrave 2021-11-11 09:01:49 
TT 560 279.4  27.7 284.6  26.4 7.16E-04 001.5 083.3  29.5 1.766885 0.189516 0.509114 hargrave 2021-11-12 09:04:19 
TT 565 281.6  28.1 286.9  26.4 6.34E-04 002.4 085.7  29.5 2.595065 0.194510 0.452530 hargrave 2021-11-12 16:51:59 
TT 570 279.3  27.6 284.6  26.3 6.24E-04 002.6 083.2  29.4 2.770188 0.296198 0.434822 hargrave 2021-11-13 13:27:57 
TT 576 279.3  27.6 284.5  26.3 6.03E-04 000.9 083.2  29.5 0.858559 0.085342 0.423502 hargrave 2021-11-14 14:40:04 
TT 581 278.1  27.5 283.4  26.4 2.87E-04 063.4 082.0  29.6 3.730264 26.39572 15.13632 hargrave 2021-11-16 09:44:59 
TT 581 279.0  27.7 284.3  26.5 5.74E-04 001.5 082.9  29.6 1.407737 0.228869 0.399695 hargrave 2021-11-16 11:40:49 
TT 586 280.5  27.7 285.7  26.2 5.45E-04 002.8 084.4  29.4 2.605603 0.195206 0.370191 hargrave 2021-11-17 09:55:02 
TT 589 277.5  27.4 282.7  26.5 5.18E-04 000.6 081.3  29.7 0.389547 0.065894 0.374668 hargrave 2021-11-17 16:32:12 
TT 600 279.8  27.6 285.0  26.2 4.44E-04 003.7 083.7  29.4 2.809824 0.300527 0.301408 hargrave 2021-11-18 16:11:29 
TT 610 278.3  27.6 283.6  26.4 4.16E-04 003.6 082.2  29.6 2.579482 0.324380 0.296288 hargrave 2021-11-22 16:29:58 
TT 625 281.1  28.6 286.5  26.9 3.28E-04 002.7 085.2  30.1 1.512259 0.111698 0.228816 hargrave 2021-11-23 13:18:54 
TT 640 278.6  27.6 283.9  26.4 2.12E-04 001.7 082.5  29.6 0.620902 0.046735 0.145219 hargrave 2021-11-24 09:46:15 
TT 655 278.7  36.4 286.1  35.0 1.13E-04 001.1 085.0  38.1 0.204782 0.061278 0.075258 hargrave 2021-11-25 14:43:54 
TT 660 278.5  36.0 285.8  34.6 8.98E-05 004.7 084.6  37.8 0.746321 0.035153 0.058226 hargrave 2021-11-27 17:53:23 
TT 665 280.0  41.5 288.9  39.7 5.00E-05 002.2 088.0  42.8 0.193415 0.023011 0.032982 hargrave 2021-11-28 18:02:01 
TT 667 285.0  32.8 291.2  30.4 6.12E-05 001.9 090.2  33.5 0.198836 0.033829 0.048388 hargrave 2021-11-29 13:49:30 
TT 670 275.2  42.0 284.4  41.1 3.20E-05 001.1 083.4  44.2 0.054911 0.045121 0.023608 hargrave 2021-11-30 10:22:13 
