CBS1- 3a mag compass orientation (IGRF corrected)
      0 298.0   6.0 274.8  10.4   1.0
NRM    247.3  57.8 264.1  61.2 9.62E-03 004.0 046.3  62.2 57.27752 35.42550 7.109218 hargrave 2021-09-03 18:06:46 
TT 100 248.5  57.4 265.1  60.7 9.62E-03 003.7 047.6  61.8 52.38987 32.55188 8.370229 hargrave 2021-09-05 11:51:50 
TT 200 248.5  57.0 264.8  60.3 9.66E-03 002.0 047.4  61.3 31.32045 11.36789 8.867813 hargrave 2021-09-06 10:37:30 
TT 300 248.5  56.6 264.5  59.9 9.55E-03 003.3 047.3  60.9 45.49111 29.23864 8.061312 hargrave 2021-09-06 18:50:39 
TT 325 248.3  56.6 264.3  59.9 9.48E-03 002.6 047.1  60.9 37.81692 19.70548 8.838192 hargrave 2021-09-07 17:51:23 
TT 350 246.9  56.3 262.7  59.9 9.42E-03 002.3 045.5  60.8 33.11230 18.04270 8.515647 hargrave 2021-09-08 13:41:15 
TT 375 245.4  56.2 261.0  60.1 9.35E-03 002.9 043.8  60.8 38.96381 25.80773 8.373646 hargrave 2021-09-09 11:04:55 
TT 400 246.3  56.2 262.0  59.9 9.24E-03 000.9 044.8  60.6 4.212977 11.30256 8.147450 hargrave 2021-09-10 19:35:22 
TT 425 251.6  56.7 267.8  59.4 9.07E-03 000.7 050.9  60.8 5.621556 5.916144 7.643246 hargrave 2021-09-26 15:01:51 
TT 450 245.2  56.2 260.8  60.1 8.86E-03 003.6 043.5  60.7 42.58007 35.29740 8.072539 hargrave 2021-09-27 15:26:15 
TT 475 247.5  56.3 263.3  59.8 8.68E-03 000.9 046.1  60.7 11.43098 3.459399 7.523893 hargrave 2021-10-14 12:13:43 
TT 500 248.7  56.3 264.5  59.5 8.40E-03 002.4 047.5  60.6 28.51887 19.92740 7.172528 hargrave 2021-10-15 10:04:16 
TT 510 247.6  56.0 263.3  59.5 8.31E-03 001.2 046.2  60.4 15.04355 3.144505 8.176785 hargrave 2021-10-16 18:16:10 
TT 520 238.3  55.5 252.9  60.6 8.19E-03 001.7 035.5  60.5 5.242819 21.94787 8.084071 hargrave 2021-10-18 11:51:35 
TT 530 246.6  56.0 262.2  59.7 8.12E-03 000.7 045.1  60.5 8.430424 1.564026 7.300785 hargrave 2021-10-19 10:11:14 
TT 535 247.3  56.0 263.0  59.6 8.00E-03 003.3 045.9  60.4 36.10999 28.11434 6.526575 hargrave 2021-10-19 19:44:04 
TT 540 248.3  56.4 264.1  59.7 7.91E-03 004.0 047.0  60.7 45.44050 31.09726 6.820303 hargrave 2021-10-20 19:08:19 
TT 545 247.1  55.8 262.5  59.4 7.80E-03 000.8 045.5  60.2 3.760819 8.494712 6.452014 hargrave 2021-10-22 15:36:14 
TT 550 247.1  55.9 262.6  59.5 7.68E-03 002.2 045.6  60.3 24.09127 16.61789 6.887340 hargrave 2021-10-23 17:24:33 
TT 555 248.2  55.9 263.8  59.3 7.56E-03 002.8 046.8  60.3 29.54627 21.77078 6.349572 hargrave 2021-10-24 15:57:51 
TT 560 249.3  56.0 265.0  59.2 7.44E-03 003.2 048.1  60.3 33.97108 24.53349 6.077740 hargrave 2021-10-25 15:13:33 
TT 565 244.2  55.9 259.6  60.0 7.40E-03 003.4 042.3  60.6 34.01838 26.33902 6.899192 hargrave 2021-10-26 11:02:50 
TT 575 243.3  55.5 258.4  59.8 7.32E-03 001.2 041.2  60.3 12.78939 6.024660 6.356786 hargrave 2021-10-26 20:37:10 
TT 580 248.5  56.2 264.2  59.5 7.28E-03 002.4 047.2  60.5 25.72991 13.82416 6.872540 hargrave 2021-10-27 15:43:33 
TT 589 246.6  55.9 262.1  59.6 7.13E-03 002.0 045.0  60.4 21.09990 11.22469 6.418108 hargrave 2021-10-28 11:39:23 
TT 610 249.2  56.1 265.0  59.3 6.86E-03 000.5 048.0  60.4 4.345564 2.348162 4.958713 hargrave 2021-11-22 16:51:55 
TT 625 247.6  55.9 263.1  59.4 6.34E-03 002.0 046.1  60.3 18.15827 10.91824 4.870780 hargrave 2021-11-23 13:39:42 
TT 640 243.7  55.6 258.9  59.8 6.15E-03 001.1 041.7  60.3 9.657051 4.289851 4.867563 hargrave 2021-11-24 10:07:06 
TT 655 247.2  55.7 262.6  59.2 5.61E-03 001.1 045.6  60.1 8.835383 5.299514 4.328495 hargrave 2021-11-25 14:50:23 
TT 660 246.5  55.6 261.8  59.3 5.23E-03 001.9 044.8  60.1 13.69307 9.579352 3.880678 hargrave 2021-11-27 17:59:01 
TT 665 248.1  55.5 263.4  58.9 3.20E-03 000.6 046.6  59.9 1.631777 2.681686 2.200311 hargrave 2021-11-28 18:08:27 
TT 667 247.6  55.4 262.8  59.0 3.40E-03 001.2 046.0  59.9 5.295539 4.931068 2.685136 hargrave 2021-11-29 13:55:27 
TT 670 247.9  55.6 263.3  59.1 3.15E-03 001.9 046.4  60.0 7.324075 7.448720 2.220079 hargrave 2021-11-30 10:29:45 
TT 672 248.4  55.5 263.8  58.8 2.42E-03 000.9 047.0  59.8 1.987054 3.548502 1.874363 hargrave 2021-11-30 15:48:44 
TT 675 245.6  55.0 260.5  58.9 2.10E-03 002.2 043.7  59.6 4.614248 6.812278 1.934266 hargrave 2021-12-01 14:27:47 
TT 680 247.1  55.1 262.1  58.7 5.84E-04 000.6 045.4  59.5 0.703586 0.437227 0.595464 hargrave 2021-12-02 09:32:57 
TT 685 245.4  55.0 260.3  58.9 3.97E-04 000.6 043.4  59.6 0.520798 0.423308 0.498908 hargrave 2021-12-02 19:10:55 
TT 690 246.3  44.8 256.5  48.9 2.22E-05 002.0 042.4  49.3 0.068358 0.054198 0.016505 hargrave 2021-12-03 19:26:11 
