CBS1- 4a mag compass orientation (IGRF corrected)
      0  51.0   6.0 274.8  10.4   1.0
NRM    229.2  68.7 255.8  74.4 1.09E-02 000.5 253.3  67.7 5.281267 6.656011 4.215725 hargrave 2021-09-03 18:10:03 
TT 100 229.2  68.4 255.3  74.1 1.09E-02 000.7 253.6  67.4 9.371102 9.626448 3.638055 hargrave 2021-09-05 11:53:26 
TT 200 230.1  67.8 255.6  73.5 1.10E-02 001.5 254.8  67.0 25.15042 11.60354 3.963975 hargrave 2021-09-06 10:39:08 
TT 300 231.3  67.4 256.2  72.9 1.09E-02 000.6 256.2  66.7 8.975262 6.376176 4.045539 hargrave 2021-09-06 18:52:15 
TT 325 228.8  67.5 253.4  73.4 1.09E-02 000.3 253.8  66.5 2.246120 4.173926 4.293157 hargrave 2021-09-07 17:52:59 
TT 350 228.3  67.5 252.9  73.5 1.08E-02 000.5 253.3  66.5 6.747503 5.143942 4.210867 hargrave 2021-09-08 13:42:52 
TT 375 230.0  67.3 254.6  73.0 1.08E-02 000.4 255.1  66.4 3.950008 6.638951 3.746329 hargrave 2021-09-09 11:06:30 
TT 400 227.3  67.5 251.6  73.6 1.06E-02 000.7 252.4  66.3 10.42077 8.098840 4.298589 hargrave 2021-09-10 19:36:58 
TT 425 232.1  66.3 255.6  71.8 1.04E-02 000.5 257.6  65.7 4.761505 7.519522 4.316148 hargrave 2021-09-26 15:04:16 
TT 450 231.4  66.4 254.9  72.0 1.02E-02 000.4 256.9  65.7 4.622168 5.338356 3.613444 hargrave 2021-09-27 15:27:52 
TT 475 229.0  66.7 252.5  72.6 9.98E-03 002.8 254.5  65.8 44.79949 17.56214 4.214968 hargrave 2021-10-14 12:16:08 
TT 500 230.5  66.4 253.9  72.2 9.65E-03 001.9 256.1  65.7 29.49463 12.65818 3.753788 hargrave 2021-10-15 10:06:43 
TT 510 229.9  66.4 253.2  72.3 9.50E-03 001.2 255.5  65.6 16.47717 9.577511 4.066569 hargrave 2021-10-16 18:18:35 
TT 520 229.5  66.5 252.8  72.4 9.33E-03 001.2 255.0  65.7 15.56779 10.17261 3.702810 hargrave 2021-10-18 11:53:11 
TT 530 228.6  66.6 251.9  72.7 9.19E-03 000.4 254.1  65.7 1.574955 4.330529 3.624826 hargrave 2021-10-19 10:12:51 
TT 535 228.4  66.7 251.8  72.8 9.04E-03 002.5 253.9  65.7 36.44256 15.33016 3.878423 hargrave 2021-10-19 19:46:30 
TT 540 229.0  66.7 252.5  72.7 8.90E-03 000.5 254.4  65.8 4.888291 4.795350 2.970249 hargrave 2021-10-20 19:09:55 
TT 545 225.5  67.0 248.6  73.5 8.69E-03 001.6 251.0  65.8 20.49966 11.88983 3.756366 hargrave 2021-10-22 15:37:52 
TT 550 230.4  66.5 254.0  72.2 8.54E-03 001.1 256.0  65.7 13.83782 8.754088 3.310418 hargrave 2021-10-23 17:26:10 
TT 555 228.6  66.8 252.1  72.8 8.38E-03 001.8 254.1  65.8 23.50942 11.61926 3.413862 hargrave 2021-10-24 15:59:27 
TT 560 230.0  66.6 253.5  72.4 8.31E-03 001.0 255.5  65.7 11.46238 8.054473 3.216348 hargrave 2021-10-25 15:15:09 
TT 565 223.9  67.4 247.2  74.2 8.25E-03 001.4 249.3  66.0 16.02083 11.05719 3.140432 hargrave 2021-10-26 11:04:18 
TT 575 228.5  66.9 252.1  72.9 8.08E-03 001.4 253.9  65.9 17.41770 9.351223 2.995346 hargrave 2021-10-26 20:38:37 
TT 580 226.5  67.1 249.9  73.4 8.05E-03 000.7 251.9  65.9 7.151111 6.430673 2.963396 hargrave 2021-10-27 15:45:00 
TT 589 228.0  66.9 251.6  73.0 7.92E-03 001.2 253.4  65.9 14.72732 7.679990 2.943237 hargrave 2021-10-28 11:41:41 
TT 610 229.1  66.7 252.6  72.6 7.89E-03 000.5 254.6  65.8 4.415299 4.050705 2.778080 hargrave 2021-11-22 16:54:16 
TT 625 229.8  66.6 253.3  72.4 7.73E-03 000.5 255.3  65.8 3.949916 4.411201 2.623403 hargrave 2021-11-23 13:41:09 
TT 640 226.0  67.1 249.4  73.5 7.67E-03 000.6 251.5  65.9 5.581252 4.739859 2.646505 hargrave 2021-11-24 10:08:34 
TT 655 227.4  66.8 250.7  73.0 6.94E-03 002.4 252.9  65.7 26.25293 11.27825 2.129202 hargrave 2021-11-25 14:51:55 
TT 660 226.4  66.8 249.5  73.2 6.19E-03 000.6 252.0  65.6 5.125867 3.874399 2.135377 hargrave 2021-11-27 18:00:33 
TT 665 227.9  66.3 250.5  72.4 1.99E-03 001.6 253.7  65.2 4.611491 2.797322 0.633847 hargrave 2021-11-28 18:10:48 
TT 667 228.1  66.5 251.2  72.7 2.13E-03 001.0 253.7  65.5 2.526497 2.463281 0.701057 hargrave 2021-11-29 13:56:52 
TT 670 229.4  66.2 252.3  72.1 2.21E-03 000.7 255.2  65.3 1.488327 2.115630 0.780387 hargrave 2021-11-30 10:31:58 
TT 672 231.1  66.1 254.3  71.8 2.18E-03 001.0 256.8  65.4 2.836764 2.189714 0.831353 hargrave 2021-11-30 15:50:59 
TT 675 226.1  66.6 248.9  73.1 2.10E-03 001.7 251.9  65.4 5.291107 3.000588 0.778308 hargrave 2021-12-01 14:30:02 
TT 680 228.8  66.4 251.8  72.4 1.09E-03 001.6 254.5  65.4 2.738310 1.124502 0.405451 hargrave 2021-12-02 09:34:24 
TT 685 228.1  65.8 250.2  72.0 7.27E-04 001.7 254.2  64.8 2.028416 0.535980 0.250389 hargrave 2021-12-02 19:12:21 
TT 690 256.9  58.8 274.6  60.5 3.49E-05 001.2 286.3  61.0 0.067353 0.026973 0.026296 hargrave 2021-12-03 19:27:37 
