CBS1- 7a mag compass orientation (IGRF corrected)
      0 231.0   8.0 274.8  10.4   1.0
NRM    274.8  57.6 290.7  56.1 6.25E-03 002.5 141.4  51.6 20.35191 16.39591 6.400528 hargrave 2021-09-03 18:15:08 
TT 100 279.1  57.9 294.7  55.7 6.26E-03 003.2 145.1  51.6 23.56460 25.28216 7.383496 hargrave 2021-09-05 11:58:32 
TT 200 277.2  57.6 292.9  55.7 6.27E-03 004.1 143.5  51.5 30.28535 33.03735 7.249093 hargrave 2021-09-06 10:44:14 
TT 300 281.6  57.6 296.8  55.0 6.24E-03 002.3 147.2  51.1 16.73136 17.18291 7.655708 hargrave 2021-09-06 18:57:18 
TT 325 275.8  57.1 291.3  55.5 6.21E-03 002.0 142.1  51.1 15.81415 12.45021 7.138275 hargrave 2021-09-07 17:58:04 
TT 350 274.2  56.9 289.7  55.6 6.17E-03 003.0 140.7  51.1 23.13576 21.17605 7.039682 hargrave 2021-09-08 13:47:56 
TT 375 273.9  56.8 289.4  55.6 6.13E-03 002.6 140.4  51.0 20.44304 16.92735 7.017306 hargrave 2021-09-09 11:11:37 
TT 400 275.5  56.9 290.9  55.4 6.07E-03 001.5 141.8  51.0 11.73854 7.898100 7.106512 hargrave 2021-09-10 19:42:01 
TT 425 281.4  57.5 296.6  54.9 5.97E-03 001.0 147.0  51.1 6.564475 2.667911 8.129420 hargrave 2021-09-26 15:10:11 
TT 450 277.6  57.2 292.9  55.3 5.86E-03 001.9 143.7  51.0 13.65983 12.05856 7.530620 hargrave 2021-09-27 15:32:58 
TT 475 275.8  57.1 291.3  55.5 5.75E-03 002.1 142.1  51.1 14.70213 14.22788 7.145798 hargrave 2021-10-14 12:22:01 
TT 500 277.1  57.2 292.5  55.3 5.67E-03 002.6 143.3  51.1 17.28796 18.16753 6.949040 hargrave 2021-10-15 10:11:50 
TT 510 277.8  57.1 293.1  55.2 5.62E-03 001.9 143.8  51.0 12.19593 12.17664 7.199766 hargrave 2021-10-16 18:23:40 
TT 520 276.4  57.1 291.9  55.4 5.57E-03 001.7 142.7  51.0 11.71913 10.80406 6.556478 hargrave 2021-10-18 11:58:17 
TT 530 280.9  57.4 296.0  54.9 5.54E-03 000.9 146.5  50.9 6.050168 3.963581 6.758508 hargrave 2021-10-19 10:17:56 
TT 535 277.4  57.1 292.8  55.3 5.50E-03 003.2 143.5  51.0 20.09432 22.34380 7.019457 hargrave 2021-10-19 19:51:35 
TT 540 274.3  57.0 289.8  55.7 5.46E-03 004.3 140.8  51.1 29.30668 28.73112 6.489675 hargrave 2021-10-20 19:15:01 
TT 545 280.4  57.2 295.5  54.8 5.44E-03 001.3 146.1  50.9 8.412470 7.213206 6.972833 hargrave 2021-10-22 15:43:51 
TT 550 277.0  57.1 292.4  55.3 5.40E-03 000.9 143.2  51.0 5.424967 2.567774 6.500980 hargrave 2021-10-23 17:31:17 
TT 555 274.8  56.9 290.3  55.4 5.36E-03 001.1 141.2  50.9 7.807569 4.737216 6.582362 hargrave 2021-10-24 16:05:21 
TT 560 279.8  57.2 295.0  54.9 5.35E-03 002.2 145.6  50.9 13.67243 14.06579 6.886395 hargrave 2021-10-25 15:20:14 
TT 565 278.7  57.1 293.9  55.0 5.34E-03 002.1 144.6  50.9 12.97669 13.52376 6.718526 hargrave 2021-10-26 11:08:59 
TT 575 278.7  57.2 294.0  55.1 5.30E-03 004.1 144.6  51.0 24.20031 29.25885 6.782314 hargrave 2021-10-26 20:43:19 
TT 580 280.4  57.3 295.5  54.9 5.29E-03 003.7 146.1  50.9 21.41767 26.03264 6.758066 hargrave 2021-10-27 15:51:21 
TT 589 276.6  56.9 291.9  55.2 5.27E-03 001.5 142.8  50.9 9.837609 8.178390 6.297015 hargrave 2021-10-28 11:46:24 
TT 610 278.4  57.2 293.7  55.1 5.25E-03 001.1 144.4  51.0 5.873257 6.724136 5.141558 hargrave 2021-11-22 16:59:05 
TT 625 279.8  57.4 295.1  55.1 5.19E-03 003.1 145.6  51.0 16.40905 22.53318 5.117164 hargrave 2021-11-23 13:46:39 
TT 640 280.8  57.4 296.0  55.0 5.16E-03 003.0 146.5  51.0 15.08653 21.88671 5.096805 hargrave 2021-11-24 10:13:17 
TT 655 276.4  58.0 292.3  56.2 4.58E-03 000.6 142.8  51.9 2.983781 3.336661 4.186904 hargrave 2021-11-25 14:58:53 
TT 660 272.9  58.1 289.2  57.0 4.25E-03 001.2 139.9  52.4 6.059188 6.171579 4.024422 hargrave 2021-11-27 18:08:17 
TT 665 276.2  58.6 292.6  56.9 4.08E-03 002.1 142.9  52.6 8.390924 11.71954 3.650174 hargrave 2021-11-28 18:17:42 
TT 667 276.0  58.5 292.3  56.8 4.13E-03 001.9 142.7  52.5 8.784663 10.41302 4.173484 hargrave 2021-11-29 14:01:16 
TT 670 274.5  58.4 290.8  56.9 4.10E-03 002.3 141.3  52.5 10.78209 12.01595 4.540701 hargrave 2021-11-30 10:36:21 
TT 672 276.2  58.4 292.5  56.7 4.11E-03 001.5 142.9  52.4 6.611326 8.339242 4.339768 hargrave 2021-11-30 15:56:05 
TT 675 274.2  58.4 290.7  57.0 4.04E-03 001.9 141.2  52.5 8.915316 9.253736 4.665808 hargrave 2021-12-01 14:35:04 
TT 680 277.0  57.7 292.7  55.8 3.29E-03 001.9 143.3  51.6 6.605805 8.314838 3.310853 hargrave 2021-12-02 09:38:36 
TT 685 272.4  60.1 290.1  58.9 2.32E-03 001.2 140.1  54.4 3.285321 2.897857 2.679561 hargrave 2021-12-02 19:16:32 
TT 690 269.3  60.1 287.3  59.5 4.21E-04 002.2 137.5  54.7 1.042683 1.235175 0.391208 hargrave 2021-12-03 19:31:47 
