UI1- 2a mag compass orientation (IGRF corrected)
      0 120.0  79.0 285.5  14.0   1.0
NRM    269.7  23.6 276.1  26.7 1.78E-02 001.0 238.7 -22.2 19.05427 4.336238 26.17106 hargrave 2021-09-03 16:43:36 
TT 100 267.8  25.6 274.8  29.0 1.82E-02 003.3 236.0 -23.0 89.24767 53.30305 24.30308 hargrave 2021-09-05 10:34:11 
TT 200 266.7  22.6 272.9  26.4 1.82E-02 004.6 238.4 -25.1 126.4743 70.54363 25.48519 hargrave 2021-09-06 09:22:33 
TT 300 264.6  22.3 270.6  26.6 1.81E-02 003.1 237.8 -27.0 85.52531 45.19503 22.87389 hargrave 2021-09-06 17:33:14 
TT 325 263.8  22.0 269.8  26.5 1.79E-02 004.9 237.8 -27.8 133.9415 74.76614 22.28977 hargrave 2021-09-07 16:37:30 
TT 350 262.3  23.4 268.7  28.2 1.77E-02 003.9 235.6 -28.4 100.6845 59.35884 23.68489 hargrave 2021-09-08 12:31:34 
TT 375 263.8  20.6 269.4  25.2 1.75E-02 001.2 239.1 -28.4 30.33243 9.534600 21.12856 hargrave 2021-09-09 09:50:59 
TT 400 263.5  20.1 269.0  24.7 1.73E-02 004.0 239.6 -28.9 107.2033 54.15260 21.37077 hargrave 2021-09-10 18:18:06 
TT 425 262.6  20.4 268.2  25.2 1.71E-02 004.4 238.8 -29.5 113.6009 65.14045 24.53928 hargrave 2021-09-26 13:49:13 
TT 450 262.5  20.5 268.1  25.4 1.68E-02 003.7 238.6 -29.6 93.45236 49.40170 23.04074 hargrave 2021-09-27 14:13:27 
TT 475 262.3  20.5 267.9  25.4 1.60E-02 001.8 238.6 -29.7 42.35477 19.90614 19.10946 hargrave 2021-10-14 10:58:54 
TT 500 261.5  21.0 267.2  26.1 1.47E-02 002.5 237.7 -30.2 53.30672 27.79845 21.13456 hargrave 2021-10-15 08:49:50 
TT 510 262.6  19.3 267.9  24.2 1.29E-02 003.1 240.0 -30.0 61.72257 30.67778 15.56873 hargrave 2021-10-16 17:01:26 
TT 520 262.3  19.9 267.8  24.8 1.09E-02 004.0 239.2 -29.9 66.01888 35.34286 13.43615 hargrave 2021-10-18 10:40:40 
TT 530 263.3  18.6 268.4  23.4 9.37E-03 002.3 241.0 -29.6 32.93159 14.36088 11.82215 hargrave 2021-10-19 08:58:27 
TT 535 261.9  22.0 267.9  27.0 8.39E-03 003.6 236.8 -29.3 44.69520 27.66486 11.31239 hargrave 2021-10-19 18:29:34 
TT 535 262.0  21.9 268.0  26.8 8.38E-03 003.9 237.0 -29.3 47.40905 28.90651 11.18693 hargrave 2021-10-19 19:57:05 
TT 540 264.4  18.9 269.5  23.4 7.30E-03 003.7 241.2 -28.6 42.27696 20.22889 8.059014 hargrave 2021-10-20 17:58:29 
TT 545 263.6  18.6 268.7  23.3 6.35E-03 001.2 241.1 -29.4 9.251652 6.844261 7.594541 hargrave 2021-10-22 14:22:43 
TT 550 265.0  18.6 270.1  23.0 5.51E-03 001.9 241.7 -28.2 15.77332 7.367431 6.536085 hargrave 2021-10-23 16:14:47 
TT 555 264.6  18.0 269.5  22.4 3.55E-03 003.5 242.2 -28.8 19.39987 8.856582 4.859209 hargrave 2021-10-24 14:47:37 
TT 560 266.8  17.6 271.6  21.6 3.29E-03 001.6 243.5 -27.0 7.705422 2.337261 4.642006 hargrave 2021-10-25 14:03:04 
TT 565 263.3  20.9 269.0  25.5 2.71E-03 003.1 238.6 -28.7 12.91204 6.334959 3.495850 hargrave 2021-10-26 10:21:32 
TT 575 266.1  23.7 272.6  27.6 1.39E-03 005.2 237.1 -25.2 10.85399 6.042896 2.407014 hargrave 2021-10-26 19:56:39 
TT 580 265.5  29.8 273.9  33.7 8.93E-04 002.8 230.9 -22.8 3.508527 2.361469 1.376838 hargrave 2021-10-27 15:01:24 
TT 589 123.3  70.0 084.4  69.5 1.28E-04 003.7 159.7  09.2 0.274042 0.602360 0.748655 hargrave 2021-10-28 10:59:25 
