UI1- 1a mag compass orientation (IGRF corrected)
      0 299.0  18.0 285.5  14.0   1.0
NRM    267.4  34.4 277.4  37.6 1.84E-02 001.4 071.4  42.1 40.40815 16.99192 11.32525 hargrave 2021-09-03 16:40:25 
TT 100 265.9  32.2 275.1  35.8 1.84E-02 004.1 068.8  40.5 122.2372 47.81544 12.39909 hargrave 2021-09-05 10:32:38 
TT 200 266.0  29.2 274.2  33.0 1.82E-02 000.7 067.6  37.7 18.07946 7.054559 13.48381 hargrave 2021-09-06 09:20:59 
TT 300 261.0  25.1 267.9  30.1 1.78E-02 000.9 060.8  35.1 23.40885 11.31807 14.59024 hargrave 2021-09-06 17:30:51 
TT 325 260.7  24.1 267.3  29.2 1.75E-02 003.3 060.1  34.2 87.97031 47.65703 14.81099 hargrave 2021-09-07 16:35:56 
TT 350 262.6  24.0 269.2  28.7 1.72E-02 002.0 062.1  33.6 52.28825 25.49562 14.76690 hargrave 2021-09-08 12:30:02 
TT 375 262.0  23.5 268.4  28.4 1.70E-02 000.7 061.3  33.4 17.34417 6.454353 13.60476 hargrave 2021-09-09 09:49:26 
TT 400 262.9  23.4 269.2  28.1 1.66E-02 004.2 062.1  33.0 108.5811 55.98525 13.65983 hargrave 2021-09-10 18:16:33 
TT 425 260.2  22.8 266.4  28.1 1.64E-02 004.6 059.1  33.1 111.5923 67.85993 16.85603 hargrave 2021-09-26 13:45:58 
TT 450 260.4  22.6 266.6  27.8 1.62E-02 001.7 059.3  32.9 38.69100 23.67562 15.77748 hargrave 2021-09-27 14:11:53 
TT 475 260.9  23.0 267.2  28.1 1.55E-02 002.6 059.9  33.1 61.19514 33.15327 13.45463 hargrave 2021-10-14 10:57:20 
TT 500 260.3  21.8 266.2  27.2 1.48E-02 002.8 058.9  32.2 61.33957 37.83115 14.97809 hargrave 2021-10-15 08:48:17 
TT 510 262.1  22.3 268.1  27.2 1.41E-02 003.3 060.9  32.1 70.08768 37.70802 12.51133 hargrave 2021-10-16 16:59:52 
TT 520 262.5  21.8 268.5  26.6 1.30E-02 002.5 061.2  31.6 48.85801 25.30544 11.49413 hargrave 2021-10-18 10:39:07 
TT 530 261.6  21.5 267.5  26.6 1.18E-02 000.5 060.2  31.6 7.042476 2.444972 10.49689 hargrave 2021-10-19 08:56:54 
TT 535 259.9  20.8 265.5  26.2 1.07E-02 001.8 058.1  31.3 28.54209 17.83126 10.03779 hargrave 2021-10-19 18:26:20 
TT 535 259.8  20.8 265.5  26.3 1.07E-02 001.8 058.0  31.3 28.58168 16.78958 10.11130 hargrave 2021-10-19 19:55:32 
TT 540 259.5  21.1 265.2  26.7 9.77E-03 003.5 057.8  31.8 51.43404 30.83055 8.946897 hargrave 2021-10-20 17:56:55 
TT 545 265.2  22.3 271.3  26.5 8.90E-03 000.9 064.2  31.4 11.83394 6.817295 7.397262 hargrave 2021-10-22 14:21:09 
TT 550 264.5  22.4 270.6  26.7 8.26E-03 000.9 063.4  31.6 10.85021 4.521861 6.817246 hargrave 2021-10-23 16:12:25 
TT 555 261.9  20.4 267.4  25.4 7.04E-03 004.3 060.1  30.4 45.84254 26.51542 6.937330 hargrave 2021-10-24 14:45:14 
TT 560 262.0  21.8 268.0  26.7 6.32E-03 001.5 060.7  31.7 13.71099 8.826976 5.907764 hargrave 2021-10-25 14:00:41 
TT 565 263.1  22.2 269.1  26.8 5.82E-03 000.6 061.9  31.8 4.039355 1.709635 5.177521 hargrave 2021-10-26 10:19:58 
TT 575 264.9  24.3 271.5  28.5 2.81E-03 001.2 064.5  33.3 4.469675 3.701249 2.202108 hargrave 2021-10-26 19:54:17 
TT 580 267.8  23.8 274.3  27.3 2.51E-03 001.6 067.4  32.0 6.230226 3.258856 2.520917 hargrave 2021-10-27 14:59:51 
TT 589 273.5  26.5 280.7  28.6 7.13E-04 002.7 074.2  32.9 3.026881 1.242522 0.614363 hargrave 2021-10-28 10:57:52 
