UI1- 5a mag compass orientation (IGRF corrected)
      0 334.0  16.0 285.5  14.0   1.0
NRM    273.1  28.4 281.0  30.5 1.68E-02 004.0 035.2  42.0 75.75332 90.02421 14.39953 hargrave 2021-09-03 16:47:58 
TT 100 272.5  26.8 279.9  29.0 1.66E-02 004.1 034.1  40.5 70.95826 93.35780 20.41670 hargrave 2021-09-05 10:39:22 
TT 200 272.9  24.1 279.5  26.4 1.62E-02 004.5 034.0  37.8 75.04967 101.0092 20.33565 hargrave 2021-09-06 09:26:56 
TT 300 267.4  20.7 273.0  24.4 1.58E-02 002.4 027.0  35.2 34.92314 52.98386 21.07781 hargrave 2021-09-06 17:37:34 
TT 325 264.7  19.1 269.9  23.5 1.55E-02 002.1 023.7  33.9 27.04019 45.58560 21.37323 hargrave 2021-09-07 16:41:51 
TT 350 263.3  18.2 268.3  23.0 1.51E-02 004.4 022.0  33.2 48.82003 103.8816 20.91937 hargrave 2021-09-08 12:35:54 
TT 375 264.9  18.1 269.8  22.4 1.49E-02 000.9 023.8  32.9 9.698772 5.867667 20.56349 hargrave 2021-09-09 09:56:58 
TT 400 266.1  17.7 270.9  21.8 1.46E-02 001.9 025.1  32.4 22.93632 36.97150 20.55212 hargrave 2021-09-10 18:22:26 
TT 425 263.9  17.1 268.5  21.7 1.44E-02 003.6 022.5  32.0 34.37378 80.45680 22.41312 hargrave 2021-09-26 13:54:26 
TT 450 262.2  16.7 266.8  21.8 1.40E-02 004.5 020.6  31.8 40.56109 100.8761 20.95666 hargrave 2021-09-27 14:17:48 
TT 475 261.3  16.3 265.8  21.6 1.35E-02 004.2 019.6  31.5 36.07751 91.91166 18.77550 hargrave 2021-10-14 11:03:14 
TT 500 262.1  15.7 266.4  20.8 1.29E-02 001.5 020.4  30.8 9.676469 28.81645 18.13852 hargrave 2021-10-15 08:54:12 
TT 510 261.3  15.6 265.6  20.9 1.16E-02 004.5 019.4  30.8 32.52332 85.21061 16.75928 hargrave 2021-10-16 17:05:48 
TT 520 260.4  14.7 264.4  20.2 1.04E-02 002.1 018.3  30.0 13.02461 33.99269 14.41928 hargrave 2021-10-18 10:45:00 
TT 530 264.5  15.3 268.7  19.8 8.95E-03 002.0 023.0  30.1 10.61384 27.15329 11.77598 hargrave 2021-10-19 09:02:48 
TT 535 261.5  15.0 265.6  20.2 8.10E-03 004.0 019.6  30.1 19.90372 51.93457 11.79467 hargrave 2021-10-19 18:34:46 
TT 540 262.6  15.2 266.8  20.2 7.22E-03 000.9 020.9  30.3 4.128299 6.094680 9.459802 hargrave 2021-10-20 18:03:38 
TT 545 263.4  15.2 267.5  20.0 6.54E-03 002.3 021.7  30.2 9.656292 22.73490 9.255507 hargrave 2021-10-22 14:27:09 
TT 550 263.1  15.4 267.4  20.3 5.87E-03 005.6 021.5  30.4 22.09323 52.07546 8.312419 hargrave 2021-10-23 16:19:08 
TT 555 263.0  14.6 267.0  19.5 4.02E-03 004.9 021.2  29.6 12.65150 31.75164 5.702269 hargrave 2021-10-24 14:51:58 
TT 560 261.1  15.5 265.4  20.9 3.62E-03 004.3 019.3  30.8 8.568464 25.31907 5.216773 hargrave 2021-10-25 14:08:14 
TT 565 265.3  16.5 269.8  20.8 3.15E-03 002.1 024.0  31.2 4.473282 10.26870 4.273091 hargrave 2021-10-26 10:27:31 
TT 575 260.4  19.5 265.7  24.8 1.88E-03 005.8 018.9  34.7 5.936633 17.85660 2.315158 hargrave 2021-10-26 20:01:01 
TT 580 266.5  21.5 272.4  25.4 1.50E-03 003.8 026.2  36.1 4.492814 8.732841 2.026107 hargrave 2021-10-27 15:07:22 
TT 589 269.5  31.1 278.3  33.9 4.02E-04 001.7 031.6  45.2 0.448477 1.077637 0.255948 hargrave 2021-10-28 11:03:47 
