UI1- 4a mag compass orientation (IGRF corrected)
      0 303.0  25.0 285.5  14.0   1.0
NRM    269.2  36.7 280.1  39.4 1.81E-02 001.3 077.2  46.9 39.53431 3.286356 9.620969 hargrave 2021-09-03 16:46:34 
TT 100 267.5  33.9 277.3  37.1 1.78E-02 001.0 073.4  45.2 29.17260 4.583484 14.45649 hargrave 2021-09-05 10:37:09 
TT 200 264.4  29.7 272.8  33.9 1.72E-02 003.5 067.5  42.7 99.58661 34.71513 16.52747 hargrave 2021-09-06 09:25:31 
TT 300 262.6  26.9 270.1  31.5 1.68E-02 002.8 064.0  40.9 75.23341 29.17761 17.05343 hargrave 2021-09-06 17:36:10 
TT 325 260.7  25.2 267.6  30.4 1.64E-02 002.1 060.9  40.1 52.88759 21.41286 17.41991 hargrave 2021-09-07 16:40:27 
TT 350 259.9  24.4 266.6  29.7 1.61E-02 002.6 059.7  39.6 63.53195 29.24797 18.14049 hargrave 2021-09-08 12:34:31 
TT 375 259.1  24.1 265.6  29.7 1.58E-02 003.5 058.6  39.6 84.32544 42.78135 17.80367 hargrave 2021-09-09 09:55:34 
TT 400 260.8  24.5 267.5  29.6 1.55E-02 002.6 060.7  39.4 62.55515 29.04361 16.59731 hargrave 2021-09-10 18:21:02 
TT 425 261.6  24.8 268.4  29.7 1.53E-02 000.8 061.7  39.3 12.75825 6.821366 17.88097 hargrave 2021-09-26 13:53:01 
TT 450 259.4  23.9 265.9  29.4 1.49E-02 002.6 058.9  39.3 57.26834 30.38202 17.02337 hargrave 2021-09-27 14:16:24 
TT 475 257.9  23.4 264.3  29.2 1.42E-02 003.2 057.0  39.4 66.89647 38.52438 16.50967 hargrave 2021-10-14 11:01:51 
TT 500 260.6  24.0 267.2  29.2 1.35E-02 001.0 060.2  38.9 18.24081 9.157199 14.84804 hargrave 2021-10-15 08:52:47 
TT 510 259.2  23.8 265.7  29.3 1.20E-02 004.0 058.6  39.3 72.62595 40.39100 13.41173 hargrave 2021-10-16 17:04:24 
TT 520 258.8  23.5 265.1  29.1 1.07E-02 001.3 057.9  39.1 19.89878 7.644762 11.67829 hargrave 2021-10-18 10:43:36 
TT 530 260.6  24.2 267.2  29.4 9.16E-03 001.7 060.3  39.1 23.03864 13.09451 9.402972 hargrave 2021-10-19 09:01:24 
TT 535 259.9  23.9 266.4  29.2 8.44E-03 002.5 059.4  39.1 31.88157 16.08420 9.318129 hargrave 2021-10-19 18:33:22 
TT 540 258.9  24.3 265.5  29.9 7.36E-03 001.9 058.5  39.9 21.05687 10.98872 7.644245 hargrave 2021-10-20 18:02:14 
TT 545 260.8  24.9 267.7  30.0 6.65E-03 000.9 061.0  39.7 7.370691 4.821584 7.122063 hargrave 2021-10-22 14:25:44 
TT 550 259.2  24.4 265.8  30.0 5.92E-03 004.7 058.9  39.9 42.14573 22.75508 6.288393 hargrave 2021-10-23 16:17:45 
TT 555 261.3  25.2 268.2  30.2 4.04E-03 001.8 061.5  39.8 11.06158 4.777705 4.048476 hargrave 2021-10-24 14:50:34 
TT 560 259.7  25.7 266.7  31.0 3.78E-03 001.8 060.1  40.8 10.41586 5.503454 3.844821 hargrave 2021-10-25 14:06:50 
TT 565 262.1  26.1 269.3  30.8 3.59E-03 001.0 062.9  40.3 4.431424 3.239720 3.677980 hargrave 2021-10-26 10:26:07 
TT 575 261.9  27.3 269.4  32.0 2.76E-03 002.9 063.3  41.5 12.37316 6.142783 2.518623 hargrave 2021-10-26 19:59:37 
TT 580 265.9  30.1 274.4  33.9 1.92E-03 000.6 069.3  42.5 1.324950 0.703048 1.771316 hargrave 2021-10-27 15:05:11 
TT 589 264.0  31.5 272.9  35.6 5.62E-04 001.0 068.1  44.4 0.846262 0.353508 0.365149 hargrave 2021-10-28 11:02:23 
