UI2- 7a mag compass orientation (IGRF corrected)
      0 290.0  31.0 235.4  23.9   1.0
NRM    266.1  31.0 275.0  17.1 2.46E-02 003.8 087.7  38.4 161.1446 8.218241 14.57071 hargrave 2021-09-03 17:07:03 
TT 100 263.1  28.0 271.3  15.3 2.39E-02 006.0 082.8  37.5 251.3028 27.75079 16.81016 hargrave 2021-09-05 10:58:32 
TT 200 261.6  25.5 269.0  13.5 2.31E-02 002.0 079.6  36.2 77.92812 7.265561 19.71964 hargrave 2021-09-06 09:46:10 
TT 300 262.5  25.2 269.6  12.8 2.19E-02 004.3 080.1  35.4 161.8041 19.82882 16.86748 hargrave 2021-09-06 17:58:22 
TT 325 260.6  24.0 267.6  12.4 2.12E-02 002.5 077.6  35.4 90.64669 11.90328 17.36371 hargrave 2021-09-07 17:01:03 
TT 350 260.4  23.5 267.3  12.0 2.08E-02 003.1 077.1  35.1 111.5210 16.01791 17.33494 hargrave 2021-09-08 12:52:36 
TT 375 259.4  22.6 266.0  11.5 2.07E-02 001.5 075.5  34.9 51.42197 5.088803 18.33668 hargrave 2021-09-09 10:14:21 
TT 400 260.2  23.1 266.9  11.7 1.99E-02 002.6 076.6  34.9 86.89209 12.68583 17.48531 hargrave 2021-09-10 18:41:27 
TT 425 259.2  22.7 265.9  11.7 1.89E-02 002.7 075.4  35.1 85.00652 16.40425 18.48198 hargrave 2021-09-26 14:11:57 
TT 450 257.6  21.8 264.2  11.4 1.72E-02 004.9 073.4  35.1 141.8728 34.38770 15.36180 hargrave 2021-09-27 14:35:23 
TT 475 256.8  21.9 263.5  11.8 1.52E-02 003.8 072.6  35.6 98.20343 22.40449 12.76667 hargrave 2021-10-14 11:20:41 
TT 500 258.9  23.0 265.7  12.0 1.15E-02 003.7 075.3  35.4 72.30475 16.87316 9.523208 hargrave 2021-10-15 09:12:32 
TT 510 259.3  24.1 266.5  12.9 9.89E-03 003.7 076.4  36.1 62.83217 11.36508 7.996633 hargrave 2021-10-16 17:24:15 
TT 520 258.5  22.2 265.1  11.4 7.52E-03 004.3 074.4  34.9 54.51933 12.59182 6.343980 hargrave 2021-10-18 11:03:17 
TT 530 262.1  23.3 268.6  11.2 4.70E-03 001.3 078.5  34.1 10.41133 1.238412 3.625546 hargrave 2021-10-19 09:20:17 
TT 535 267.5  23.0 273.2  09.2 2.30E-03 002.8 083.3  31.1 11.09614 0.994273 1.862166 hargrave 2021-10-19 18:51:36 
TT 540 273.7  24.9 279.2  09.1 1.41E-03 003.1 089.9  29.5 7.620747 0.537835 0.995083 hargrave 2021-10-20 18:21:02 
TT 545 288.7  29.2 293.5  09.3 7.48E-04 001.2 105.0  25.3 1.329901 0.720489 0.531490 hargrave 2021-10-22 14:46:05 
TT 550 278.9  15.4 281.0 -01.5 5.68E-04 005.6 088.7  18.9 5.513017 0.240150 0.433088 hargrave 2021-10-23 16:35:54 
TT 555 298.8  24.1 301.3  02.4 4.39E-04 004.2 110.1  16.1 2.788951 1.651400 0.358633 hargrave 2021-10-24 15:09:29 
TT 560 298.2  30.1 301.9  08.4 4.31E-04 001.9 113.0  21.5 1.013393 1.225635 0.375858 hargrave 2021-10-25 14:24:56 
