UI2- 3a mag compass orientation (IGRF corrected)
      0 115.0  15.0 235.4  23.9   1.0
NRM    246.9  35.8 261.2  28.0 1.89E-02 022.3 216.4  24.1 467.0049 616.9654 27.94736 hargrave 2021-09-03 17:01:27 
NRM    273.7  29.1 280.7  13.0 2.01E-02 004.7 242.1  22.8 143.7935 79.57167 14.73614 hargrave 2021-09-04 11:11:58 
TT 100 269.2  27.8 276.4  13.1 1.98E-02 002.2 238.3  20.5 60.12403 42.37126 15.87512 hargrave 2021-09-05 10:52:55 
TT 200 269.9  24.0 275.7  09.3 1.92E-02 005.2 239.9  17.0 147.8791 93.57065 16.36763 hargrave 2021-09-06 09:40:32 
TT 300 267.8  22.3 273.3  08.4 1.86E-02 003.7 238.4  14.9 99.48150 65.54238 16.37186 hargrave 2021-09-06 17:51:03 
TT 325 266.5  21.6 271.8  08.1 1.81E-02 000.6 237.3  13.9 9.728041 4.900731 16.91535 hargrave 2021-09-07 16:54:35 
TT 350 265.0  21.3 270.5  08.4 1.78E-02 001.8 236.0  13.3 42.21962 32.58010 17.18353 hargrave 2021-09-08 12:46:59 
TT 375 261.6  21.6 267.6  09.8 1.76E-02 001.6 232.8  12.9 36.04354 30.00512 18.02291 hargrave 2021-09-09 10:08:45 
TT 400 265.7  20.4 270.7  07.3 1.72E-02 003.0 236.9  12.6 72.87286 50.99309 17.00906 hargrave 2021-09-10 18:35:01 
TT 425 267.1  18.9 271.4  05.4 1.68E-02 002.0 238.5  11.4 43.96784 35.29150 16.14069 hargrave 2021-09-26 14:06:20 
TT 450 264.5  19.4 269.3  06.8 1.59E-02 001.2 236.0  11.4 23.85210 18.93633 15.87853 hargrave 2021-09-27 14:29:45 
TT 475 266.3  18.8 270.7  05.6 1.46E-02 004.1 237.8  11.2 88.24318 55.68479 12.90486 hargrave 2021-10-14 11:15:05 
TT 500 264.0  19.4 268.8  07.0 1.18E-02 002.7 235.5  11.3 44.48939 30.73003 11.01809 hargrave 2021-10-15 09:06:54 
TT 510 264.4  20.1 269.5  07.5 1.00E-02 004.8 235.7  12.0 68.78266 47.15873 9.559815 hargrave 2021-10-16 17:17:46 
TT 520 264.6  21.8 270.2  09.0 7.75E-03 002.8 235.5  13.7 30.96017 21.51173 6.844230 hargrave 2021-10-18 10:57:40 
TT 530 262.5  23.8 269.2  11.5 5.90E-03 003.3 233.1  15.2 27.07763 19.44032 5.139107 hargrave 2021-10-19 09:13:50 
TT 535 267.4  25.7 274.1  11.7 3.97E-03 002.2 237.1  18.1 12.23570 8.529543 3.489606 hargrave 2021-10-19 18:45:56 
TT 540 262.4  31.3 272.0  18.5 2.57E-03 001.0 231.2  22.5 3.299629 1.858433 2.116101 hargrave 2021-10-20 18:14:39 
TT 545 270.1  56.0 289.1  39.0 8.87E-04 001.0 228.9  47.7 1.151315 0.783451 0.621842 hargrave 2021-10-22 14:40:13 
TT 550 160.9  76.7 307.5  78.4 5.37E-04 002.9 158.7  63.8 1.098292 2.425325 0.434393 hargrave 2021-10-23 16:30:16 
TT 555 079.1  30.7 063.3  37.3 5.96E-04 004.1 063.0  38.5 3.953734 1.562009 0.367406 hargrave 2021-10-24 15:03:51 
TT 560 081.7  23.5 069.7  31.9 6.24E-04 003.5 063.4  31.0 3.569351 1.444417 0.432148 hargrave 2021-10-25 14:19:17 
