UI3- 4a mag compass orientation (IGRF corrected)
      0   5.0   8.0 352.8  11.3   1.0
NRM    279.9  18.0 281.4  28.7 1.70E-02 014.1 005.2  25.9 53.84974 422.8691 22.57496 hargrave 2021-09-03 17:17:55 
NRM    267.3  17.3 267.7  28.5 1.75E-02 002.5 351.8  25.2 4.029663 69.97008 28.25620 hargrave 2021-09-04 11:16:24 
TT 100 267.0  15.3 267.4  26.5 1.71E-02 002.5 351.6  23.2 4.676019 69.71968 24.65975 hargrave 2021-09-05 11:06:58 
TT 200 266.2  12.9 266.5  24.1 1.66E-02 003.6 350.9  20.8 11.04612 100.1773 23.78543 hargrave 2021-09-06 09:54:40 
TT 300 264.8  11.6 264.9  22.9 1.61E-02 001.8 349.4  19.4 3.611912 43.75901 23.80577 hargrave 2021-09-06 18:05:55 
TT 325 263.8  11.1 263.9  22.4 1.58E-02 002.0 348.4  19.0 4.593825 51.55200 23.29208 hargrave 2021-09-07 17:09:30 
TT 350 264.4  10.7 264.5  22.0 1.56E-02 000.9 349.0  18.6 6.649347 5.184904 24.25107 hargrave 2021-09-08 13:01:03 
TT 375 264.9  10.6 265.0  21.9 1.54E-02 004.8 349.5  18.4 16.61367 124.7825 23.84827 hargrave 2021-09-09 10:21:58 
TT 400 263.7  10.3 263.7  21.6 1.52E-02 001.5 348.3  18.1 2.063722 32.46131 25.01232 hargrave 2021-09-10 18:49:04 
TT 425 266.1  09.7 266.3  21.0 1.48E-02 002.4 350.8  17.6 7.183694 55.94950 24.49993 hargrave 2021-09-26 14:21:10 
TT 450 264.2  09.6 264.3  20.9 1.46E-02 003.1 348.9  17.5 10.90879 74.95697 23.39655 hargrave 2021-09-27 14:43:49 
TT 475 261.3  09.6 261.2  20.8 1.27E-02 002.5 345.8  17.3 8.862792 50.46845 18.59723 hargrave 2021-10-14 11:28:15 
TT 500 263.6  10.4 263.6  21.7 9.01E-03 003.0 348.2  18.2 7.372931 44.98027 13.02956 hargrave 2021-10-15 09:20:58 
TT 510 259.0  10.7 258.8  22.0 6.24E-03 006.0 343.4  18.4 17.27283 62.69642 9.478679 hargrave 2021-10-16 17:31:54 
TT 520 259.2  11.1 259.0  22.4 3.87E-03 002.8 343.7  18.8 4.668953 17.64971 5.799332 hargrave 2021-10-18 11:11:41 
TT 530 261.1  13.3 261.0  24.6 2.29E-03 003.5 345.5  21.1 3.604720 13.28210 3.437058 hargrave 2021-10-19 09:28:43 
TT 535 262.5  11.8 262.5  23.1 1.44E-03 001.2 347.0  19.6 0.401821 2.515472 1.711247 hargrave 2021-10-19 19:00:03 
TT 540 260.6  13.8 260.4  25.1 8.25E-04 004.2 344.9  21.6 2.032464 5.741248 1.010719 hargrave 2021-10-20 18:28:34 
TT 545 263.5  07.7 263.6  19.0 3.85E-04 003.4 348.2  15.5 0.176869 2.175374 0.760031 hargrave 2021-10-22 14:53:55 
TT 550 273.5  12.7 274.2  23.8 2.51E-04 001.7 358.4  20.7 0.100613 0.690361 0.282122 hargrave 2021-10-23 16:43:32 
TT 555 256.3 -07.4 256.4  03.8 1.52E-04 003.1 341.5  00.2 0.544608 0.643016 0.246736 hargrave 2021-10-24 15:17:04 
TT 560 231.1 -20.5 232.7 -10.8 1.45E-04 004.4 317.8 -14.7 1.661743 0.157672 0.207782 hargrave 2021-10-25 14:32:33 
