UI3- 1a mag compass orientation (IGRF corrected)
      0 322.0  20.0 352.8  11.3   1.0
NRM    272.5  30.1 273.9  41.2 1.58E-02 001.0 051.5  44.1 25.28037 7.833658 9.699788 hargrave 2021-09-03 17:10:40 
TT 100 268.4  25.5 269.1  36.7 1.52E-02 003.7 045.0  40.8 73.47458 61.65607 15.74277 hargrave 2021-09-05 11:02:11 
TT 200 267.0  19.8 267.4  31.1 1.37E-02 003.7 041.6  35.6 60.48991 62.54174 11.85206 hargrave 2021-09-06 09:48:58 
TT 300 267.3  19.0 267.7  30.3 9.78E-03 000.6 041.7  34.8 6.324835 2.822682 7.597776 hargrave 2021-09-06 18:01:09 
TT 325 266.5  20.3 266.8  31.5 7.28E-03 002.0 041.1  36.2 18.77833 15.76023 5.765870 hargrave 2021-09-07 17:04:41 
TT 350 265.8  20.4 266.1  31.7 6.28E-03 000.9 040.4  36.5 7.446369 3.354433 5.031661 hargrave 2021-09-08 12:56:16 
TT 375 267.6  20.6 268.1  31.9 5.78E-03 001.0 042.5  36.2 8.377971 4.186736 4.397976 hargrave 2021-09-09 10:17:12 
TT 400 266.2  20.1 266.5  31.3 5.30E-03 000.8 040.7  36.0 2.560680 5.889971 4.174274 hargrave 2021-09-10 18:44:14 
TT 425 263.9  18.0 264.0  29.3 4.89E-03 002.1 037.6  34.5 11.40177 12.70606 4.904269 hargrave 2021-09-26 14:14:44 
TT 450 266.2  17.7 266.5  29.0 4.54E-03 000.5 040.0  33.7 2.184625 1.171580 3.825654 hargrave 2021-09-27 14:38:11 
TT 475 266.9  17.0 267.3  28.2 3.96E-03 001.3 040.7  32.8 6.427877 5.756526 2.982048 hargrave 2021-10-14 11:23:28 
TT 500 261.8  15.0 261.7  26.3 3.22E-03 000.5 034.4  32.0 0.998020 1.000097 2.598379 hargrave 2021-10-15 09:15:20 
TT 510 264.1  14.5 264.2  25.8 2.65E-03 002.6 036.9  31.0 8.102832 8.728834 2.236845 hargrave 2021-10-16 17:27:04 
TT 520 263.0  15.6 263.1  26.9 2.15E-03 001.4 036.0  32.3 3.495683 3.542883 1.917352 hargrave 2021-10-18 11:06:06 
TT 530 263.4  12.7 263.4  24.0 1.75E-03 002.5 035.7  29.4 4.660408 6.017430 1.655401 hargrave 2021-10-19 09:23:55 
TT 535 263.8  14.7 263.9  26.0 1.40E-03 000.7 036.6  31.4 1.048844 0.861665 1.174087 hargrave 2021-10-19 18:55:15 
TT 540 259.6  11.7 259.4  23.0 1.09E-03 001.3 031.3  29.2 1.724041 1.586842 0.995720 hargrave 2021-10-20 18:23:48 
TT 545 269.7  16.6 270.3  27.8 9.22E-04 001.0 043.7  31.8 0.669372 1.278405 0.807278 hargrave 2021-10-22 14:48:58 
TT 550 256.6  16.4 256.1  27.6 8.05E-04 003.8 028.9  34.3 3.051319 4.422105 0.711339 hargrave 2021-10-23 16:38:43 
TT 555 267.1  21.3 267.6  32.5 7.16E-04 000.6 042.2  37.0 0.288748 0.414998 0.587533 hargrave 2021-10-24 15:12:16 
TT 560 270.0  13.3 270.5  24.5 5.36E-04 004.2 043.0  28.6 2.874505 2.697866 0.494759 hargrave 2021-10-25 14:27:44 
