UI3- 5a mag compass orientation (IGRF corrected)
      0 342.0   9.0 352.8  11.3   1.0
NRM    276.7  29.5 278.8  40.5 7.02E-03 048.3 027.3  37.6 528.2242 273.0473 458.5502 hargrave 2021-09-03 17:21:32 
NRM    274.3  30.3 276.1  41.4 1.40E-02 002.3 024.8  38.6 36.63670 37.04742 23.10834 hargrave 2021-09-04 11:17:57 
TT 100 275.9  27.2 277.6  38.1 1.33E-02 001.3 026.2  35.3 6.247066 17.74055 23.96327 hargrave 2021-09-05 11:11:27 
TT 200 271.2  23.1 272.2  34.3 1.25E-02 003.4 020.8  31.6 34.25869 60.33705 23.90353 hargrave 2021-09-06 09:59:57 
TT 300 269.5  20.9 270.2  32.1 1.05E-02 002.0 018.9  29.4 18.35620 24.73590 19.71851 hargrave 2021-09-06 18:08:42 
TT 325 268.3  20.4 268.9  31.7 8.97E-03 001.8 017.6  29.0 14.46483 17.65674 16.70975 hargrave 2021-09-07 17:13:11 
TT 350 267.3  20.0 267.7  31.2 8.11E-03 002.2 016.4  28.6 14.20666 22.57337 15.20148 hargrave 2021-09-08 13:03:53 
TT 375 265.3  19.5 265.6  30.8 7.71E-03 002.7 014.3  28.2 14.83941 29.79666 14.47962 hargrave 2021-09-09 10:26:21 
TT 400 268.2  19.0 268.8  30.2 7.43E-03 002.2 017.4  27.6 13.27370 20.21695 14.35964 hargrave 2021-09-10 18:53:29 
TT 425 266.5  17.8 266.9  29.1 7.32E-03 004.0 015.5  26.5 16.81224 46.29916 14.21851 hargrave 2021-09-26 14:24:46 
TT 450 262.9  17.0 262.9  28.3 7.19E-03 002.3 011.6  25.8 9.502417 23.91386 13.30596 hargrave 2021-09-27 14:47:27 
TT 475 264.1  16.5 264.3  27.8 6.37E-03 002.0 012.9  25.3 8.050450 18.23430 11.29694 hargrave 2021-10-14 11:33:30 
TT 500 266.3  16.6 266.6  27.9 4.68E-03 001.0 015.2  25.3 2.634672 2.215746 8.050496 hargrave 2021-10-15 09:24:36 
TT 510 262.8  16.7 262.9  28.0 3.29E-03 003.7 011.5  25.5 5.828211 19.61970 5.907454 hargrave 2021-10-16 17:36:21 
TT 520 264.8  17.0 264.9  28.3 1.78E-03 001.3 013.6  25.8 1.609094 1.960397 3.213952 hargrave 2021-10-18 11:15:17 
TT 530 269.6  18.6 270.3  29.9 1.01E-03 003.1 018.8  27.2 1.824994 4.809562 1.924013 hargrave 2021-10-19 09:32:20 
TT 535 261.1  19.9 261.0  31.1 5.58E-04 001.8 009.8  28.7 0.477909 1.447341 0.997177 hargrave 2021-10-19 19:03:39 
TT 540 257.9  23.6 257.4  34.8 3.80E-04 001.4 006.4  32.5 0.170170 0.718600 0.575479 hargrave 2021-10-20 18:32:08 
TT 545 254.7  23.0 253.7  34.2 2.21E-04 004.8 002.9  32.0 0.090148 1.821255 0.397923 hargrave 2021-10-22 14:57:40 
TT 550 266.3  09.8 266.5  21.1 1.96E-04 004.7 014.8  18.5 0.526889 1.494690 0.336016 hargrave 2021-10-23 16:47:11 
TT 555 279.6  01.3 279.9  12.1 1.43E-04 004.0 027.9  09.2 0.577473 0.784617 0.247597 hargrave 2021-10-24 15:20:41 
TT 560 239.5  14.9 237.8  25.2 1.21E-04 000.9 346.8  23.7 0.181535 0.168892 0.130690 hargrave 2021-10-25 14:36:10 
