UI4- 8a mag compass orientation (IGRF corrected)
      0 311.0  42.0 300.6  28.7   1.0
NRM    347.8  73.7 014.0  48.0 1.80E-03 001.9 163.7  36.9 3.596174 2.795525 3.856417 hargrave 2021-09-03 17:45:05 
TT 100 347.2  73.8 013.9  48.2 1.75E-03 001.3 163.6  37.1 2.363910 1.686403 2.680271 hargrave 2021-09-05 11:31:04 
TT 200 327.5  74.3 007.7  51.8 1.30E-03 003.3 159.7  41.6 3.987261 6.199527 1.820156 hargrave 2021-09-06 10:17:12 
TT 300 295.4  70.5 352.7  57.3 8.25E-04 002.7 150.3  49.5 2.808559 2.599045 0.992650 hargrave 2021-09-06 18:27:18 
TT 325 277.2  66.1 339.3  61.5 5.21E-04 003.7 142.8  56.1 2.592869 2.019907 0.567254 hargrave 2021-09-07 17:32:09 
TT 350 275.5  64.4 335.4  61.5 4.51E-04 002.4 139.9  57.0 1.645272 0.866552 0.467690 hargrave 2021-09-08 13:21:13 
TT 375 274.4  64.5 335.1  62.0 4.12E-04 002.0 140.0  57.4 1.260150 0.454518 0.441882 hargrave 2021-09-09 10:43:22 
TT 400 274.7  64.6 335.5  61.9 3.77E-04 001.9 140.2  57.3 1.094525 0.426029 0.397670 hargrave 2021-09-10 19:11:20 
TT 425 272.5  65.2 335.9  63.0 3.49E-04 002.1 141.5  58.1 1.060557 0.708278 0.312836 hargrave 2021-09-26 14:41:52 
TT 450 272.4  64.0 333.5  62.6 3.24E-04 002.3 139.3  58.3 1.068303 0.691915 0.294283 hargrave 2021-09-27 15:06:13 
TT 475 270.7  66.1 337.3  64.0 2.97E-04 004.6 143.4  58.7 1.694456 1.692921 0.314891 hargrave 2021-10-14 11:52:57 
TT 500 270.9  63.4 331.7  63.0 2.52E-04 002.3 138.3  59.1 0.839227 0.547908 0.208746 hargrave 2021-10-15 09:42:31 
TT 510 271.5  64.9 335.1  63.3 2.25E-04 000.8 141.1  58.6 0.257117 0.058246 0.211767 hargrave 2021-10-16 17:54:25 
TT 520 269.9  63.2 331.0  63.3 1.90E-04 003.3 138.0  59.5 0.857467 0.667196 0.161808 hargrave 2021-10-18 11:32:23 
TT 530 272.5  60.8 327.5  61.2 1.59E-04 001.6 133.3  58.4 0.380448 0.210067 0.123228 hargrave 2021-10-19 09:50:17 
TT 535 271.6  59.4 324.5  60.9 1.36E-04 000.7 130.5  58.9 0.097971 0.079490 0.114456 hargrave 2021-10-19 19:21:37 
TT 540 267.9  63.7 331.3  64.3 1.13E-04 001.9 139.3  60.3 0.298602 0.182569 0.116262 hargrave 2021-10-20 18:49:07 
TT 545 273.7  62.3 330.8  61.3 9.15E-05 000.7 136.0  57.8 0.076175 0.029690 0.087830 hargrave 2021-10-22 15:15:57 
TT 550 275.6  72.0 351.3  63.7 8.39E-05 004.9 153.4  55.7 0.368451 0.618486 0.105731 hargrave 2021-10-23 17:04:23 
TT 555 257.0  66.9 336.3  69.5 6.16E-05 003.9 148.7  63.6 0.228611 0.354534 0.052852 hargrave 2021-10-24 15:38:38 
TT 560 253.4  76.2 003.1  69.4 5.82E-05 002.9 165.6  58.9 0.086835 0.279439 0.072196 hargrave 2021-10-25 14:53:20 
TT 565 253.2  64.5 328.6  70.7 4.33E-05 002.8 145.4  66.1 0.125224 0.168235 0.044584 hargrave 2021-10-26 10:45:02 
TT 575 352.4  67.7 012.2  41.9 1.27E-05 001.9 160.5  31.3 0.062674 0.021140 0.066878 hargrave 2021-10-26 20:17:42 
TT 580 287.8  35.9 309.6  36.9 1.30E-05 004.3 101.8  40.5 0.062872 0.104786 0.014437 hargrave 2021-10-27 15:24:55 
TT 589 028.5  24.9 028.7 -03.8 9.56E-06 008.2 168.2 -16.2 0.034847 0.130944 0.046448 hargrave 2021-10-28 11:20:37 
