UI5- 5a mag compass orientation (IGRF corrected)
      0 180.0  73.0 318.7  12.0   1.0
NRM    297.0  50.8 312.2  53.8 1.29E-02 001.5 197.6 -18.1 2.158142 27.58256 20.85801 hargrave 2021-09-03 17:54:28 
TT 100 292.9  50.2 307.6  54.0 1.28E-02 001.4 195.4 -19.9 12.06693 21.18458 19.87824 hargrave 2021-09-05 11:39:36 
TT 200 290.2  48.2 303.7  52.7 1.23E-02 002.0 194.4 -22.4 14.58089 35.09513 18.79965 hargrave 2021-09-06 10:24:59 
TT 300 290.5  46.2 303.1  50.7 1.14E-02 003.0 195.4 -24.1 20.76872 53.19157 16.69642 hargrave 2021-09-06 18:37:33 
TT 325 282.1  47.4 294.7  53.5 1.08E-02 005.4 189.0 -24.7 22.10613 98.93645 15.84331 hargrave 2021-09-07 17:39:54 
TT 350 282.4  47.2 295.0  53.2 1.07E-02 003.9 189.3 -24.9 17.95982 69.41887 14.72230 hargrave 2021-09-08 13:28:57 
TT 375 281.7  47.2 294.2  53.4 1.06E-02 001.3 188.8 -25.0 8.890883 16.03650 15.69365 hargrave 2021-09-09 10:51:53 
TT 400 284.3  46.6 296.7  52.3 1.04E-02 003.4 190.8 -25.1 17.59190 57.84419 15.90244 hargrave 2021-09-10 19:20:44 
TT 425 285.7  46.2 298.1  51.6 1.03E-02 000.9 192.0 -25.2 5.439711 5.396544 14.31669 hargrave 2021-09-26 14:49:35 
TT 450 284.0  46.4 296.3  52.2 1.01E-02 000.9 190.6 -25.3 5.239999 4.612467 13.98269 hargrave 2021-09-27 15:13:58 
TT 475 286.8  45.8 299.1  51.1 9.89E-03 003.2 192.9 -25.4 15.85078 51.27604 13.35478 hargrave 2021-10-14 12:01:29 
TT 500 285.8  46.1 298.1  51.5 9.07E-03 004.6 192.1 -25.3 18.63534 69.87950 12.83425 hargrave 2021-10-15 09:51:05 
TT 510 282.8  46.9 295.2  52.9 8.52E-03 000.9 189.6 -25.1 2.731210 5.763219 11.52017 hargrave 2021-10-16 18:03:02 
TT 520 287.5  46.2 300.0  51.3 7.86E-03 004.3 193.3 -24.8 16.45502 56.30184 10.80718 hargrave 2021-10-18 11:40:06 
TT 530 286.1  46.8 298.7  52.1 6.49E-03 002.5 192.0 -24.6 7.910121 26.09722 8.841155 hargrave 2021-10-19 09:58:02 
TT 535 286.5  47.0 299.3  52.2 4.83E-03 001.0 192.3 -24.3 3.030201 5.375456 6.374431 hargrave 2021-10-19 19:31:00 
TT 540 284.1  48.0 297.2  53.7 4.32E-03 004.3 190.3 -23.8 7.852455 30.91223 5.588905 hargrave 2021-10-20 18:56:50 
TT 545 279.6  49.4 293.0  55.9 3.14E-03 001.2 186.8 -23.0 1.993706 4.762388 4.224555 hargrave 2021-10-22 15:23:48 
TT 550 284.0  49.8 298.0  55.5 2.49E-03 003.4 189.7 -22.0 3.222601 13.87742 3.604690 hargrave 2021-10-23 17:12:59 
TT 555 281.5  51.8 296.4  57.8 1.48E-03 004.1 187.6 -20.5 1.922245 10.15659 2.162985 hargrave 2021-10-24 15:46:23 
TT 560 289.7  50.6 304.5  55.0 7.71E-04 001.7 193.2 -20.3 0.775345 1.893339 1.021486 hargrave 2021-10-25 15:01:06 
TT 565 286.3  52.1 301.8  57.1 3.43E-04 003.8 190.6 -19.5 0.721499 2.072688 0.584101 hargrave 2021-10-26 10:52:37 
TT 575 323.7  59.0 342.1  56.0 9.80E-05 008.2 204.5 -02.4 0.682960 1.204445 0.317449 hargrave 2021-10-26 20:26:07 
TT 580 081.8  08.6 081.4 -01.5 2.09E-05 013.3 315.4  78.4 0.214108 0.441735 0.084281 hargrave 2021-10-27 15:32:30 
TT 580 072.8  02.3 073.0 -08.7 2.22E-05 003.8 309.1  67.6 0.101331 0.122410 0.060746 hargrave 2021-10-27 16:12:56 
TT 589 168.7  57.0 149.7  61.3 6.94E-05 005.5 145.3  20.3 0.194685 0.651767 0.305104 hargrave 2021-10-28 11:28:16 
