UI5- 3a mag compass orientation (IGRF corrected)
      0 150.0  79.0 318.7  12.0   1.0
NRM    291.3  49.5 305.6  53.7 1.42E-02 003.5 211.6 -14.7 50.72154 65.85056 28.31490 hargrave 2021-09-03 17:50:27 
TT 100 286.7  50.7 301.4  55.8 1.42E-02 004.0 208.7 -16.2 50.95680 81.95740 25.74510 hargrave 2021-09-05 11:35:36 
TT 200 282.2  50.3 296.3  56.2 1.38E-02 002.3 206.9 -18.5 27.14089 40.39335 26.16886 hargrave 2021-09-06 10:21:47 
TT 300 286.0  45.3 297.9  50.8 1.32E-02 003.7 212.6 -20.1 49.03703 64.72665 23.20031 hargrave 2021-09-06 18:32:45 
TT 325 285.7  44.3 297.3  49.9 1.27E-02 005.0 213.3 -20.9 65.33046 86.81207 21.67592 hargrave 2021-09-07 17:36:43 
TT 350 283.9  45.3 295.7  51.2 1.25E-02 002.8 211.5 -21.2 35.23023 43.92441 21.99579 hargrave 2021-09-08 13:25:46 
TT 375 282.9  45.6 294.7  51.7 1.24E-02 001.6 210.7 -21.5 7.411832 25.96805 22.53406 hargrave 2021-09-09 10:47:54 
TT 400 283.2  44.9 294.8  50.9 1.22E-02 005.6 211.5 -21.8 66.91708 95.33624 23.42941 hargrave 2021-09-10 19:17:34 
TT 425 282.9  44.4 294.3  50.5 1.21E-02 004.2 211.8 -22.3 50.19302 70.69684 22.23797 hargrave 2021-09-26 14:46:25 
TT 450 284.3  43.1 295.3  48.9 1.19E-02 001.1 213.5 -22.5 5.374429 6.315429 20.75599 hargrave 2021-09-27 15:10:46 
TT 475 284.8  42.4 295.6  48.2 1.16E-02 001.4 214.4 -22.7 16.10784 14.27495 18.88142 hargrave 2021-10-14 11:58:19 
TT 500 282.5  44.2 293.8  50.3 1.08E-02 001.9 211.7 -22.7 19.49718 21.77467 19.51494 hargrave 2021-10-15 09:47:53 
TT 510 284.6  42.3 295.3  48.2 1.00E-02 003.4 214.3 -22.8 36.25153 45.00341 17.37150 hargrave 2021-10-16 17:59:50 
TT 520 283.1  43.5 294.1  49.6 9.31E-03 002.0 212.5 -22.9 18.72393 21.79751 15.47502 hargrave 2021-10-18 11:36:55 
TT 530 281.5  44.9 293.0  51.3 8.33E-03 001.7 210.6 -22.7 13.42716 15.96399 14.64909 hargrave 2021-10-19 09:54:50 
TT 535 285.1  42.1 295.7  47.8 6.51E-03 001.2 214.8 -22.7 6.590173 4.598740 10.81711 hargrave 2021-10-19 19:27:49 
TT 540 285.1  42.5 295.8  48.2 5.64E-03 003.3 214.4 -22.5 20.15264 23.47467 9.348979 hargrave 2021-10-20 18:53:40 
TT 545 283.1  45.4 294.9  51.4 4.62E-03 001.3 211.0 -21.5 2.563233 6.283462 7.971157 hargrave 2021-10-22 15:20:34 
TT 550 287.1  43.8 298.5  49.1 3.95E-03 001.5 214.3 -20.5 6.002520 5.734553 6.662580 hargrave 2021-10-23 17:09:47 
TT 555 286.0  45.5 298.1  50.9 2.78E-03 003.9 212.5 -20.0 10.67382 15.18879 4.909723 hargrave 2021-10-24 15:43:12 
TT 560 285.9  45.2 297.8  50.6 1.97E-03 002.6 212.7 -20.3 5.059441 6.604282 3.352037 hargrave 2021-10-25 14:57:55 
TT 565 283.6  48.1 296.7  53.9 1.02E-03 001.1 209.2 -19.4 0.420577 1.252713 1.390475 hargrave 2021-10-26 10:49:18 
TT 575 289.6  54.6 306.9  58.9 2.16E-04 001.6 206.8 -12.3 0.218311 0.174745 0.592050 hargrave 2021-10-26 20:22:47 
TT 580 326.0  27.9 332.0  25.8 5.46E-05 005.1 241.8  01.7 0.235041 0.618043 0.066290 hargrave 2021-10-27 15:29:11 
TT 589 025.1  72.4 034.2  61.0 5.40E-05 004.3 191.0  25.1 0.276841 0.337721 0.250657 hargrave 2021-10-28 11:24:56 
