UI5- 8a mag compass orientation (IGRF corrected)
      0  75.0  88.0 318.7  12.0   1.0
NRM    282.7  41.0 292.7  47.3 1.75E-02 002.0 226.0  21.9 39.57835 43.65568 20.76994 hargrave 2021-09-03 17:59:48 
TT 100 281.6  41.8 291.8  48.2 1.68E-02 001.7 225.5  20.9 30.99177 35.87332 18.48951 hargrave 2021-09-05 11:44:06 
TT 200 278.9  37.5 287.4  44.6 1.62E-02 002.2 230.5  20.0 47.31088 35.05685 17.21016 hargrave 2021-09-06 10:30:27 
TT 300 279.4  41.4 289.3  48.2 1.57E-02 001.8 226.4  19.5 34.63771 29.21635 18.13902 hargrave 2021-09-06 18:43:42 
TT 325 278.7  40.3 288.1  47.3 1.54E-02 001.4 227.7  19.2 26.51169 20.81423 17.13352 hargrave 2021-09-07 17:44:24 
TT 350 278.6  40.6 288.1  47.6 1.52E-02 001.5 227.4  19.0 29.59797 23.02560 17.36547 hargrave 2021-09-08 13:33:26 
TT 375 278.3  39.8 287.5  46.8 1.52E-02 001.2 228.3  19.0 18.42085 20.02851 17.11663 hargrave 2021-09-09 10:57:11 
TT 400 279.5  43.1 290.0  49.9 1.51E-02 000.8 224.6  19.0 8.818219 5.248114 18.63537 hargrave 2021-09-10 19:26:03 
TT 425 278.6  43.4 289.2  50.3 1.49E-02 002.3 224.6  18.3 42.97187 38.74563 16.68468 hargrave 2021-09-26 14:54:05 
TT 450 278.1  41.8 288.1  48.9 1.46E-02 001.4 226.2  18.4 26.14902 20.91797 16.09059 hargrave 2021-09-27 15:19:18 
TT 475 278.2  42.6 288.4  49.6 1.42E-02 001.4 225.4  18.3 22.73013 19.66447 15.97291 hargrave 2021-10-14 12:05:58 
TT 500 278.5  41.7 288.4  48.7 1.25E-02 003.8 226.3  18.7 58.52120 57.73280 13.17663 hargrave 2021-10-15 09:56:25 
TT 510 278.3  41.6 288.2  48.6 1.14E-02 002.6 226.5  18.6 36.24378 36.60966 12.37124 hargrave 2021-10-16 18:09:12 
TT 520 279.5  42.6 289.8  49.4 8.90E-03 001.7 225.2  19.2 18.07809 16.09549 9.612995 hargrave 2021-10-18 11:44:37 
TT 530 281.4  39.7 290.9  46.2 5.29E-03 001.1 227.7  21.4 5.830125 6.673921 5.949567 hargrave 2021-10-19 10:03:24 
TT 535 281.4  39.1 290.7  45.6 4.67E-03 000.7 228.3  21.5 1.960787 2.103059 5.043856 hargrave 2021-10-19 19:35:30 
TT 540 282.7  40.5 292.5  46.7 4.22E-03 001.2 226.6  22.1 6.343086 4.362851 4.452426 hargrave 2021-10-20 19:01:21 
TT 545 285.6  40.8 295.8  46.5 3.20E-03 002.6 225.5  24.1 10.75174 9.183787 3.543956 hargrave 2021-10-22 15:29:12 
TT 550 288.3  40.6 298.5  45.8 2.41E-03 000.8 225.0  26.1 1.158751 1.743782 2.718634 hargrave 2021-10-23 17:17:32 
TT 555 300.4  41.3 311.2  44.0 1.46E-03 001.7 219.5  33.9 1.926935 3.575521 1.922491 hargrave 2021-10-24 15:50:53 
TT 560 307.1  26.7 313.3  28.5 7.67E-04 000.8 232.3  46.1 0.305693 0.623091 0.804264 hargrave 2021-10-25 15:05:37 
TT 565 339.7  13.8 342.0  09.3 4.66E-04 000.6 203.5  77.1 0.368164 0.337851 0.485552 hargrave 2021-10-26 10:58:23 
TT 575 321.6  11.5 324.0  10.6 2.76E-04 001.8 246.7  65.0 0.573401 0.555098 0.432558 hargrave 2021-10-26 20:32:42 
TT 580 338.7 -01.9 337.9 -06.0 4.62E-04 001.1 301.9  82.6 0.345625 0.791008 0.263219 hargrave 2021-10-27 15:39:05 
TT 589 337.5  09.5 339.0  05.5 1.76E-04 002.2 224.5  79.4 0.175270 0.623868 0.376678 hargrave 2021-10-28 11:34:54 
