CB1- 7a mag compass orientation (IGRF corrected)
      0 342.0  80.0 291.7  19.7   1.0
NRM    266.6  42.2 285.8  47.6 9.29E-03 003.2 160.8  55.4 22.85127 46.44448 9.113493 hargrave 2021-09-04 14:49:12 
NRM    264.1  42.5 283.5  48.7 9.27E-03 002.2 164.1  55.8 16.82454 30.49001 9.676856 hargrave 2021-09-05 14:38:40 
TT 200 258.0  37.2 273.9  45.9 8.00E-03 002.4 169.7  62.3 17.13834 26.66905 9.521229 hargrave 2021-09-06 13:18:46 
TT 300 253.9  35.9 268.9  46.0 6.74E-03 002.1 176.4  64.0 10.82051 21.53174 7.017239 hargrave 2021-09-07 11:49:42 
TT 325 255.2  34.9 269.7  44.7 5.19E-03 001.5 173.8  64.9 10.59326 5.880107 6.043971 hargrave 2021-09-08 08:49:28 
TT 350 250.7  34.7 264.7  45.9 4.72E-03 001.4 182.5  65.3 8.726121 4.861778 5.722579 hargrave 2021-09-08 16:02:14 
TT 375 250.8  34.3 264.7  45.5 4.44E-03 003.1 182.3  65.7 7.686405 22.12052 4.911181 hargrave 2021-09-10 08:12:52 
TT 400 249.4  34.0 262.9  45.6 4.23E-03 005.5 185.3  65.9 5.753197 40.05402 4.206346 hargrave 2021-09-13 08:10:32 
TT 425 247.7  34.1 261.1  46.2 3.96E-03 003.0 188.5  65.6 4.443979 19.39602 4.804709 hargrave 2021-09-27 08:48:28 
TT 450 250.4  34.1 264.1  45.4 3.73E-03 004.7 183.2  65.9 5.994102 29.44201 4.983897 hargrave 2021-09-27 18:11:43 
TT 475 248.3  33.7 261.5  45.6 3.42E-03 005.5 187.6  66.1 2.528541 32.74069 4.556708 hargrave 2021-10-14 15:32:08 
TT 500 250.2  34.3 264.0  45.6 3.14E-03 002.0 183.6  65.6 5.169262 9.056349 4.051751 hargrave 2021-10-16 13:27:05 
TT 510 250.6  34.2 264.3  45.5 2.90E-03 002.1 182.9  65.8 5.271165 8.509063 3.699632 hargrave 2021-10-17 16:49:58 
TT 520 250.4  34.1 264.1  45.4 2.69E-03 002.9 183.2  65.8 4.636708 12.26869 3.726237 hargrave 2021-10-18 15:57:50 
TT 530 250.1  34.3 263.8  45.7 2.52E-03 001.8 183.8  65.7 4.612997 5.616278 3.646922 hargrave 2021-10-19 12:47:50 
TT 535 248.6  33.9 262.0  45.8 2.36E-03 003.9 187.0  65.8 3.088161 15.46463 3.363100 hargrave 2021-10-20 11:58:33 
TT 535 248.4  33.9 261.7  45.8 2.36E-03 004.1 187.4  65.8 3.001397 16.16773 3.489164 hargrave 2021-10-20 13:40:19 
TT 540 247.7  33.9 260.9  46.0 2.24E-03 004.3 188.8  65.8 2.744486 16.42903 2.854573 hargrave 2021-10-22 08:59:47 
TT 545 250.8  34.3 264.6  45.4 2.08E-03 002.6 182.5  65.7 4.042357 8.164508 3.004654 hargrave 2021-10-22 18:09:50 
TT 550 250.4  34.7 264.4  45.9 1.54E-03 002.2 183.2  65.3 3.148023 4.467573 2.287041 hargrave 2021-10-24 11:04:49 
TT 555 249.3  34.3 263.0  45.9 1.48E-03 004.1 185.4  65.6 2.234394 10.29161 2.036921 hargrave 2021-10-25 09:10:52 
TT 560 250.3  34.8 264.4  46.1 1.14E-03 003.5 183.2  65.1 2.198103 6.355825 1.781349 hargrave 2021-10-25 18:18:11 
TT 567 249.2  34.2 262.8  45.8 9.97E-04 003.0 185.6  65.7 1.748742 4.672763 1.427412 hargrave 2021-10-26 14:24:46 
TT 575 248.2  34.8 262.0  46.7 6.54E-04 003.1 187.3  65.0 1.148711 3.200846 1.045270 hargrave 2021-10-27 12:17:53 
TT 582 249.8  35.4 264.0  46.8 5.32E-04 003.4 184.3  64.5 1.020411 2.839921 0.823431 hargrave 2021-10-27 18:23:43 
TT 589 248.6  35.5 262.9  47.3 4.38E-04 002.0 186.3  64.3 0.961548 0.939139 0.724005 hargrave 2021-10-28 16:05:47 
