CB1- 4a mag compass orientation (IGRF corrected)
      0 335.0 102.0 291.7  19.7   1.0
NRM    269.2  58.7 303.6  60.6 1.64E-03 002.0 167.2  16.6 0.548386 2.307763 5.171462 hargrave 2021-09-04 14:44:59 
NRM    269.4  58.8 303.8  60.6 1.61E-03 003.4 167.1  16.5 2.725722 7.862183 4.817631 hargrave 2021-09-05 14:34:28 
TT 200 261.3  53.3 290.1  59.0 1.32E-03 004.2 169.5  23.2 2.642533 8.475985 3.662019 hargrave 2021-09-06 13:13:45 
TT 300 259.4  50.8 285.7  57.5 1.14E-03 001.9 169.9  25.9 0.959834 1.291730 3.423311 hargrave 2021-09-07 11:45:29 
TT 325 256.4  49.1 281.0  57.0 9.08E-04 003.3 171.5  28.1 1.595069 4.315659 2.375617 hargrave 2021-09-08 08:43:37 
TT 350 262.4  47.6 285.8  53.8 6.95E-04 002.0 166.7  28.4 1.093069 0.754599 2.071767 hargrave 2021-09-08 15:58:01 
TT 375 255.4  48.2 279.1  56.6 6.25E-04 001.8 172.1  29.1 0.799199 0.908666 1.582829 hargrave 2021-09-10 08:08:36 
TT 400 257.9  47.9 281.5  55.5 5.86E-04 006.0 170.1  29.0 1.536671 5.749203 1.600007 hargrave 2021-09-13 08:07:12 
TT 425 259.7  47.4 282.9  54.5 5.63E-04 002.1 168.7  29.1 0.817455 0.717398 1.730738 hargrave 2021-09-27 08:44:13 
TT 450 254.0  47.7 277.1  56.7 5.28E-04 002.5 173.1  29.7 0.823996 1.549470 1.582919 hargrave 2021-09-27 18:06:39 
TT 475 254.1  47.9 277.5  56.8 4.73E-04 001.6 173.0  29.5 0.442052 0.197393 1.296543 hargrave 2021-10-14 15:27:57 
TT 500 257.9  47.6 281.2  55.3 4.35E-04 002.1 170.1  29.3 0.630953 0.747693 1.259501 hargrave 2021-10-16 13:22:53 
TT 510 255.1  47.8 278.3  56.3 3.93E-04 002.0 172.2  29.6 0.565103 0.327101 1.263936 hargrave 2021-10-17 16:45:45 
TT 520 253.0  48.0 276.3  57.2 3.61E-04 002.0 173.9  29.6 0.390458 0.682962 0.987550 hargrave 2021-10-18 15:53:39 
TT 530 255.9  47.1 278.7  55.5 3.34E-04 002.4 171.5  30.1 0.435582 1.019970 0.887272 hargrave 2021-10-19 12:43:38 
TT 535 254.2  47.9 277.5  56.7 3.09E-04 002.5 172.9  29.5 0.391940 1.025189 0.837819 hargrave 2021-10-20 11:53:25 
TT 535 253.9  47.9 277.3  56.8 3.09E-04 002.6 173.1  29.6 0.381119 1.120530 0.826186 hargrave 2021-10-20 13:34:19 
TT 540 253.1  48.1 276.6  57.3 2.93E-04 002.1 173.8  29.4 0.430998 0.366889 0.917028 hargrave 2021-10-22 08:53:45 
TT 545 250.0  48.3 273.3  58.5 2.76E-04 001.5 176.2  29.5 0.238978 0.147134 0.680135 hargrave 2021-10-22 18:05:37 
TT 550 249.6  48.0 272.7  58.3 2.26E-04 001.8 176.4  29.9 0.188943 0.366237 0.594299 hargrave 2021-10-24 10:59:49 
TT 555 254.9  47.2 277.7  55.9 2.18E-04 001.8 172.3  30.1 0.216475 0.270438 0.615686 hargrave 2021-10-25 09:06:40 
TT 560 250.3  47.5 272.9  57.6 2.05E-04 004.9 175.9  30.4 0.277279 1.654356 0.561233 hargrave 2021-10-25 18:13:59 
TT 567 256.7  46.8 279.3  54.9 2.02E-04 001.7 170.7  30.3 0.176788 0.136231 0.576733 hargrave 2021-10-26 14:20:34 
TT 575 251.1  47.7 273.9  57.6 1.90E-04 002.7 175.3  30.1 0.219171 0.716271 0.526136 hargrave 2021-10-27 12:13:40 
TT 582 252.0  47.3 274.6  57.0 1.84E-04 002.2 174.5  30.4 0.180756 0.503918 0.478969 hargrave 2021-10-27 18:19:33 
TT 589 248.5  47.2 270.6  57.9 1.73E-04 002.4 177.3  30.7 0.178845 0.537321 0.490734 hargrave 2021-10-28 16:01:34 
TT 610 250.3  46.8 272.4  57.0 1.58E-04 002.5 175.7  31.0 0.215452 0.431266 0.514913 hargrave 2021-11-22 17:07:17 
TT 625 249.3  45.8 270.4  56.5 1.39E-04 004.6 176.5  32.1 0.313038 0.944873 0.494553 hargrave 2021-11-23 13:54:47 
TT 640 256.0  43.8 276.2  52.6 1.18E-04 003.7 170.5  33.3 0.291469 0.558747 0.437976 hargrave 2021-11-24 10:21:27 
TT 655 243.0  45.7 262.9  58.3 1.05E-04 003.6 181.7  32.3 0.147801 0.537904 0.370326 hargrave 2021-11-25 15:05:39 
TT 660 254.3  46.2 276.2  55.2 1.05E-04 002.2 172.5  31.2 0.162986 0.051532 0.383256 hargrave 2021-11-27 18:14:12 
TT 665 245.3  47.0 266.8  58.8 9.41E-05 003.8 179.8  31.0 0.156332 0.501694 0.338077 hargrave 2021-11-28 18:24:24 
TT 667 246.1  48.1 268.7  59.5 7.44E-05 003.7 179.2  29.9 0.067046 0.399186 0.268280 hargrave 2021-11-29 14:09:32 
TT 670 260.5  60.4 298.8  64.8 3.76E-05 005.4 172.1  16.6 0.048664 0.324654 0.168988 hargrave 2021-11-30 10:44:35 
