CB1- 6a mag compass orientation (IGRF corrected)
      0 329.0  94.0 291.7  19.7   1.0
NRM    271.3  54.7 300.6  56.7 9.90E-03 003.0 159.9  25.5 23.72610 12.16594 45.65695 hargrave 2021-09-04 14:47:46 
NRM    274.1  53.4 301.8  54.8 9.84E-03 002.9 157.7  25.5 23.63385 11.39503 43.01132 hargrave 2021-09-05 14:37:15 
TT 200 259.1  49.8 284.4  56.7 8.29E-03 003.0 164.5  33.5 19.08611 9.694461 37.16607 hargrave 2021-09-06 13:17:22 
TT 300 259.7  47.4 282.9  54.5 6.96E-03 002.7 162.9  35.4 17.97241 7.724103 26.13982 hargrave 2021-09-07 11:48:18 
TT 325 255.3  46.2 277.2  54.8 5.23E-03 002.6 165.8  37.8 10.86205 9.798056 18.78595 hargrave 2021-09-08 08:48:04 
TT 350 252.2  45.9 273.6  55.6 4.51E-03 002.7 168.3  38.8 12.11512 2.134031 17.56540 hargrave 2021-09-08 16:00:50 
TT 375 250.6  45.5 271.6  55.8 4.09E-03 005.0 169.5  39.4 15.92151 27.98728 15.15351 hargrave 2021-09-10 08:11:25 
TT 400 246.6  46.1 267.6  57.5 3.78E-03 005.1 173.1  39.5 13.56166 27.53030 14.00813 hargrave 2021-09-13 08:09:26 
TT 425 249.4  45.5 270.3  56.2 3.46E-03 002.4 170.5  39.6 5.811738 7.426834 11.31957 hargrave 2021-09-27 08:47:02 
TT 450 250.6  45.2 271.4  55.6 3.15E-03 002.8 169.4  39.7 5.322650 9.666796 11.03647 hargrave 2021-09-27 18:10:18 
TT 475 246.6  46.0 267.5  57.4 2.80E-03 003.3 173.1  39.6 7.905073 8.827067 11.21251 hargrave 2021-10-14 15:30:44 
TT 500 249.6  44.8 269.9  55.4 2.54E-03 002.5 170.1  40.3 6.297980 2.031858 9.101593 hargrave 2021-10-16 13:25:41 
TT 510 251.7  44.3 271.8  54.3 2.32E-03 002.4 168.1  40.4 2.877411 6.714928 6.865133 hargrave 2021-10-17 16:48:34 
TT 520 250.8  44.7 271.2  55.0 2.16E-03 001.9 169.0  40.1 2.263109 4.252927 5.752820 hargrave 2021-10-18 15:56:27 
TT 530 250.0  44.6 270.2  55.2 2.02E-03 002.0 169.7  40.4 3.407484 0.683740 6.343979 hargrave 2021-10-19 12:46:26 
TT 535 251.6  44.3 271.7  54.4 1.88E-03 002.0 168.2  40.4 3.247711 0.686916 5.689644 hargrave 2021-10-20 11:57:07 
TT 535 251.1  44.4 271.3  54.6 1.88E-03 002.0 168.6  40.4 3.525795 1.129006 5.735019 hargrave 2021-10-20 13:38:56 
TT 540 249.5  45.3 270.2  56.0 1.77E-03 003.1 170.4  39.8 3.377370 6.306750 6.358397 hargrave 2021-10-22 08:58:23 
TT 545 249.0  45.1 269.5  55.9 1.64E-03 002.6 170.8  40.1 4.008503 0.617561 6.234436 hargrave 2021-10-22 18:08:25 
TT 550 251.6  44.6 272.1  54.7 9.65E-04 002.5 168.3  40.1 1.804713 1.633475 3.605921 hargrave 2021-10-24 11:03:26 
TT 555 250.3  45.1 270.9  55.5 8.99E-04 002.2 169.6  39.9 1.768896 0.394832 2.985542 hargrave 2021-10-25 09:09:28 
TT 560 248.7  44.4 268.7  55.4 6.51E-04 002.1 170.8  40.8 1.012110 1.499462 1.544073 hargrave 2021-10-25 18:16:46 
TT 567 248.9  45.6 269.7  56.4 6.27E-04 002.3 171.0  39.6 1.076030 0.936848 2.146663 hargrave 2021-10-26 14:23:22 
TT 575 253.4  44.8 274.0  54.2 4.52E-04 002.7 166.8  39.6 1.029532 1.250126 1.391586 hargrave 2021-10-27 12:16:28 
TT 582 246.1  45.5 266.5  57.2 3.96E-04 002.5 173.5  40.1 0.700397 0.889148 1.355995 hargrave 2021-10-27 18:22:19 
TT 589 248.5  46.5 270.1  57.3 3.48E-04 001.7 171.6  38.8 0.407539 0.352459 0.921873 hargrave 2021-10-28 16:04:22 
TT 610 245.6  45.9 266.2  57.7 2.49E-04 006.3 174.0  39.8 1.147308 2.132067 1.268149 hargrave 2021-11-22 17:10:29 
TT 625 242.9  46.5 263.5  59.1 2.09E-04 003.4 176.5  39.3 0.725207 0.225078 0.993688 hargrave 2021-11-23 13:57:58 
TT 640 248.1  46.6 269.6  57.5 1.96E-04 003.3 172.0  38.8 0.620669 0.094461 0.957222 hargrave 2021-11-24 10:24:38 
