CB1- 8a mag compass orientation (IGRF corrected)
      0 111.0  13.0 291.7  19.7   1.0
NRM    263.9  42.4 283.3  48.7 8.41E-03 000.9 233.9  35.6 9.416054 6.922662 7.028622 hargrave 2021-09-04 14:50:38 
NRM    265.1  41.7 284.0  47.7 8.32E-03 003.6 235.2  35.1 42.47393 29.00783 7.382716 hargrave 2021-09-05 14:40:07 
TT 200 256.5  37.9 272.7  47.0 7.91E-03 003.7 228.6  29.8 37.32224 33.41565 7.606189 hargrave 2021-09-06 13:20:14 
TT 300 260.3  35.9 275.6  44.0 7.20E-03 000.7 232.5  28.6 5.466823 3.020543 6.966295 hargrave 2021-09-07 11:51:13 
TT 325 258.1  35.7 273.2  44.5 5.97E-03 000.8 230.6  28.0 5.776314 2.610646 6.294675 hargrave 2021-09-08 08:50:55 
TT 350 257.3  35.4 272.2  44.5 5.53E-03 001.8 229.9  27.6 12.88073 11.08826 5.065389 hargrave 2021-09-08 16:03:45 
TT 375 255.3  35.5 270.2  45.2 5.22E-03 001.8 228.1  27.4 11.38355 11.19184 4.723892 hargrave 2021-09-10 08:14:24 
TT 400 259.0  34.5 273.5  43.1 4.94E-03 003.7 231.7  27.0 23.17761 20.64714 6.044299 hargrave 2021-09-13 08:11:42 
TT 425 258.1  34.3 272.4  43.2 4.60E-03 001.3 230.8  26.7 7.874416 5.018377 5.052571 hargrave 2021-09-27 08:49:55 
TT 450 255.4  34.5 269.7  44.3 4.38E-03 001.3 228.4  26.4 7.178979 5.913574 4.332766 hargrave 2021-09-27 18:13:10 
TT 475 257.0  34.3 271.3  43.5 4.10E-03 006.5 229.9  26.4 35.93530 29.99549 3.774747 hargrave 2021-10-14 15:33:36 
TT 500 257.2  34.0 271.4  43.2 3.87E-03 000.8 230.2  26.2 3.654776 2.433717 3.367182 hargrave 2021-10-16 13:28:32 
TT 510 253.0  34.5 267.1  44.9 3.70E-03 002.8 226.3  25.9 12.14452 12.65162 4.780244 hargrave 2021-10-17 16:51:25 
TT 520 256.2  34.2 270.4  43.7 3.55E-03 003.3 229.2  26.2 15.54417 12.85320 3.023985 hargrave 2021-10-18 16:00:07 
TT 530 252.5  34.9 266.8  45.5 3.42E-03 001.2 225.7  26.3 5.415494 4.020978 2.921295 hargrave 2021-10-19 12:49:17 
TT 535 255.8  34.3 270.0  43.9 3.30E-03 001.5 228.8  26.2 6.512057 5.315424 2.919832 hargrave 2021-10-20 12:00:01 
TT 535 255.9  34.2 270.0  43.9 3.30E-03 001.6 228.9  26.2 6.732317 5.513352 2.928991 hargrave 2021-10-20 13:41:46 
TT 540 255.8  33.9 269.9  43.6 3.18E-03 003.6 228.9  25.9 14.10761 14.00283 4.028360 hargrave 2021-10-22 09:01:14 
TT 545 254.5  34.4 268.7  44.5 3.01E-03 000.6 227.6  26.1 1.793661 1.270407 2.680698 hargrave 2021-10-22 18:11:17 
TT 550 258.1  33.5 272.0  42.5 2.56E-03 004.3 231.1  25.9 15.31395 11.78949 2.174530 hargrave 2021-10-24 11:06:17 
TT 555 253.9  34.2 268.0  44.5 2.48E-03 001.9 227.1  25.9 6.000761 5.453154 2.233686 hargrave 2021-10-25 09:13:09 
TT 560 255.8  34.0 269.9  43.7 1.97E-03 001.7 228.9  25.9 4.729375 3.436123 1.711123 hargrave 2021-10-25 18:19:37 
TT 567 259.9  33.4 273.9  41.8 1.66E-03 004.4 232.7  26.1 10.19421 7.597830 1.408815 hargrave 2021-10-26 14:26:13 
TT 575 255.6  33.3 269.2  43.1 8.04E-04 002.3 228.8  25.2 2.609541 1.859574 0.750205 hargrave 2021-10-27 12:19:20 
TT 582 255.8  33.1 269.4  42.9 5.46E-04 000.6 229.1  25.1 0.179785 0.262961 0.504505 hargrave 2021-10-27 18:25:09 
TT 589 252.2  32.9 265.4  43.8 4.72E-04 001.2 225.8  24.3 0.736439 0.526635 0.452217 hargrave 2021-10-28 16:07:15 
