CB1- 2a mag compass orientation (IGRF corrected)
      0 317.0  70.0 291.7  19.7   1.0
NRM    282.5  58.6 313.9  56.3 2.81E-03 002.7 148.6  34.7 6.521466 11.50560 2.306990 hargrave 2021-09-04 14:42:01 
NRM    283.8  57.5 313.7  55.0 2.78E-03 004.0 147.0  34.4 10.31926 16.17806 2.162344 hargrave 2021-09-05 14:31:30 
TT 200 272.6  55.2 302.3  56.7 2.41E-03 003.6 147.2  41.0 7.744485 12.77991 1.659573 hargrave 2021-09-06 13:10:48 
TT 300 264.7  51.7 291.7  56.5 2.16E-03 001.3 146.4  46.8 3.123229 3.640373 1.478350 hargrave 2021-09-07 11:42:30 
TT 325 260.2  49.6 285.3  56.3 1.84E-03 002.0 146.3  50.4 3.108915 5.435959 1.048264 hargrave 2021-09-08 08:40:39 
TT 350 258.8  46.2 280.9  53.7 1.53E-03 000.7 142.6  53.1 0.932181 1.405063 0.960536 hargrave 2021-09-08 15:54:09 
TT 375 256.6  44.9 277.6  53.3 1.37E-03 001.7 142.3  55.1 2.412817 3.155247 0.777838 hargrave 2021-09-10 08:05:35 
TT 400 258.4  43.3 278.3  51.3 1.28E-03 001.6 138.7  54.9 1.416400 3.091485 1.024528 hargrave 2021-09-13 08:04:49 
TT 425 255.7  44.3 276.2  53.1 1.20E-03 000.9 142.1  56.0 1.069628 1.593086 0.773040 hargrave 2021-09-27 08:41:15 
TT 450 255.4  44.3 275.8  53.1 1.14E-03 003.3 142.3  56.2 3.920843 5.350465 0.943337 hargrave 2021-09-27 18:03:41 
TT 475 254.7  44.3 275.2  53.4 1.06E-03 001.9 142.9  56.5 2.560754 2.388793 0.679104 hargrave 2021-10-14 15:24:58 
TT 500 254.9  44.4 275.4  53.4 9.76E-04 002.1 142.8  56.4 1.925572 2.987036 0.600646 hargrave 2021-10-16 13:19:55 
TT 510 255.0  44.8 275.8  53.7 9.11E-04 000.7 143.3  56.1 0.738591 0.584338 0.823353 hargrave 2021-10-17 16:42:46 
TT 520 254.3  44.8 275.1  54.0 8.53E-04 001.5 144.0  56.5 0.923622 2.127029 0.531126 hargrave 2021-10-18 15:50:43 
TT 530 254.8  43.9 275.0  53.0 8.08E-04 002.3 142.2  56.7 1.781434 2.767403 0.586792 hargrave 2021-10-19 12:40:41 
TT 535 251.6  47.0 274.0  56.8 7.71E-04 001.4 149.1  56.4 0.740127 1.727790 0.574412 hargrave 2021-10-20 11:50:21 
TT 535 251.6  47.0 274.0  56.8 7.71E-04 001.4 149.2  56.4 0.772494 1.790937 0.579407 hargrave 2021-10-20 13:31:22 
TT 540 256.4  43.2 276.1  51.8 7.30E-04 000.7 139.9  56.2 0.469898 0.313843 0.730362 hargrave 2021-10-22 08:50:47 
TT 545 253.6  44.7 274.3  54.1 6.63E-04 000.9 144.4  56.9 0.520809 0.894279 0.447849 hargrave 2021-10-22 18:02:40 
TT 550 253.3  45.2 274.3  54.7 6.25E-04 000.8 145.3  56.8 0.796648 0.449945 0.413156 hargrave 2021-10-24 10:56:51 
TT 555 252.8  45.4 274.0  55.0 5.96E-04 000.8 146.0  56.9 0.337331 0.801235 0.392937 hargrave 2021-10-25 09:03:42 
TT 560 254.0  44.5 274.6  53.8 5.33E-04 002.1 143.8  56.8 0.895410 1.752815 0.372509 hargrave 2021-10-25 18:11:02 
TT 567 253.9  45.0 274.7  54.3 4.84E-04 002.0 144.5  56.6 0.671793 1.526786 0.306219 hargrave 2021-10-26 14:17:36 
TT 575 252.1  45.8 273.4  55.5 4.03E-04 001.0 147.1  57.0 0.247850 0.706374 0.282475 hargrave 2021-10-27 12:10:43 
TT 582 254.9  44.1 275.1  53.1 3.77E-04 000.7 142.4  56.6 0.235786 0.406737 0.284442 hargrave 2021-10-27 18:16:36 
TT 589 253.7  45.6 275.1  54.9 3.49E-04 002.0 145.5  56.3 0.502969 1.095386 0.253061 hargrave 2021-10-28 15:58:37 
TT 610 250.4  44.9 270.8  55.3 3.26E-04 002.2 147.5  58.5 0.767238 0.939816 0.313155 hargrave 2021-11-22 17:04:12 
TT 625 246.7  42.7 265.0  54.4 2.89E-04 002.4 148.2  61.9 0.722227 0.963298 0.254399 hargrave 2021-11-23 13:51:41 
TT 640 245.7  40.9 262.7  53.1 2.58E-04 003.3 146.8  63.8 0.899289 1.156219 0.263211 hargrave 2021-11-24 10:18:20 
TT 655 244.3  46.8 265.4  58.9 1.90E-04 000.7 156.2  59.7 0.103190 0.178264 0.181698 hargrave 2021-11-25 15:02:37 
TT 660 252.9  48.1 276.3  57.4 1.76E-04 002.6 149.5  55.0 0.409265 0.697399 0.207861 hargrave 2021-11-27 18:11:11 
TT 665 239.9  42.5 256.8  56.2 1.43E-04 002.0 157.1  65.0 0.220638 0.454982 0.143440 hargrave 2021-11-28 18:21:24 
TT 667 252.5  29.4 264.1  40.4 1.29E-04 000.6 117.2  65.0 0.084485 0.125267 0.083536 hargrave 2021-11-29 14:06:36 
TT 670 223.8  43.1 235.7  60.6 7.81E-05 001.7 186.0  66.7 0.071364 0.215251 0.089011 hargrave 2021-11-30 10:41:40 
