CB1- 1a mag compass orientation (IGRF corrected)
      0 348.0  32.0 291.7  19.7   1.0
NRM    265.0  60.7 302.9  63.5 1.86E-03 000.4 129.6  85.5 1.289469 0.480924 0.274492 hargrave 2021-09-04 14:40:28 
NRM    264.5  60.8 302.7  63.7 1.83E-03 000.3 132.7  85.7 0.594529 0.852578 0.194500 hargrave 2021-09-05 14:29:07 
TT 200 257.6  54.8 288.2  61.4 1.61E-03 000.5 355.4  86.8 0.461139 1.173675 0.243555 hargrave 2021-09-06 13:09:14 
TT 300 252.0  48.7 275.9  58.1 1.45E-03 000.3 336.6  80.0 0.560092 0.378738 0.402105 hargrave 2021-09-07 11:40:56 
TT 325 249.2  46.4 270.7  57.0 1.37E-03 000.3 331.4  77.2 0.309608 0.530717 0.676264 hargrave 2021-09-08 08:39:06 
TT 350 248.1  44.5 268.0  55.6 1.25E-03 001.0 331.5  75.2 0.891376 1.998284 0.464655 hargrave 2021-09-08 15:52:35 
TT 375 246.6  42.7 265.0  54.5 1.14E-03 000.4 330.0  73.1 0.246875 0.774363 0.597218 hargrave 2021-09-10 08:04:02 
TT 400 246.1  42.2 264.0  54.1 1.06E-03 001.5 329.6  72.5 0.962794 2.649497 0.495856 hargrave 2021-09-13 08:03:32 
TT 425 245.9  41.0 263.0  53.2 9.80E-04 000.3 330.4  71.4 0.307605 0.436850 0.447172 hargrave 2021-09-27 08:38:51 
TT 450 245.3  41.2 262.4  53.5 9.37E-04 001.9 328.7  71.4 1.614049 2.603891 0.419648 hargrave 2021-09-27 18:02:08 
TT 475 244.6  41.0 261.5  53.5 8.82E-04 001.4 327.6  71.0 1.271711 1.775682 0.317806 hargrave 2021-10-14 15:23:25 
TT 500 245.8  40.5 262.5  52.7 8.17E-04 001.0 330.7  70.8 0.832816 1.103257 0.413189 hargrave 2021-10-16 13:17:32 
TT 510 244.3  41.0 261.1  53.6 7.83E-04 000.3 326.8  70.9 0.184183 0.274231 0.283559 hargrave 2021-10-17 16:41:13 
TT 520 245.0  40.5 261.6  53.0 7.44E-04 000.3 328.9  70.6 0.262540 0.308199 0.278634 hargrave 2021-10-18 15:49:09 
TT 530 246.1  40.4 262.9  52.5 7.11E-04 000.6 331.6  70.8 0.450699 0.552204 0.252907 hargrave 2021-10-19 12:39:07 
TT 535 245.9  40.6 262.8  52.7 6.79E-04 000.5 330.9  70.9 0.370837 0.465976 0.256787 hargrave 2021-10-20 11:48:46 
TT 535 246.1  40.5 262.9  52.6 6.80E-04 000.6 331.3  70.9 0.445104 0.559084 0.266051 hargrave 2021-10-20 13:29:49 
TT 540 244.3  40.9 261.1  53.5 6.48E-04 000.8 327.1  70.8 0.441657 0.725654 0.240601 hargrave 2021-10-22 08:49:13 
TT 545 246.1  40.2 262.7  52.3 6.05E-04 002.0 331.6  70.6 1.062168 1.876694 0.271621 hargrave 2021-10-22 18:01:06 
TT 550 245.7  40.3 262.3  52.5 5.90E-04 001.2 330.8  70.6 0.725023 1.054877 0.250294 hargrave 2021-10-24 10:55:18 
TT 555 246.0  40.3 262.6  52.5 5.66E-04 001.6 331.2  70.7 0.881896 1.268768 0.247969 hargrave 2021-10-25 09:02:08 
TT 560 246.1  40.3 262.8  52.5 5.37E-04 002.2 331.5  70.8 1.083815 1.729340 0.221328 hargrave 2021-10-25 18:09:29 
TT 567 246.8  40.2 263.4  52.1 4.93E-04 001.4 333.1  70.8 0.667350 1.017345 0.200809 hargrave 2021-10-26 14:16:03 
TT 575 244.8  39.9 261.0  52.4 4.26E-04 001.6 329.2  70.0 0.724641 0.911654 0.167741 hargrave 2021-10-27 12:09:10 
TT 582 245.8  40.0 262.3  52.2 3.60E-04 001.7 331.3  70.4 0.643210 0.861883 0.145785 hargrave 2021-10-27 18:14:13 
TT 589 243.0  41.0 259.6  54.0 3.26E-04 001.6 324.1  70.5 0.581178 0.677978 0.131296 hargrave 2021-10-28 15:56:12 
TT 610 245.0  43.1 263.4  55.4 3.07E-04 000.8 325.8  73.1 0.308571 0.311249 0.080469 hargrave 2021-11-22 17:02:43 
TT 625 246.3  36.3 260.6  48.6 2.95E-04 002.1 335.3  66.9 0.535544 0.914412 0.093670 hargrave 2021-11-23 13:50:12 
TT 640 243.9  38.3 259.0  51.2 2.99E-04 002.0 328.9  68.3 0.619075 0.836521 0.110205 hargrave 2021-11-24 10:16:51 
TT 655 240.0  38.9 254.8  52.9 2.12E-04 002.1 320.8  67.7 0.627292 0.461998 0.075374 hargrave 2021-11-25 15:00:20 
TT 660 246.6  42.7 264.9  54.5 1.95E-04 001.1 329.9  73.1 0.322379 0.214988 0.063053 hargrave 2021-11-27 18:09:44 
TT 665 238.5  36.5 251.6  51.0 2.01E-04 001.8 320.6  64.9 0.551844 0.287173 0.092528 hargrave 2021-11-28 18:19:09 
TT 667 249.0  35.8 263.5  47.4 2.14E-04 001.4 341.1  67.0 0.326871 0.423966 0.090000 hargrave 2021-11-29 14:03:00 
TT 670 226.4  48.2 242.8  65.0 1.16E-04 001.2 283.9  68.9 0.214371 0.110774 0.052681 hargrave 2021-11-30 10:38:06 
TT 672 250.4  24.8 259.9  36.6 1.10E-04 001.6 347.5  56.4 0.222067 0.239569 0.056578 hargrave 2021-11-30 15:57:33 
TT 675 216.6  26.8 220.8  45.7 1.08E-04 001.2 299.1  47.5 0.060202 0.225802 0.072723 hargrave 2021-12-01 14:36:32 
TT 680 257.1  20.8 265.4  30.9 8.22E-05 001.5 358.6  52.8 0.110413 0.204880 0.058186 hargrave 2021-12-02 09:40:04 
TT 685 289.9  60.4 321.2  55.5 5.48E-05 002.7 112.0  73.6 0.259640 0.071772 0.054911 hargrave 2021-12-02 19:17:59 
TT 690 014.4  65.5 017.4  45.9 3.25E-05 004.7 149.8  42.4 0.061928 0.290944 0.029316 hargrave 2021-12-03 19:33:13 
