CB1- 3a mag compass orientation (IGRF corrected)
      0 288.0  39.0 291.7  19.7   1.0
NRM    275.0  60.1 310.0  59.8 3.09E-03 002.2 133.4  48.1 10.07298 4.781639 5.008783 hargrave 2021-09-04 14:43:32 
NRM    275.3  59.1 309.0  59.0 3.06E-03 001.7 132.1  47.6 1.440945 6.578124 5.852513 hargrave 2021-09-05 14:33:00 
TT 200 266.1  52.2 293.5  56.5 2.64E-03 004.3 119.4  49.3 18.23210 6.222941 3.990741 hargrave 2021-09-06 13:12:18 
TT 300 261.6  48.1 285.4  54.4 2.35E-03 001.1 111.7  49.9 2.320252 2.470976 3.362677 hargrave 2021-09-07 11:44:02 
TT 325 257.2  45.1 278.4  53.3 1.79E-03 004.4 105.3  51.1 13.46687 0.911310 2.372465 hargrave 2021-09-08 08:42:10 
TT 350 254.0  41.4 272.3  51.0 1.46E-03 003.8 098.3  51.1 9.563253 0.890295 2.011160 hargrave 2021-09-08 15:56:29 
TT 375 252.9  40.8 270.8  50.8 1.34E-03 004.3 096.8  51.4 9.908390 0.907166 1.739981 hargrave 2021-09-10 08:07:09 
TT 400 254.5  41.2 272.8  50.7 1.27E-03 002.5 098.4  50.7 5.075983 1.430938 1.748347 hargrave 2021-09-13 08:06:02 
TT 425 253.3  41.0 271.3  50.9 1.22E-03 002.4 097.3  51.3 4.801553 0.881554 1.410192 hargrave 2021-09-27 08:42:46 
TT 450 253.3  41.8 271.8  51.6 1.16E-03 000.7 098.3  51.8 0.688671 0.880796 1.129062 hargrave 2021-09-27 18:05:12 
TT 475 253.5  41.5 271.8  51.3 1.08E-03 001.1 098.1  51.5 0.790525 1.291560 1.398472 hargrave 2021-10-14 15:26:29 
TT 500 253.4  41.4 271.7  51.2 1.00E-03 001.8 097.9  51.4 2.879422 0.653059 1.104072 hargrave 2021-10-16 13:21:26 
TT 510 254.7  42.6 273.9  51.9 9.40E-04 001.7 100.3  51.3 2.546317 0.471807 1.178128 hargrave 2021-10-17 16:44:18 
TT 520 254.1  42.4 273.2  51.9 8.81E-04 001.3 099.7  51.5 1.854433 0.204645 0.865945 hargrave 2021-10-18 15:52:12 
TT 530 253.2  41.3 271.3  51.2 8.37E-04 001.2 097.6  51.6 1.042294 1.053171 1.076758 hargrave 2021-10-19 12:42:11 
TT 535 255.3  43.7 275.4  52.6 7.89E-04 000.7 102.2  51.5 0.737208 0.239301 0.793858 hargrave 2021-10-20 11:51:55 
TT 535 255.5  44.2 275.9  53.0 7.88E-04 001.0 102.9  51.6 1.269235 0.144759 0.716490 hargrave 2021-10-20 13:32:51 
TT 540 253.6  41.3 271.8  51.1 7.51E-04 001.2 097.9  51.3 1.080778 0.771157 0.970456 hargrave 2021-10-22 08:52:18 
TT 545 254.1  41.9 272.7  51.4 6.96E-04 001.9 098.9  51.3 2.062501 0.529379 0.872129 hargrave 2021-10-22 18:04:10 
TT 550 252.9  40.3 270.5  50.4 6.09E-04 002.1 096.1  51.1 1.993927 0.534553 0.792026 hargrave 2021-10-24 10:58:22 
TT 555 253.1  41.0 271.0  50.9 5.50E-04 001.1 097.1  51.4 0.336136 0.748735 0.679344 hargrave 2021-10-25 09:05:13 
TT 560 253.5  42.3 272.4  52.0 4.90E-04 003.9 099.2  51.9 3.303112 0.356958 0.479995 hargrave 2021-10-25 18:12:33 
TT 567 253.3  40.7 271.0  50.6 4.67E-04 000.9 096.8  51.1 0.337052 0.441122 0.568129 hargrave 2021-10-26 14:19:07 
TT 575 252.7  43.2 272.2  53.1 4.12E-04 001.6 099.9  52.8 1.045019 0.096911 0.454377 hargrave 2021-10-27 12:12:13 
TT 582 253.8  43.3 273.4  52.8 3.93E-04 002.0 100.7  52.3 1.299662 0.028568 0.409299 hargrave 2021-10-27 18:18:05 
TT 589 254.9  41.6 273.4  50.9 3.76E-04 002.0 099.1  50.6 1.258412 0.067738 0.443089 hargrave 2021-10-28 16:00:07 
TT 610 250.2  43.9 269.9  54.4 3.44E-04 003.7 099.2  54.7 2.203004 0.286166 0.276718 hargrave 2021-11-22 17:05:42 
TT 625 250.1  42.6 268.8  53.3 3.11E-04 001.9 097.3  54.1 0.836037 0.779427 0.324723 hargrave 2021-11-23 13:53:12 
TT 640 248.1  42.2 266.3  53.6 2.74E-04 004.4 095.4  55.2 2.111639 0.251219 0.187405 hargrave 2021-11-24 10:19:52 
TT 655 248.8  45.4 269.5  56.2 1.94E-04 001.5 100.7  56.3 0.497897 0.050929 0.144542 hargrave 2021-11-25 15:04:08 
TT 660 252.4  43.5 272.0  53.4 1.85E-04 001.3 100.1  53.2 0.388842 0.075171 0.179702 hargrave 2021-11-27 18:12:43 
TT 665 251.2  47.9 274.2  57.7 1.60E-04 001.6 106.0  56.0 0.417501 0.208419 0.163718 hargrave 2021-11-28 18:22:54 
TT 667 257.6  48.3 281.5  56.0 1.58E-04 002.1 110.0  52.4 0.535603 0.215449 0.163003 hargrave 2021-11-29 14:08:05 
TT 670 222.9  36.8 231.7  54.6 4.61E-05 002.6 060.8  67.3 0.215473 0.041982 0.021382 hargrave 2021-11-30 10:43:09 
