CB10- 1a mag compass orientation (IGRF corrected)
      0 289.0  17.0 274.8  10.4   1.0
NRM    273.4  69.3 299.2  67.1 1.26E-02 000.9 118.2  67.2 18.48916 3.588714 5.672058 hargrave 2021-10-29 11:08:33 
TT 100 267.5  63.2 288.0  62.6 9.94E-03 001.5 103.8  64.4 24.74171 3.945679 3.778814 hargrave 2021-10-29 18:39:45 
TT 200 257.3  49.6 269.8  51.7 6.41E-03 003.2 079.4  55.9 35.40361 6.444462 2.910927 hargrave 2021-10-30 15:26:07 
TT 300 255.4  40.6 264.4  43.2 5.22E-03 003.4 071.5  48.1 29.27634 10.71438 3.496905 hargrave 2021-11-01 09:29:11 
TT 325 253.3  36.8 261.2  40.0 4.82E-03 003.0 067.4  45.2 23.48969 8.888786 2.855804 hargrave 2021-11-01 15:10:38 
TT 350 255.1  36.1 262.8  38.9 4.56E-03 000.9 068.9  44.0 6.390134 1.507518 2.672930 hargrave 2021-11-02 11:00:05 
TT 375 252.9  33.7 259.9  37.0 4.23E-03 001.1 065.5  42.4 7.748276 2.265300 3.052279 hargrave 2021-11-02 16:23:40 
TT 400 254.3  33.9 261.4  37.0 4.01E-03 001.3 067.1  42.2 8.681140 2.401633 2.573163 hargrave 2021-11-03 11:35:51 
TT 420 252.0  31.8 258.5  35.3 3.74E-03 001.7 063.7  40.8 10.01369 3.573498 2.743580 hargrave 2021-11-04 12:47:33 
TT 440 254.1  31.6 260.6  34.7 3.53E-03 001.0 065.9  40.1 5.013816 2.536785 2.814178 hargrave 2021-11-05 08:27:54 
TT 460 250.6  31.0 256.9  34.8 3.31E-03 003.7 061.9  40.4 19.37033 9.159617 2.493755 hargrave 2021-11-05 19:32:53 
TT 480 252.3  31.1 258.6  34.6 3.08E-03 002.9 063.8  40.1 14.48818 5.706962 2.250537 hargrave 2021-11-06 14:56:43 
TT 500 249.8  30.2 255.9  34.1 2.81E-03 002.0 060.7  39.8 8.858913 3.823462 2.158518 hargrave 2021-11-07 13:03:18 
TT 520 251.6  30.9 257.9  34.5 2.51E-03 001.7 062.9  40.1 6.878412 2.737862 1.695486 hargrave 2021-11-08 10:54:28 
TT 530 251.5  29.9 257.5  33.6 2.26E-03 002.2 062.4  39.2 8.138436 3.334014 1.448168 hargrave 2021-11-09 11:11:44 
TT 540 252.5  29.6 258.5  33.0 2.02E-03 002.2 063.4  38.5 6.966582 3.048694 1.358890 hargrave 2021-11-09 20:21:07 
TT 550 253.5  28.7 259.3  32.0 1.65E-03 001.5 064.1  37.4 3.966737 1.094596 1.241274 hargrave 2021-11-10 14:18:51 
TT 555 255.4  29.3 261.4  32.3 1.55E-03 002.8 066.3  37.5 6.791183 3.481175 1.081911 hargrave 2021-11-11 09:04:38 
TT 560 250.4  28.4 256.1  32.2 1.40E-03 000.7 060.7  38.0 1.114750 1.013738 1.118205 hargrave 2021-11-12 09:07:07 
TT 565 250.0  28.2 255.7  32.1 1.15E-03 001.0 060.2  37.9 1.471275 1.160147 0.800593 hargrave 2021-11-12 16:55:39 
TT 570 252.3  28.0 257.9  31.5 1.11E-03 001.5 062.6  37.1 2.858163 0.519437 0.763280 hargrave 2021-11-13 13:30:46 
TT 576 252.9  28.7 258.7  32.1 9.89E-04 000.9 063.4  37.6 1.289574 0.784665 0.656346 hargrave 2021-11-14 14:42:53 
TT 581 256.2  29.3 262.2  32.1 8.35E-04 001.2 067.1  37.3 1.612585 0.589546 0.618835 hargrave 2021-11-16 09:47:48 
TT 586 248.4  25.6 253.4  29.8 7.26E-04 000.4 057.5  35.8 0.356306 0.341762 0.530290 hargrave 2021-11-17 09:57:56 
TT 589 256.1  29.1 262.0  31.9 5.80E-04 002.3 067.0  37.2 1.869508 1.328110 0.398814 hargrave 2021-11-17 16:35:01 
TT 600 249.9  19.7 253.8  23.8 1.77E-04 000.8 057.3  29.8 0.173467 0.448063 0.138045 hargrave 2021-11-18 16:14:18 
