CB10- 7a mag compass orientation (IGRF corrected)
      0  30.0  16.0 274.8  10.4   1.0
NRM    307.1  60.3 319.7  53.8 9.94E-03 000.8 014.7  76.1 10.05425 9.540663 3.861667 hargrave 2021-10-29 11:22:23 
TT 100 302.0  58.4 314.7  52.6 8.97E-03 000.6 003.8  74.4 7.040382 4.380086 4.297074 hargrave 2021-10-29 18:51:56 
TT 200 282.4  48.3 293.3  45.9 5.96E-03 001.5 333.5  63.2 3.144282 14.60603 4.563566 hargrave 2021-10-30 15:38:15 
TT 300 275.3  43.0 284.8  42.1 4.66E-03 001.6 325.8  57.0 4.546703 11.22628 4.400001 hargrave 2021-11-01 09:38:39 
TT 325 273.3  40.9 282.2  40.3 4.01E-03 000.5 324.0  54.6 1.615529 2.209702 2.505818 hargrave 2021-11-01 15:20:15 
TT 350 274.9  40.2 283.5  39.4 3.68E-03 002.7 326.3  54.2 7.901353 15.33941 3.052700 hargrave 2021-11-02 11:10:29 
TT 375 274.9  39.0 283.3  38.2 3.32E-03 000.9 326.8  53.0 1.101523 4.128490 3.083472 hargrave 2021-11-02 16:34:01 
TT 400 274.8  39.1 283.1  38.3 3.25E-03 000.6 326.6  53.1 2.365625 1.189234 2.536444 hargrave 2021-11-03 11:47:12 
TT 420 273.5  39.0 281.9  38.4 2.84E-03 001.3 325.0  52.8 2.467871 5.448307 2.585664 hargrave 2021-11-04 12:57:09 
TT 440 275.2  38.5 283.3  37.7 2.60E-03 000.6 327.3  52.6 0.697236 1.597082 2.695786 hargrave 2021-11-05 08:38:09 
TT 460 274.9  38.2 283.0  37.4 2.39E-03 001.3 327.1  52.2 1.758835 4.511280 2.329170 hargrave 2021-11-05 19:42:55 
TT 480 272.4  37.8 280.5  37.5 2.16E-03 000.7 324.1  51.4 1.903172 1.037877 1.918735 hargrave 2021-11-06 15:06:16 
TT 500 269.3  38.2 277.6  38.4 1.90E-03 002.4 320.1  51.3 4.436199 6.374186 1.645218 hargrave 2021-11-07 13:14:18 
TT 520 271.0  39.1 279.5  39.0 1.56E-03 000.7 321.8  52.5 0.705748 1.502703 1.027784 hargrave 2021-11-08 11:05:53 
TT 530 272.8  37.3 280.7  37.0 1.21E-03 001.3 324.6  51.0 1.576380 2.115350 0.829390 hargrave 2021-11-09 11:23:07 
TT 540 270.0  36.5 277.8  36.7 9.46E-04 001.9 321.5  49.8 2.098188 2.369832 0.552661 hargrave 2021-11-09 20:32:28 
TT 550 273.7  35.8 281.2  35.3 6.36E-04 001.3 326.3  49.7 0.908194 1.048360 0.564928 hargrave 2021-11-10 14:30:19 
TT 555 270.8  35.4 278.3  35.5 5.51E-04 002.8 322.9  48.9 1.768133 2.030420 0.312534 hargrave 2021-11-11 09:16:00 
TT 560 278.5  35.8 285.7  34.5 4.61E-04 001.3 332.2  50.4 0.729660 0.758320 0.360803 hargrave 2021-11-12 09:19:19 
TT 565 276.4  36.5 284.0  35.5 4.11E-04 000.6 329.4  50.8 0.089636 0.432665 0.238024 hargrave 2021-11-12 17:07:18 
TT 570 280.4  38.0 288.2  36.3 3.51E-04 003.4 334.1  52.8 1.096651 1.756233 0.235393 hargrave 2021-11-13 13:42:12 
TT 576 269.7  35.0 277.0  35.2 3.02E-04 000.5 321.6  48.2 0.184895 0.172621 0.158770 hargrave 2021-11-14 14:54:16 
TT 581 277.6  31.9 284.0  30.9 2.46E-04 001.6 332.0  46.5 0.540306 0.499223 0.182753 hargrave 2021-11-16 09:59:20 
TT 586 281.8  39.5 290.0  37.5 2.17E-04 000.7 335.5  54.5 0.187372 0.141499 0.119383 hargrave 2021-11-17 10:09:25 
TT 589 274.1  41.1 283.1  40.4 2.16E-04 000.5 325.1  55.0 0.165578 0.156395 0.110196 hargrave 2021-11-17 16:46:29 
TT 600 276.5  28.9 282.2  28.1 1.87E-04 000.6 331.4  43.3 0.158237 0.134513 0.109276 hargrave 2021-11-18 16:25:45 
