CB10- 6a mag compass orientation (IGRF corrected)
      0 144.0  60.0 274.8  10.4   1.0
NRM    322.7  58.4 331.5  50.1 1.29E-02 001.3 215.2  24.5 17.57519 20.71345 14.20493 hargrave 2021-10-29 11:20:55 
TT 100 316.7  58.7 326.8  51.1 1.15E-02 001.9 213.6  21.7 17.70965 31.67873 12.63582 hargrave 2021-10-29 18:49:40 
TT 200 294.3  54.0 306.3  49.5 7.46E-03 002.9 211.1  08.8 17.89802 31.90554 9.469589 hargrave 2021-10-30 15:36:47 
TT 300 281.8  52.8 294.7  50.4 5.85E-03 004.2 206.6  02.7 18.97319 37.66056 9.781237 hargrave 2021-11-01 09:37:30 
TT 325 282.0  49.5 293.5  47.1 4.99E-03 004.9 208.9  00.2 20.31600 37.55412 6.267011 hargrave 2021-11-01 15:19:05 
TT 350 280.4  49.3 291.9  47.3 4.60E-03 006.9 208.1 -00.6 25.83146 48.72105 6.507259 hargrave 2021-11-02 11:08:33 
TT 375 282.6  46.9 293.0  44.5 4.16E-03 001.1 210.8 -01.5 2.343082 5.379355 5.821154 hargrave 2021-11-02 16:32:48 
TT 400 283.3  46.5 293.5  44.0 4.08E-03 003.9 211.5 -01.5 14.02248 23.28856 5.781443 hargrave 2021-11-03 11:45:59 
TT 420 279.7  47.6 290.5  45.7 3.73E-03 005.2 208.9 -02.3 15.86523 29.22323 5.440023 hargrave 2021-11-04 12:55:56 
TT 440 278.9  47.5 289.8  45.7 3.53E-03 002.8 208.6 -02.6 8.066731 13.74986 6.165783 hargrave 2021-11-05 08:36:17 
TT 460 278.1  47.8 289.1  46.2 3.35E-03 004.0 207.9 -02.7 10.89878 20.32913 5.281115 hargrave 2021-11-05 19:41:42 
TT 480 275.1  47.8 286.3  46.7 3.06E-03 006.0 206.3 -03.9 13.96534 28.78995 4.629802 hargrave 2021-11-06 15:05:06 
TT 500 277.0  46.8 287.8  45.4 2.78E-03 005.5 207.9 -04.0 12.44381 23.33851 4.081187 hargrave 2021-11-07 13:12:24 
TT 520 278.4  47.4 289.3  45.7 2.44E-03 001.8 208.3 -02.9 3.413652 6.105318 3.407032 hargrave 2021-11-08 11:04:26 
TT 530 277.8  45.7 288.1  44.2 1.96E-03 002.2 209.0 -04.5 3.364927 6.314574 2.392146 hargrave 2021-11-09 11:21:40 
TT 540 276.1  43.7 285.8  42.6 1.67E-03 004.7 209.2 -06.9 6.874145 11.69837 2.395379 hargrave 2021-11-09 20:31:01 
TT 550 273.1  43.7 282.9  43.1 9.28E-04 003.6 207.4 -08.1 2.731095 5.112617 1.131769 hargrave 2021-11-10 14:28:52 
TT 555 273.9  44.3 283.9  43.5 8.08E-04 004.2 207.6 -07.3 3.656385 4.682905 1.268892 hargrave 2021-11-11 09:14:32 
TT 560 273.3  42.7 282.8  42.1 5.16E-04 005.4 208.1 -08.9 2.371084 4.126605 0.986886 hargrave 2021-11-12 09:17:52 
TT 565 270.6  40.9 279.6  40.8 4.91E-04 003.8 207.4 -11.5 1.509547 2.858343 0.732579 hargrave 2021-11-12 17:05:49 
TT 570 271.3  46.0 282.0  45.6 3.66E-04 003.5 205.1 -06.8 0.831437 2.040996 0.469036 hargrave 2021-11-13 13:40:44 
TT 576 277.8  40.1 286.3  38.8 3.79E-04 001.5 212.4 -09.0 0.531359 0.329147 0.813975 hargrave 2021-11-14 14:52:49 
TT 581 280.4  39.1 288.5  37.4 2.38E-04 000.9 214.6 -08.5 0.355034 0.367775 0.304137 hargrave 2021-11-16 09:57:52 
TT 586 268.2  48.7 280.1  48.8 2.58E-04 006.7 201.9 -05.6 1.414634 2.647027 0.577744 hargrave 2021-11-17 10:07:57 
TT 589 273.7  47.5 284.9  46.7 2.84E-04 002.5 205.6 -04.7 0.463312 1.101124 0.365669 hargrave 2021-11-17 16:45:01 
TT 600 268.6  41.5 277.9  41.7 1.94E-04 004.3 205.8 -11.7 0.601755 1.307638 0.337128 hargrave 2021-11-18 16:24:17 
