CB10- 5a mag compass orientation (IGRF corrected)
      0 245.0  55.0 274.8  10.4   1.0
NRM    326.7  61.1 335.5  52.4 1.14E-02 000.9 176.0  06.3 2.319576 4.115202 17.62579 hargrave 2021-10-29 11:18:35 
TT 100 319.3  59.5 329.2  51.6 9.87E-03 002.0 172.1  05.4 5.609766 30.51348 15.68344 hargrave 2021-10-29 18:48:10 
TT 200 298.7  54.5 310.3  49.3 6.25E-03 005.4 159.8  04.8 20.32729 55.26864 9.395660 hargrave 2021-10-30 15:35:20 
TT 300 284.0  48.0 294.7  45.4 5.05E-03 004.9 148.6  04.7 22.09556 36.90295 7.181547 hargrave 2021-11-01 09:36:17 
TT 325 280.3  46.1 290.6  44.2 4.47E-03 004.4 145.4  04.9 18.85125 28.64316 5.989104 hargrave 2021-11-01 15:17:51 
TT 350 278.0  44.8 288.0  43.4 4.21E-03 004.5 143.3  05.1 18.77586 26.59246 5.657564 hargrave 2021-11-02 11:07:17 
TT 375 277.6  44.5 287.5  43.1 3.84E-03 001.6 142.9  05.0 5.331793 8.026773 4.705701 hargrave 2021-11-02 16:31:33 
TT 400 277.0  43.8 286.8  42.5 3.75E-03 001.2 142.1  04.8 4.735153 5.098868 4.465602 hargrave 2021-11-03 11:44:42 
TT 420 278.7  43.9 288.3  42.3 3.45E-03 005.6 143.0  04.0 19.63747 27.23635 4.867806 hargrave 2021-11-04 12:54:40 
TT 440 273.4  41.1 282.4  40.6 3.31E-03 004.2 138.3  04.8 15.68723 17.99444 5.212060 hargrave 2021-11-05 08:35:04 
TT 460 276.0  43.5 285.7  42.4 3.14E-03 000.9 141.4  05.1 1.633929 2.029186 4.359849 hargrave 2021-11-05 19:39:46 
TT 480 273.0  40.8 281.9  40.3 2.91E-03 005.6 137.8  04.8 18.54013 21.56077 3.814559 hargrave 2021-11-06 15:03:53 
TT 500 274.4  42.5 283.8  41.8 2.63E-03 003.3 139.9  05.3 9.124249 11.52718 3.502816 hargrave 2021-11-07 13:11:11 
TT 520 274.7  44.9 284.9  43.9 2.27E-03 003.4 141.7  06.7 7.698574 10.83904 2.919730 hargrave 2021-11-08 11:02:55 
TT 530 271.7  41.1 280.7  40.8 1.82E-03 003.0 137.4  05.7 5.741460 7.332017 1.963909 hargrave 2021-11-09 11:20:10 
TT 540 272.8  41.3 281.9  40.8 1.46E-03 003.0 138.2  05.2 4.288369 6.094077 1.790175 hargrave 2021-11-09 20:29:31 
TT 550 268.0  34.5 275.2  35.0 7.89E-04 003.3 130.5  03.5 2.736564 3.673122 0.728729 hargrave 2021-11-10 14:27:21 
TT 555 270.6  40.8 279.6  40.8 6.25E-04 002.0 136.7  06.2 0.897105 1.949048 0.922636 hargrave 2021-11-11 09:13:03 
TT 560 259.6  32.3 266.4  34.4 4.51E-04 003.0 124.4  07.6 1.420597 1.988761 0.623024 hargrave 2021-11-12 09:16:21 
TT 565 268.6  35.3 276.0  35.8 4.16E-04 003.0 131.4  03.7 0.976581 2.096193 0.582798 hargrave 2021-11-12 17:04:17 
TT 570 256.3  31.3 262.8  34.1 3.08E-04 004.0 121.9  09.2 1.323483 1.959113 0.313651 hargrave 2021-11-13 13:39:14 
TT 576 271.8  41.5 281.0  41.2 2.79E-04 001.3 137.7  05.9 0.373579 0.656996 0.638882 hargrave 2021-11-14 14:51:18 
TT 581 256.2  30.8 262.5  33.6 2.14E-04 002.4 121.5  09.1 0.496287 0.881770 0.230463 hargrave 2021-11-16 09:56:21 
TT 586 258.5  21.5 262.8  24.0 2.21E-04 001.8 115.1  01.8 0.437272 0.504827 0.384862 hargrave 2021-11-17 10:06:26 
TT 589 269.4  42.6 279.0  42.7 2.34E-04 005.0 137.3  08.0 0.973011 1.868787 0.250235 hargrave 2021-11-17 16:43:31 
TT 600 265.9  24.2 270.7  25.4 1.51E-04 001.3 121.5 -01.8 0.226712 0.552634 0.288832 hargrave 2021-11-18 16:22:46 
