CB10- 3a mag compass orientation (IGRF corrected)
      0 169.0  31.0 274.8  10.4   1.0
NRM    061.3  52.8 051.7  46.3 1.42E-02 001.1 294.4  78.4 24.50361 9.585479 1.980801 hargrave 2021-10-29 11:12:23 
TT 100 057.2  52.3 048.3  45.3 1.22E-02 000.6 289.0  76.1 9.272616 7.090450 2.280431 hargrave 2021-10-29 18:42:44 
TT 200 035.8  49.9 030.8  40.7 6.73E-03 000.5 271.1  63.8 3.030098 4.382193 2.568140 hargrave 2021-10-30 15:29:26 
TT 300 019.0  44.4 017.0  34.3 4.96E-03 000.9 264.9  51.6 6.927097 3.706041 2.501236 hargrave 2021-11-01 09:31:43 
TT 325 013.2  41.5 012.1  31.2 4.29E-03 001.9 263.4  46.6 13.06591 4.506437 3.280907 hargrave 2021-11-01 15:13:11 
TT 350 013.0  38.5 012.0  28.2 4.00E-03 002.6 266.2  44.2 17.51521 3.382140 2.892338 hargrave 2021-11-02 11:02:32 
TT 375 006.8  39.1 006.6  28.7 3.63E-03 001.5 260.7  41.5 8.955388 1.707565 2.845007 hargrave 2021-11-02 16:26:55 
TT 400 006.6  38.8 006.4  28.4 3.54E-03 003.1 260.8  41.2 18.78389 1.437157 2.986927 hargrave 2021-11-03 11:39:10 
TT 420 005.6  36.7 005.6  26.3 3.24E-03 001.1 261.8  39.1 4.713015 3.167807 2.814531 hargrave 2021-11-04 12:50:02 
TT 440 006.8  34.6 006.6  24.2 3.13E-03 000.6 264.4  38.1 1.792316 1.372838 2.549236 hargrave 2021-11-05 08:30:26 
TT 460 006.9  33.8 006.7  23.4 2.99E-03 001.3 265.1  37.5 5.899176 2.231788 2.690312 hargrave 2021-11-05 19:35:18 
TT 480 006.1  33.5 006.0  23.1 2.83E-03 000.9 264.7  36.8 3.284705 2.078954 2.700807 hargrave 2021-11-06 14:59:11 
TT 500 004.4  33.7 004.5  23.3 2.62E-03 001.7 263.1  36.1 7.371248 0.844774 2.320280 hargrave 2021-11-07 13:06:31 
TT 520 003.1  34.5 003.3  24.1 2.37E-03 002.2 261.5  36.1 8.360967 2.637533 2.407608 hargrave 2021-11-08 10:57:29 
TT 530 003.3  33.5 003.5  23.1 2.05E-03 002.6 262.4  35.4 8.723241 2.651367 1.831026 hargrave 2021-11-09 11:14:44 
TT 540 004.6  32.4 004.6  22.0 1.80E-03 001.0 264.3  35.1 1.896063 1.706854 1.718506 hargrave 2021-11-09 20:24:06 
TT 550 003.7  32.2 003.8  21.8 1.34E-03 001.9 263.7  34.6 3.933399 2.036685 0.982945 hargrave 2021-11-10 14:21:52 
TT 555 005.2  30.8 005.2  20.4 1.19E-03 003.9 265.9  34.2 8.034504 1.105089 0.808782 hargrave 2021-11-11 09:07:38 
TT 560 001.3  33.5 001.6  23.1 1.02E-03 002.1 260.8  34.3 3.428535 1.271785 0.740530 hargrave 2021-11-12 09:10:56 
TT 565 004.1  31.8 004.2  21.4 8.35E-04 001.3 264.3  34.5 1.020111 1.556273 0.801290 hargrave 2021-11-12 16:58:43 
TT 570 004.5  33.6 004.5  23.2 7.01E-04 002.4 263.3  36.0 2.394507 2.005360 0.650524 hargrave 2021-11-13 13:33:48 
TT 576 356.8  34.0 357.5  23.7 6.19E-04 003.0 256.8  32.5 2.799470 1.422944 0.843772 hargrave 2021-11-14 14:45:54 
TT 581 005.1  29.8 005.1  19.4 4.70E-04 000.9 266.6  33.4 0.626855 0.441608 0.310490 hargrave 2021-11-16 09:50:51 
TT 586 011.0  29.2 010.5  18.9 3.62E-04 001.9 272.1  35.9 1.111588 0.462675 0.320507 hargrave 2021-11-17 10:00:59 
TT 589 003.3  34.4 003.4  24.0 3.70E-04 001.5 261.7  36.1 0.147488 1.303913 0.292935 hargrave 2021-11-17 16:38:03 
TT 600 017.3  22.3 016.7  12.2 2.01E-04 002.4 282.5  33.5 0.168964 1.169395 0.229691 hargrave 2021-11-18 16:17:20 
