CB10- 4a mag compass orientation (IGRF corrected)
      0 273.0  39.0 274.8  10.4   1.0
NRM    332.6  54.9 338.7  45.8 1.30E-02 000.8 162.1  18.9 4.866963 10.59988 13.51321 hargrave 2021-10-29 11:14:11 
TT 100 326.6  54.5 333.7  45.9 1.15E-02 001.8 158.5  19.8 14.65050 31.87038 12.32974 hargrave 2021-10-29 18:44:32 
TT 200 307.0  52.8 316.8  46.5 6.32E-03 003.6 146.7  23.9 20.55402 33.52584 4.780369 hargrave 2021-10-30 15:30:59 
TT 300 288.3  44.3 297.5  41.1 4.87E-03 001.3 130.4  25.1 8.464328 5.006665 4.661524 hargrave 2021-11-01 09:33:13 
TT 325 286.3  44.4 295.6  41.5 4.27E-03 001.8 129.2  26.1 9.831234 8.999332 3.567118 hargrave 2021-11-01 15:14:44 
TT 350 282.5  42.1 291.3  39.9 3.95E-03 001.9 125.2  26.4 10.25291 7.564250 3.695758 hargrave 2021-11-02 11:04:06 
TT 375 278.7  38.9 286.8  37.4 3.61E-03 000.6 120.4  26.1 2.775625 0.795716 2.831113 hargrave 2021-11-02 16:28:27 
TT 400 278.9  39.6 287.3  38.1 3.47E-03 003.8 121.1  26.4 19.72141 12.06637 3.295399 hargrave 2021-11-03 11:40:44 
TT 420 276.4  38.0 284.4  36.9 3.16E-03 003.1 118.3  26.6 14.65079 8.212138 2.779907 hargrave 2021-11-04 12:51:33 
TT 440 277.1  39.3 285.5  38.1 3.03E-03 001.3 119.8  27.2 5.568749 2.107745 3.245641 hargrave 2021-11-05 08:31:57 
TT 460 272.3  35.1 279.6  34.9 2.87E-03 001.6 113.4  26.9 6.765297 2.968015 2.843555 hargrave 2021-11-05 19:36:47 
TT 480 275.5  38.1 283.5  37.2 2.71E-03 000.6 117.8  27.2 1.650867 1.008602 2.731244 hargrave 2021-11-06 15:00:45 
TT 500 275.2  37.9 283.2  37.1 2.49E-03 001.7 117.5  27.3 6.279821 3.700821 2.360354 hargrave 2021-11-07 13:08:05 
TT 520 274.7  38.0 282.7  37.3 2.23E-03 001.4 117.2  27.7 4.525568 2.836184 2.120709 hargrave 2021-11-08 10:59:17 
TT 530 274.5  36.1 282.0  35.4 1.82E-03 000.9 115.6  26.4 2.055893 2.108443 1.608372 hargrave 2021-11-09 11:16:32 
TT 540 272.0  36.0 279.6  35.9 1.40E-03 001.8 114.0  27.8 3.609480 2.700249 1.641247 hargrave 2021-11-09 20:25:54 
TT 550 272.7  33.6 279.6  33.4 9.45E-04 002.7 112.5  25.7 3.418865 3.118087 0.741729 hargrave 2021-11-10 14:23:40 
TT 555 273.2  35.3 280.5  34.9 7.70E-04 000.6 114.1  26.5 0.454569 1.073720 1.041539 hargrave 2021-11-11 09:09:26 
TT 560 267.5  30.1 273.6  30.8 6.78E-04 000.7 106.2  26.2 0.405874 1.727232 0.858230 hargrave 2021-11-12 09:12:44 
TT 565 273.3  32.1 279.8  31.8 5.78E-04 001.2 111.8  24.2 1.707619 1.428250 0.786051 hargrave 2021-11-12 17:00:32 
TT 570 264.7  30.4 270.9  31.6 4.35E-04 001.1 104.5  28.1 0.928827 1.971697 0.503607 hargrave 2021-11-13 13:35:35 
TT 576 268.8  39.7 277.5  40.0 3.28E-04 002.5 115.1  32.2 2.036237 1.063455 1.153366 hargrave 2021-11-14 14:47:41 
TT 581 260.2  26.9 265.6  29.0 2.82E-04 002.6 098.5  28.4 1.404583 1.001068 0.419332 hargrave 2021-11-16 09:52:39 
TT 586 268.4  23.3 272.9  24.0 2.69E-04 001.3 101.8  20.7 0.311060 1.239753 0.845520 hargrave 2021-11-17 10:02:47 
TT 589 276.0  42.5 285.3  41.4 2.39E-04 003.8 121.7  30.1 0.321851 2.327221 0.361735 hargrave 2021-11-17 16:39:52 
TT 600 267.7  18.6 271.3  19.5 1.89E-04 003.6 098.0  17.6 0.903941 2.001036 0.584289 hargrave 2021-11-18 16:19:07 
