CB10- 8a mag compass orientation (IGRF corrected)
      0 109.0  65.0 274.8  10.4   1.0
NRM    300.6  64.5 316.6  58.6 9.40E-03 001.1 208.4  27.4 1.825012 11.10065 13.93314 hargrave 2021-10-29 11:23:49 
TT 100 293.6  62.4 309.8  57.6 8.23E-03 000.9 210.4  24.1 3.218325 3.985024 12.55776 hargrave 2021-10-29 18:53:23 
TT 200 277.7  49.9 289.6  48.3 5.35E-03 001.3 220.2  12.0 5.671569 8.609363 6.666264 hargrave 2021-10-30 15:39:45 
TT 300 271.4  44.3 281.6  44.0 4.12E-03 001.3 223.3  05.7 5.382316 5.156375 5.425668 hargrave 2021-11-01 09:39:52 
TT 325 267.1  44.8 277.6  45.3 3.50E-03 001.5 221.2  03.4 4.743916 5.878746 4.865008 hargrave 2021-11-01 15:22:09 
TT 350 268.7  41.9 278.2  42.2 3.18E-03 001.9 224.3  02.8 6.142315 6.564787 5.054656 hargrave 2021-11-02 11:11:39 
TT 375 268.1  41.2 277.3  41.6 2.78E-03 005.1 224.7  02.1 16.59348 17.71784 4.318942 hargrave 2021-11-02 16:35:12 
TT 400 270.3  39.2 278.9  39.2 2.67E-03 003.6 227.3  02.4 11.91339 11.28062 4.088756 hargrave 2021-11-03 11:48:22 
TT 420 267.7  41.0 276.8  41.4 2.35E-03 002.9 224.7  01.6 7.900612 8.193752 3.819295 hargrave 2021-11-04 12:58:19 
TT 440 266.1  41.8 275.6  42.5 2.17E-03 002.3 223.4  01.1 5.356764 5.754757 3.690923 hargrave 2021-11-05 08:39:18 
TT 460 266.7  40.2 275.6  40.9 1.98E-03 003.2 225.0  00.6 7.321060 7.519534 3.343384 hargrave 2021-11-05 19:44:03 
TT 480 268.0  38.5 276.3  39.0 1.78E-03 003.6 226.9  00.5 7.881630 7.593498 2.858856 hargrave 2021-11-06 15:07:26 
TT 500 266.9  39.7 275.7  40.4 1.55E-03 002.1 225.5  00.5 3.663941 3.563037 2.532914 hargrave 2021-11-07 13:15:27 
TT 520 268.1  38.0 276.3  38.5 1.24E-03 003.4 227.4  00.3 5.167313 4.833329 1.743980 hargrave 2021-11-08 11:07:21 
TT 530 264.7  40.1 273.6  41.1 9.13E-04 001.1 224.2 -00.7 0.896155 0.999109 1.125306 hargrave 2021-11-09 11:24:34 
TT 540 265.4  39.0 273.9  40.0 7.16E-04 003.0 225.4 -00.9 2.542753 2.540681 1.097289 hargrave 2021-11-09 20:33:55 
TT 550 265.0  38.9 273.5  39.9 4.88E-04 007.1 225.4 -01.2 4.086831 4.457162 0.430980 hargrave 2021-11-10 14:31:45 
TT 555 266.0  35.7 273.6  36.7 4.62E-04 004.2 228.4 -02.3 2.712888 1.923087 0.648164 hargrave 2021-11-11 09:17:27 
TT 560 266.1  40.3 275.1  41.1 3.38E-04 004.0 224.6  00.3 1.726947 1.481595 0.582796 hargrave 2021-11-12 09:20:46 
TT 565 264.8  39.6 273.6  40.6 3.58E-04 001.9 224.6 -01.0 0.644000 0.847194 0.507833 hargrave 2021-11-12 17:08:46 
TT 570 266.5  42.9 276.3  43.6 2.70E-04 003.7 222.6  02.0 1.023151 1.414945 0.334181 hargrave 2021-11-13 13:43:39 
TT 576 267.7  38.4 276.0  38.9 2.51E-04 002.9 226.9  00.2 0.898092 0.769549 0.433565 hargrave 2021-11-14 14:55:43 
TT 581 265.5  43.9 275.7  44.7 1.59E-04 001.0 221.4  01.9 0.061141 0.290871 0.203071 hargrave 2021-11-16 10:00:47 
TT 586 266.6  45.3 277.2  45.8 1.46E-04 003.5 220.7  03.3 0.633706 0.545256 0.330420 hargrave 2021-11-17 10:10:52 
TT 589 261.7  44.5 272.1  45.9 1.79E-04 002.9 219.3 -00.0 0.488988 0.727586 0.253656 hargrave 2021-11-17 16:47:56 
TT 600 258.3  39.0 266.9  41.2 1.45E-04 002.6 222.1 -05.4 0.314869 0.534714 0.244715 hargrave 2021-11-18 16:27:12 
