CB11- 7a mag compass orientation (IGRF corrected)
      0 346.0   8.0 274.8  10.4   1.0
NRM    335.7  76.4 347.9  66.7 1.54E-02 001.6 112.0  75.5 27.23016 32.85553 5.693760 hargrave 2021-10-29 11:31:16 
TT 100 323.0  77.1 341.2  68.3 1.42E-02 001.2 103.6  77.8 9.147567 26.92974 6.936715 hargrave 2021-10-29 19:01:37 
TT 200 270.4  77.3 310.9  74.3 1.07E-02 000.8 036.1  84.7 11.29695 8.220927 2.529212 hargrave 2021-10-30 15:47:24 
TT 300 250.5  74.9 291.1  75.7 9.54E-03 000.5 348.5  82.9 4.069949 7.802952 2.432628 hargrave 2021-11-01 09:46:07 
TT 325 245.7  72.9 281.8  75.0 9.00E-03 000.7 341.1  80.6 9.676181 3.371423 2.803390 hargrave 2021-11-01 15:28:17 
TT 350 242.2  72.0 276.6  74.9 8.66E-03 000.9 335.9  79.6 11.16803 6.507381 2.183932 hargrave 2021-11-02 11:17:46 
TT 375 242.5  70.6 273.9  73.7 8.10E-03 001.2 337.6  78.2 11.89680 12.33619 2.776795 hargrave 2021-11-02 16:42:08 
TT 400 239.3  69.7 269.0  73.5 7.45E-03 001.1 333.3  77.2 10.10960 9.557864 1.964565 hargrave 2021-11-03 11:54:39 
TT 420 237.2  69.1 265.6  73.3 7.05E-03 000.5 330.7  76.4 2.845404 5.554750 2.169274 hargrave 2021-11-04 13:04:20 
TT 440 235.1  68.6 262.5  73.3 6.75E-03 000.8 327.9  75.8 8.012394 5.271443 2.077011 hargrave 2021-11-05 08:45:21 
TT 460 236.9  67.8 263.2  72.3 6.42E-03 000.4 331.2  75.1 2.883392 3.592267 1.752808 hargrave 2021-11-05 19:49:59 
TT 480 235.7  67.8 261.8  72.5 6.11E-03 000.8 329.4  75.0 6.656520 4.672986 1.750041 hargrave 2021-11-06 15:13:36 
TT 500 235.3  67.4 260.8  72.2 5.81E-03 000.4 329.2  74.6 3.040937 2.085888 1.652507 hargrave 2021-11-07 13:21:32 
TT 520 235.5  67.2 260.8  72.0 5.43E-03 000.4 329.7  74.4 2.419483 2.046786 1.349879 hargrave 2021-11-08 11:14:48 
TT 530 233.3  66.6 257.4  71.8 4.96E-03 000.4 326.9  73.7 2.068532 2.093639 1.305287 hargrave 2021-11-09 11:32:52 
TT 540 235.4  66.6 259.8  71.5 4.73E-03 000.9 329.8  73.9 2.717240 6.436807 1.373402 hargrave 2021-11-09 20:41:19 
TT 550 237.7  66.0 261.5  70.5 4.35E-03 001.6 333.4  73.4 6.279652 9.945368 1.357990 hargrave 2021-11-10 14:39:11 
TT 555 234.3  66.3 258.1  71.4 3.99E-03 000.3 328.5  73.5 1.149986 1.667331 1.122059 hargrave 2021-11-11 09:24:54 
TT 560 232.1  66.6 256.0  72.1 3.41E-03 000.5 325.2  73.6 0.897001 2.508328 1.203111 hargrave 2021-11-12 09:28:12 
TT 565 234.2  67.3 259.5  72.4 2.47E-03 000.9 327.6  74.5 1.375782 3.834234 0.701559 hargrave 2021-11-12 17:16:22 
TT 570 238.1  67.1 263.5  71.5 2.14E-03 000.7 333.3  74.5 0.707331 2.310944 0.641958 hargrave 2021-11-13 13:51:07 
TT 576 234.7  68.1 261.2  72.9 1.61E-03 001.2 327.8  75.2 1.140157 3.039749 0.743982 hargrave 2021-11-14 15:03:09 
TT 581 244.9  66.8 270.1  69.9 1.04E-03 000.9 343.4  74.5 0.306582 1.558285 0.557746 hargrave 2021-11-16 10:08:21 
TT 586 246.0  71.3 278.7  73.7 7.96E-04 000.6 342.9  79.1 0.721018 0.350193 0.264075 hargrave 2021-11-17 10:18:28 
TT 589 220.8  71.4 251.1  78.2 6.93E-04 001.8 304.4  77.1 0.447582 2.117523 0.171843 hargrave 2021-11-17 16:55:24 
TT 600 250.0  63.0 271.2  65.6 5.30E-04 000.7 351.7  71.0 0.285653 0.587087 0.167382 hargrave 2021-11-18 16:34:42 
