CB11- 5a mag compass orientation (IGRF corrected)
      0 336.0  68.0 274.8  10.4   1.0
NRM    354.6  81.0 360.0  70.7 1.04E-02 003.6 171.0  18.9 12.78872 62.66444 15.52869 hargrave 2021-10-29 11:28:18 
TT 100 354.0  82.1 000.1  71.8 1.01E-02 001.6 172.0  19.4 2.383030 25.21733 14.21808 hargrave 2021-10-29 18:57:51 
TT 200 296.0  80.5 331.8  73.6 7.17E-03 003.9 171.8  27.9 10.15232 46.38833 9.516669 hargrave 2021-10-30 15:44:10 
TT 300 268.7  78.8 313.8  75.6 6.12E-03 001.9 174.9  32.3 4.020140 18.98091 7.402981 hargrave 2021-11-01 09:43:37 
TT 325 253.1  77.5 300.7  77.1 5.72E-03 002.8 178.2  34.4 3.408755 26.81377 7.101920 hargrave 2021-11-01 15:25:48 
TT 350 247.2  76.8 294.2  77.6 5.49E-03 000.9 179.7  35.2 2.372200 4.717340 6.687896 hargrave 2021-11-02 11:15:22 
TT 375 239.7  75.7 284.7  78.2 5.16E-03 003.0 181.9  36.2 2.162406 26.58798 5.952391 hargrave 2021-11-02 16:38:55 
TT 400 226.5  72.5 261.2  78.1 4.92E-03 002.1 187.3  38.3 1.146451 17.49404 6.027185 hargrave 2021-11-03 11:52:11 
TT 420 238.9  73.3 276.4  76.5 4.72E-03 001.5 182.6  38.6 2.081275 11.29024 5.691431 hargrave 2021-11-04 13:01:54 
TT 440 237.0  72.5 272.5  76.2 4.56E-03 003.4 183.5  39.3 1.477919 26.50512 5.655857 hargrave 2021-11-05 08:42:54 
TT 460 235.2  72.6 271.1  76.7 4.29E-03 002.0 184.1  39.0 1.704970 14.05130 5.437872 hargrave 2021-11-05 19:47:37 
TT 480 233.8  71.9 267.8  76.4 4.16E-03 003.6 184.9  39.6 0.993186 25.35589 5.332781 hargrave 2021-11-06 15:11:09 
TT 500 225.9  71.2 257.0  77.2 3.95E-03 001.9 188.2  39.4 0.940011 12.56975 4.833252 hargrave 2021-11-07 13:19:09 
TT 520 231.0  71.3 263.2  76.3 3.70E-03 003.0 186.2  39.9 1.108835 19.17382 4.291477 hargrave 2021-11-08 11:11:50 
TT 530 230.1  76.0 277.6  80.1 3.03E-03 000.8 184.6  35.4 1.056573 2.461587 3.251171 hargrave 2021-11-09 11:29:54 
TT 540 228.1  71.3 259.8  76.8 2.91E-03 002.3 187.4  39.6 0.909572 11.19678 2.963427 hargrave 2021-11-09 20:38:22 
TT 550 234.2  68.4 261.3  73.3 2.50E-03 003.2 185.9  43.0 0.681288 13.81265 2.478648 hargrave 2021-11-10 14:36:14 
TT 555 239.7  68.6 267.5  72.5 2.39E-03 003.9 183.2  43.2 0.880025 16.19280 2.464928 hargrave 2021-11-11 09:21:56 
TT 560 244.3  70.5 275.4  73.3 1.43E-03 002.7 180.8  41.5 0.505295 6.624102 1.231443 hargrave 2021-11-12 09:25:14 
TT 565 237.0  69.3 265.7  73.5 9.91E-04 001.5 184.3  42.4 0.251285 2.472548 1.012592 hargrave 2021-11-12 17:13:21 
TT 570 239.7  58.4 256.4  63.2 9.85E-04 001.9 185.5  53.3 0.264018 3.279113 0.650308 hargrave 2021-11-13 13:48:09 
TT 576 231.7  60.9 249.4  66.9 8.33E-04 001.0 190.7  49.8 0.498505 1.318874 0.917229 hargrave 2021-11-14 15:00:12 
TT 581 246.9  67.4 273.1  70.1 4.82E-04 002.5 179.5  44.6 0.238723 2.073717 0.311482 hargrave 2021-11-16 10:05:18 
TT 586 248.1  65.8 272.2  68.5 4.48E-04 001.2 178.7  46.2 0.289107 0.910381 0.536611 hargrave 2021-11-17 10:15:23 
TT 589 201.4  71.9 221.0  81.4 3.71E-04 003.7 195.3  34.1 0.501810 2.292589 0.381452 hargrave 2021-11-17 16:52:26 
TT 600 252.7  69.9 282.3  71.2 2.44E-04 004.1 176.9  42.0 0.136151 1.761250 0.350305 hargrave 2021-11-18 16:31:44 
