CB11- 4a mag compass orientation (IGRF corrected)
      0 144.0  51.0 274.8  10.4   1.0
NRM    333.9  71.6 344.5  62.1 1.09E-02 003.8 203.9  39.7 24.75267 68.13367 11.87707 hargrave 2021-10-29 11:26:51 
TT 100 334.5  74.1 346.0  64.6 1.08E-02 002.1 200.6  40.1 8.714155 37.82158 11.52470 hargrave 2021-10-29 18:56:24 
TT 200 303.6  76.6 329.4  69.5 7.69E-03 001.4 195.0  33.3 1.433878 17.12751 9.356606 hargrave 2021-10-30 15:42:43 
TT 300 277.6  76.6 313.7  72.7 6.53E-03 003.0 190.5  28.8 5.624385 33.49794 6.036909 hargrave 2021-11-01 09:42:23 
TT 325 261.4  77.0 304.5  75.4 6.12E-03 002.8 186.7  27.3 1.707391 28.79563 7.276829 hargrave 2021-11-01 15:24:38 
TT 350 264.2  75.5 302.5  73.9 5.85E-03 000.8 188.1  26.2 2.054134 2.724426 7.141946 hargrave 2021-11-02 11:14:08 
TT 375 269.5  73.1 301.7  71.1 5.49E-03 001.6 190.7  24.7 1.666308 14.29321 6.622402 hargrave 2021-11-02 16:37:42 
TT 400 258.6  74.3 295.8  73.9 5.26E-03 000.7 187.1  24.5 1.640022 2.299941 6.337842 hargrave 2021-11-03 11:50:55 
TT 420 263.3  72.6 296.0  71.7 5.02E-03 001.6 189.2  23.5 1.464205 12.62543 6.240713 hargrave 2021-11-04 13:00:44 
TT 440 262.6  72.4 295.1  71.6 4.84E-03 001.6 189.1  23.2 1.097053 11.83193 6.328578 hargrave 2021-11-05 08:41:44 
TT 460 250.5  72.6 285.5  73.9 4.58E-03 000.8 185.3  22.2 1.049507 2.681976 5.724013 hargrave 2021-11-05 19:46:27 
TT 480 257.5  72.3 290.8  72.5 4.39E-03 001.2 187.5  22.5 0.807566 7.450806 5.517805 hargrave 2021-11-06 15:09:59 
TT 500 250.8  72.5 285.4  73.7 4.18E-03 002.9 185.4  22.1 1.534421 20.75170 5.266761 hargrave 2021-11-07 13:17:59 
TT 520 252.6  72.6 287.2  73.5 3.77E-03 000.7 185.9  22.3 0.655782 1.232579 4.437318 hargrave 2021-11-08 11:10:22 
TT 530 251.2  67.5 277.4  69.5 2.93E-03 002.5 186.8  17.3 1.237382 12.45424 3.109252 hargrave 2021-11-09 11:27:36 
TT 540 252.0  71.4 284.3  72.6 2.66E-03 002.3 186.1  21.1 0.973919 10.23102 2.605112 hargrave 2021-11-09 20:36:55 
TT 550 237.7  74.6 279.3  77.8 2.17E-03 005.5 181.1  23.7 0.293434 20.77304 2.452106 hargrave 2021-11-10 14:34:46 
TT 555 278.1  82.2 328.9  76.7 2.19E-03 001.5 186.4  33.2 0.988133 5.232593 2.245622 hargrave 2021-11-11 09:20:28 
TT 560 240.4  79.3 300.8  80.2 1.13E-03 002.6 181.3  28.4 0.201098 4.947758 1.127869 hargrave 2021-11-12 09:23:46 
TT 565 246.5  73.1 283.0  75.0 7.38E-04 001.0 183.9  22.4 0.166874 0.862842 0.931674 hargrave 2021-11-12 17:11:51 
TT 570 245.0  83.0 323.3  80.8 6.88E-04 001.5 181.6  32.1 0.177377 1.739495 0.684125 hargrave 2021-11-13 13:46:40 
TT 576 289.4  75.1 318.5  69.8 5.80E-04 002.9 194.1  29.6 1.067004 2.687202 0.852056 hargrave 2021-11-14 14:58:44 
TT 581 228.8  80.6 304.0  82.6 4.27E-04 002.4 179.0  29.7 0.532117 1.735612 0.281686 hargrave 2021-11-16 10:03:50 
TT 586 237.1  76.3 284.6  79.0 4.30E-04 000.5 180.8  25.3 0.567308 0.244958 0.395807 hargrave 2021-11-17 10:13:55 
TT 589 256.9  66.3 281.3  67.4 3.98E-04 003.1 189.4  16.8 0.381906 2.096435 0.417004 hargrave 2021-11-17 16:50:58 
TT 600 235.8  69.4 264.7  73.9 2.40E-04 005.9 180.7  18.4 0.276535 2.454368 0.319058 hargrave 2021-11-18 16:30:16 
