CB11- 6a mag compass orientation (IGRF corrected)
      0   9.0  38.0 274.8  10.4   1.0
NRM    320.1  78.1 340.4  69.4 1.64E-02 003.1 164.2  60.1 31.54237 82.03115 11.47110 hargrave 2021-10-29 11:29:46 
TT 100 322.8  76.7 340.7  67.9 1.59E-02 002.8 161.2  60.4 35.03416 69.85480 11.06942 hargrave 2021-10-29 18:59:18 
TT 200 272.7  78.1 314.2  74.5 1.22E-02 002.2 183.0  63.8 6.260422 46.27732 6.897589 hargrave 2021-10-30 15:45:40 
TT 300 249.6  75.4 291.6  76.2 1.07E-02 000.5 196.4  63.9 3.234699 6.937603 5.804558 hargrave 2021-11-01 09:44:50 
TT 325 248.1  75.0 289.3  76.2 1.01E-02 000.5 197.6  63.9 4.478457 5.732630 6.033922 hargrave 2021-11-01 15:27:01 
TT 350 239.8  72.0 274.2  75.4 9.69E-03 001.0 206.2  63.7 2.762045 15.69128 6.225748 hargrave 2021-11-02 11:16:32 
TT 375 239.5  72.4 274.8  75.7 9.17E-03 000.8 205.5  63.5 2.850136 11.77515 5.133188 hargrave 2021-11-02 16:40:53 
TT 400 236.6  71.0 268.7  75.0 8.77E-03 001.6 209.3  63.3 7.178208 23.56413 5.655082 hargrave 2021-11-03 11:53:22 
TT 420 235.4  70.7 266.8  75.0 8.46E-03 001.5 210.2  63.0 4.954783 20.34574 5.450554 hargrave 2021-11-04 13:03:04 
TT 440 234.4  69.7 263.7  74.4 8.21E-03 001.8 212.4  63.0 9.538874 23.85887 4.659157 hargrave 2021-11-05 08:44:07 
TT 460 233.8  70.0 263.5  74.7 7.85E-03 001.4 212.1  62.7 4.422164 17.62422 5.386280 hargrave 2021-11-05 19:48:46 
TT 480 232.8  69.7 261.9  74.6 7.60E-03 001.5 212.9  62.5 6.207881 18.79306 5.122506 hargrave 2021-11-06 15:12:19 
TT 500 232.0  69.3 260.3  74.5 7.25E-03 001.2 213.8  62.3 4.559527 14.45336 4.897737 hargrave 2021-11-07 13:20:19 
TT 520 231.7  68.3 258.2  73.6 6.70E-03 000.7 215.9  62.4 1.415649 6.693854 4.280016 hargrave 2021-11-08 11:13:18 
TT 530 227.5  68.6 253.8  74.6 5.53E-03 001.6 215.9  60.9 6.754030 14.01723 3.300641 hargrave 2021-11-09 11:31:21 
TT 540 232.1  69.4 260.6  74.6 5.32E-03 000.8 213.5  62.3 1.922739 7.048349 3.043733 hargrave 2021-11-09 20:39:49 
TT 550 236.9  68.0 263.6  72.5 4.29E-03 000.7 215.4  64.4 0.979617 5.169156 2.123905 hargrave 2021-11-10 14:37:41 
TT 555 235.2  67.7 261.2  72.5 3.68E-03 001.2 216.5  63.8 4.018216 6.664048 1.516872 hargrave 2021-11-11 09:23:24 
TT 560 237.6  67.8 264.0  72.2 2.13E-03 000.4 215.7  64.7 1.046441 0.632133 0.960124 hargrave 2021-11-12 09:26:41 
TT 565 244.6  68.9 273.0  71.9 1.23E-03 001.1 210.9  66.6 0.463236 2.220524 0.531627 hargrave 2021-11-12 17:14:51 
TT 570 259.3  67.5 285.0  68.0 1.08E-03 001.8 204.4  71.8 0.585772 3.401074 0.435126 hargrave 2021-11-13 13:49:36 
TT 576 244.6  67.9 271.5  71.0 8.82E-04 001.2 213.1  67.1 0.853047 1.529668 0.901383 hargrave 2021-11-14 15:01:39 
TT 581 265.4  66.6 289.3  66.1 5.02E-04 001.8 199.8  74.0 0.844754 1.361953 0.212711 hargrave 2021-11-16 10:06:50 
TT 586 272.7  71.0 300.8  68.7 4.43E-04 001.3 186.2  70.8 0.952412 0.630729 0.452060 hargrave 2021-11-17 10:16:55 
TT 589 223.5  71.9 255.8  78.2 4.14E-04 003.7 209.8  59.0 0.640839 2.620919 0.294174 hargrave 2021-11-17 16:53:53 
TT 600 273.0  54.4 287.3  53.4 2.58E-04 004.0 234.0  85.7 0.328712 1.741416 0.216996 hargrave 2021-11-18 16:33:12 
