CB12- 6a mag compass orientation (IGRF corrected)
      0 297.0 106.0 274.8  10.4   1.0
NRM    289.5  68.1 310.7  63.6 1.35E-02 005.8 157.8 -12.1 49.58111 127.6761 21.26478 hargrave 2021-10-29 11:46:49 
TT 100 277.1  64.3 297.3  62.0 1.18E-02 003.9 155.8 -06.1 31.73427 72.70414 17.11457 hargrave 2021-10-29 19:15:28 
TT 200 257.7  49.7 270.3  51.7 9.06E-03 000.9 149.4  10.5 3.921858 7.117543 11.79245 hargrave 2021-10-30 16:01:48 
TT 300 253.6  45.5 264.3  48.4 8.43E-03 003.9 148.1  15.4 31.00492 46.69056 13.11565 hargrave 2021-11-01 09:58:38 
TT 325 251.0  44.2 261.2  47.6 8.07E-03 004.6 148.5  17.6 34.57138 53.42080 10.67867 hargrave 2021-11-01 15:40:00 
TT 350 252.0  42.2 261.6  45.5 7.84E-03 004.0 146.4  18.5 32.06475 43.84382 11.29637 hargrave 2021-11-02 11:30:16 
TT 375 254.0  40.2 262.9  43.1 7.55E-03 002.7 143.8  18.8 21.48864 26.55382 9.980871 hargrave 2021-11-02 16:54:42 
TT 400 248.7  43.4 258.6  47.2 7.11E-03 003.1 149.2  19.4 20.83637 30.44120 10.74308 hargrave 2021-11-03 12:10:16 
TT 420 252.0  40.5 261.0  43.7 6.63E-03 001.3 145.1  19.8 8.157468 8.514985 9.418923 hargrave 2021-11-04 13:17:32 
TT 440 249.4  42.1 258.8  45.8 6.40E-03 005.7 147.9  20.0 36.02633 52.26463 10.03533 hargrave 2021-11-05 08:57:05 
TT 460 250.5  41.0 259.6  44.5 6.10E-03 004.4 146.4  20.2 27.32435 37.44732 9.424632 hargrave 2021-11-05 20:01:26 
TT 480 246.6  43.4 256.4  47.5 5.79E-03 002.2 150.4  20.4 11.40666 16.64760 9.038114 hargrave 2021-11-06 15:26:02 
TT 500 249.0  41.5 258.2  45.3 5.26E-03 003.6 147.6  20.6 18.47744 26.19537 7.844652 hargrave 2021-11-07 13:34:30 
TT 520 248.5  41.2 257.6  45.1 4.37E-03 002.7 147.7  21.1 11.13604 16.11464 5.818053 hargrave 2021-11-08 11:28:48 
TT 530 250.5  40.2 259.3  43.8 3.91E-03 002.7 145.8  20.8 10.47859 14.52279 4.699231 hargrave 2021-11-09 11:46:02 
TT 540 247.7  41.8 257.0  45.8 3.42E-03 003.2 148.6  21.0 10.45616 15.81025 4.075829 hargrave 2021-11-09 20:55:59 
TT 550 249.3  40.8 258.3  44.6 2.73E-03 004.9 147.0  21.0 12.81182 19.16001 3.277075 hargrave 2021-11-10 14:53:11 
TT 555 249.9  40.6 258.8  44.3 2.18E-03 000.9 146.5  20.8 1.730618 1.950437 2.376761 hargrave 2021-11-11 09:37:58 
TT 560 251.3  39.3 259.9  42.7 2.03E-03 005.2 144.6  21.0 11.04085 14.50008 2.612273 hargrave 2021-11-12 09:42:53 
TT 565 251.4  39.2 259.9  42.7 1.54E-03 004.5 144.5  21.0 6.954146 9.634858 1.803257 hargrave 2021-11-12 17:30:17 
TT 570 251.3  39.4 259.9  42.8 1.46E-03 002.0 144.7  20.9 2.889384 4.095970 1.590817 hargrave 2021-11-13 14:04:17 
TT 576 249.1  39.6 257.6  43.4 1.31E-03 005.2 146.1  22.0 6.564124 9.750796 1.708948 hargrave 2021-11-14 15:16:13 
TT 581 250.2  38.8 258.6  42.5 1.15E-03 001.6 144.9  21.9 1.799121 2.379780 1.195008 hargrave 2021-11-16 10:21:35 
TT 586 252.5  40.3 261.5  43.5 8.60E-04 001.5 144.7  19.6 1.201542 1.725836 1.024533 hargrave 2021-11-17 10:31:48 
TT 589 250.7  39.9 259.5  43.4 7.94E-04 003.1 145.4  20.9 2.298939 3.546063 0.884243 hargrave 2021-11-17 17:09:22 
TT 600 253.6  36.4 261.4  39.5 3.24E-04 002.3 141.0  21.6 0.594928 1.128959 0.368203 hargrave 2021-11-18 16:48:42 
TT 610 229.2  44.2 237.8  51.1 1.27E-04 006.8 162.4  26.5 0.362041 1.465505 0.211583 hargrave 2021-11-22 16:42:48 
TT 625 240.7  61.0 259.6  65.5 9.21E-05 004.8 164.2  08.4 0.102438 0.764787 0.149614 hargrave 2021-11-23 13:32:16 
TT 640 254.7  34.7 262.1  37.7 7.75E-05 001.4 139.0  22.0 0.064622 0.221323 0.077725 hargrave 2021-11-24 09:58:50 
