CB12- 2a mag compass orientation (IGRF corrected)
      0 279.0  18.0 274.8  10.4   1.0
NRM    276.7  55.0 290.9  53.3 2.32E-02 002.9 111.9  51.8 112.4019 31.24660 18.08647 hargrave 2021-10-29 11:38:02 
TT 100 273.1  52.9 286.6  52.0 2.14E-02 003.4 107.3  51.1 122.1238 29.05970 14.82380 hargrave 2021-10-29 19:09:13 
TT 200 259.3  45.3 270.0  47.1 1.86E-02 003.1 089.5  48.5 101.4747 4.311236 10.52668 hargrave 2021-10-30 15:53:53 
TT 300 256.0  41.6 265.4  44.1 1.71E-02 004.9 083.9  46.2 144.7826 16.47336 10.21233 hargrave 2021-11-01 09:51:51 
TT 325 256.3  40.6 265.4  43.1 1.65E-02 002.0 083.6  45.2 55.62000 5.615404 9.263430 hargrave 2021-11-01 15:34:49 
TT 350 253.8  39.4 262.5  42.4 1.61E-02 004.3 080.5  44.9 119.3309 18.70128 9.164348 hargrave 2021-11-02 11:24:16 
TT 375 253.5  38.8 262.0  41.9 1.55E-02 001.5 079.9  44.4 39.27358 8.648904 8.903881 hargrave 2021-11-02 16:47:56 
TT 400 256.0  39.2 264.6  41.9 1.46E-02 000.8 082.6  44.0 18.98589 2.453040 8.341265 hargrave 2021-11-03 12:01:58 
TT 420 251.4  37.6 259.4  41.0 1.40E-02 000.9 077.1  43.9 20.68062 3.466368 8.215134 hargrave 2021-11-04 13:10:11 
TT 440 252.8  38.1 261.1  41.3 1.34E-02 003.6 078.8  43.9 81.42175 17.33355 8.101622 hargrave 2021-11-05 08:51:50 
TT 460 252.6  37.9 260.8  41.2 1.27E-02 002.2 078.5  43.9 48.74204 7.579424 7.556110 hargrave 2021-11-05 19:55:37 
TT 480 252.6  38.1 260.9  41.4 1.22E-02 004.4 078.7  44.1 91.86555 15.87136 7.161802 hargrave 2021-11-06 15:19:20 
TT 500 251.3  37.5 259.3  41.0 1.14E-02 003.0 076.9  43.9 57.52464 11.05114 6.892554 hargrave 2021-11-07 13:27:11 
TT 520 253.5  38.5 261.9  41.5 9.35E-03 001.8 079.7  44.1 28.70514 3.926457 5.164119 hargrave 2021-11-08 11:22:29 
TT 530 251.4  37.2 259.4  40.7 8.12E-03 003.1 076.9  43.5 43.01988 9.302002 4.605807 hargrave 2021-11-09 11:39:43 
TT 540 251.4  37.3 259.3  40.7 7.18E-03 002.1 076.9  43.6 25.18698 5.684136 4.071718 hargrave 2021-11-09 20:48:55 
TT 550 250.5  37.3 258.5  40.9 5.10E-03 002.1 076.0  43.9 17.89583 3.574529 2.891639 hargrave 2021-11-10 14:46:51 
TT 555 251.0  37.3 259.0  40.8 3.93E-03 002.9 076.6  43.7 18.83517 5.001764 2.259880 hargrave 2021-11-11 09:31:41 
TT 560 253.2  37.2 261.2  40.3 3.57E-03 003.9 078.8  43.0 23.79638 5.224519 2.063958 hargrave 2021-11-12 09:34:59 
TT 565 252.5  36.0 260.1  39.4 2.34E-03 001.0 077.4  42.2 3.456093 2.298599 1.381385 hargrave 2021-11-12 17:23:11 
TT 570 251.4  36.5 259.2  40.0 2.15E-03 001.8 076.6  42.9 6.658959 0.498704 1.278748 hargrave 2021-11-13 13:57:58 
TT 576 252.6  39.3 261.2  42.5 1.84E-03 001.1 079.3  45.1 3.538956 0.373056 1.185276 hargrave 2021-11-14 15:09:56 
TT 581 249.2  36.7 256.9  40.6 1.51E-03 000.9 074.4  43.8 2.043350 0.764192 0.883367 hargrave 2021-11-16 10:15:14 
TT 586 255.1  35.7 262.7  38.6 1.19E-03 001.7 079.9  41.1 3.283323 1.058941 0.847024 hargrave 2021-11-17 10:25:25 
TT 589 256.1  38.2 264.4  40.8 1.04E-03 003.2 082.1  43.0 5.896527 0.598517 0.638811 hargrave 2021-11-17 17:02:14 
TT 600 251.5  33.2 258.3  36.7 6.84E-04 003.3 075.0  39.8 3.970627 0.214716 0.449703 hargrave 2021-11-18 16:42:22 
TT 610 266.7  48.2 278.5  48.6 3.03E-04 000.8 098.3  48.9 0.207583 0.594350 0.233376 hargrave 2021-11-22 16:34:18 
TT 625 223.2  32.6 228.3  40.5 2.15E-04 002.2 043.7  46.7 0.815296 0.304217 0.132422 hargrave 2021-11-23 13:23:03 
TT 640 233.5  52.2 245.8  58.3 1.68E-04 005.0 068.3  62.5 1.519589 0.348853 0.208542 hargrave 2021-11-24 09:50:24 
