CB12- 7a mag compass orientation (IGRF corrected)
      0 346.0   5.0 274.8  10.4   1.0
NRM    306.3  62.0 319.9  55.5 1.79E-02 001.6 058.5  65.0 46.84896 20.53441 8.229067 hargrave 2021-10-29 11:48:20 
TT 100 296.4  59.4 310.5  54.4 1.56E-02 001.6 046.7  63.0 37.21127 21.14395 9.693931 hargrave 2021-10-29 19:16:58 
TT 200 282.1  51.9 294.5  49.4 1.23E-02 003.3 029.3  56.3 41.28753 56.54779 10.03085 hargrave 2021-10-30 16:03:19 
TT 300 273.9  46.5 284.7  45.6 1.12E-02 002.2 019.7  51.2 17.83584 38.14383 11.33839 hargrave 2021-11-01 09:59:52 
TT 325 270.5  44.7 280.8  44.5 1.05E-02 002.0 015.9  49.5 15.68324 31.49000 10.15689 hargrave 2021-11-01 15:41:17 
TT 350 270.1  43.9 280.1  43.8 1.02E-02 003.0 015.4  48.7 20.18329 48.81471 10.01995 hargrave 2021-11-02 11:31:34 
TT 375 266.2  42.8 275.9  43.5 9.84E-03 001.2 011.1  47.7 9.752830 16.23393 10.02018 hargrave 2021-11-02 16:56:01 
TT 400 269.5  42.4 279.0  42.5 9.27E-03 000.8 014.7  47.3 7.759126 5.715865 9.514457 hargrave 2021-11-03 12:11:33 
TT 420 269.7  41.7 279.0  41.8 8.72E-03 001.1 014.9  46.5 9.087758 11.16506 9.633580 hargrave 2021-11-04 13:18:50 
TT 440 268.6  41.7 277.9  42.0 8.45E-03 002.4 013.7  46.6 12.10665 31.26664 10.07359 hargrave 2021-11-05 08:59:04 
TT 460 269.8  41.8 279.1  41.8 8.11E-03 002.3 015.0  46.6 12.72314 28.13255 8.759727 hargrave 2021-11-05 20:02:40 
TT 480 268.6  41.6 277.9  41.9 7.68E-03 003.4 013.7  46.5 15.60805 41.54010 8.093067 hargrave 2021-11-06 15:27:16 
TT 500 266.7  41.5 276.0  42.1 7.04E-03 002.6 011.6  46.4 10.99700 29.73801 7.756295 hargrave 2021-11-07 13:35:45 
TT 520 267.0  41.4 276.3  42.0 6.00E-03 003.5 012.0  46.3 10.22017 34.52682 5.745437 hargrave 2021-11-08 11:30:19 
TT 530 266.1  40.8 275.2  41.5 5.39E-03 000.8 010.9  45.7 3.215546 5.555995 4.386931 hargrave 2021-11-09 11:47:33 
TT 540 267.7  40.8 276.8  41.3 4.83E-03 002.5 012.7  45.7 6.352693 19.97098 4.098010 hargrave 2021-11-09 20:57:29 
TT 550 266.6  40.7 275.7  41.4 3.90E-03 001.9 011.5  45.6 4.225197 12.18326 3.367753 hargrave 2021-11-10 14:54:42 
TT 555 268.3  40.4 277.2  40.8 3.22E-03 001.4 013.3  45.3 2.209521 7.426298 2.822386 hargrave 2021-11-11 09:39:29 
TT 560 269.3  40.8 278.3  41.0 3.06E-03 002.0 014.4  45.6 2.913260 10.00662 2.650998 hargrave 2021-11-12 09:44:23 
TT 565 270.3  40.4 279.2  40.4 2.60E-03 000.6 015.5  45.3 1.477585 1.448201 2.069724 hargrave 2021-11-12 17:31:48 
TT 570 265.6  40.9 274.7  41.8 2.50E-03 000.5 010.4  45.9 1.126834 0.796859 2.077125 hargrave 2021-11-13 14:05:47 
TT 576 272.1  40.7 281.0  40.4 2.39E-03 003.1 017.5  45.5 4.807175 12.03091 1.788054 hargrave 2021-11-14 15:18:32 
TT 581 267.5  40.3 276.4  40.8 2.06E-03 000.9 012.4  45.2 0.929503 2.760124 1.818405 hargrave 2021-11-16 10:23:07 
TT 586 272.2  41.0 281.3  40.6 1.26E-03 002.4 017.6  45.8 1.330559 5.092883 0.955132 hargrave 2021-11-17 10:33:19 
TT 589 269.1  42.8 278.8  43.0 1.10E-03 000.8 014.3  47.7 0.703872 1.042395 0.867151 hargrave 2021-11-17 17:10:53 
TT 600 270.9  35.9 278.4  36.0 5.04E-04 000.8 015.9  40.7 0.424646 0.501746 0.331823 hargrave 2021-11-18 16:50:12 
TT 610 250.6  45.4 261.2  48.8 2.90E-04 002.0 354.0  50.4 0.229742 0.991919 0.155567 hargrave 2021-11-22 16:44:19 
TT 625 246.1  48.7 257.9  52.8 1.75E-04 000.8 349.0  53.6 0.170611 0.196937 0.086829 hargrave 2021-11-23 13:33:46 
TT 640 277.2  59.9 294.3  57.9 1.33E-04 002.8 025.0  64.5 0.245048 0.579060 0.208702 hargrave 2021-11-24 10:00:20 
