CB12- 3a mag compass orientation (IGRF corrected)
      0 110.0  92.0 274.8  10.4   1.0
NRM    299.3  66.4 316.8  60.6 1.95E-02 001.6 203.3  01.9 18.77722 40.60332 30.26873 hargrave 2021-10-29 11:39:33 
TT 100 291.7  58.0 305.8  53.8 1.74E-02 003.8 211.9 -00.8 58.10921 95.41050 26.27261 hargrave 2021-10-29 19:10:43 
TT 200 276.2  55.2 290.6  53.6 1.35E-02 004.2 214.2 -09.5 54.59586 81.19915 19.19060 hargrave 2021-10-30 15:57:07 
TT 300 272.3  46.0 283.0  45.5 1.18E-02 003.1 222.9 -13.7 42.62724 45.09072 13.07430 hargrave 2021-11-01 09:53:52 
TT 325 270.1  44.2 280.2  44.2 1.13E-02 000.8 224.4 -15.6 8.126287 5.433927 12.46097 hargrave 2021-11-01 15:36:07 
TT 350 266.6  44.1 276.8  44.6 1.09E-02 001.7 223.9 -18.0 21.10176 18.07712 17.12667 hargrave 2021-11-02 11:25:31 
TT 375 264.9  43.7 275.0  44.6 1.05E-02 000.6 223.9 -19.3 4.205673 2.366099 11.63765 hargrave 2021-11-02 16:49:54 
TT 400 263.3  39.9 272.2  41.2 9.95E-03 000.7 227.5 -21.5 7.403651 4.931560 10.14167 hargrave 2021-11-03 12:03:16 
TT 420 263.4  38.8 272.0  40.1 9.48E-03 003.6 228.6 -21.7 44.83369 39.50294 9.606902 hargrave 2021-11-04 13:12:13 
TT 440 262.4  40.0 271.3  41.5 9.11E-03 001.8 227.1 -22.2 20.06161 19.52918 9.734849 hargrave 2021-11-05 08:53:07 
TT 460 262.5  38.7 271.0  40.2 8.70E-03 004.0 228.5 -22.4 44.61053 41.60189 7.313733 hargrave 2021-11-05 19:57:31 
TT 480 262.9  37.2 270.9  38.6 8.36E-03 005.2 230.1 -22.6 57.56871 49.98789 6.618407 hargrave 2021-11-06 15:21:19 
TT 500 262.7  37.4 270.8  38.9 7.86E-03 002.4 229.9 -22.6 24.73801 20.80842 6.246729 hargrave 2021-11-07 13:28:28 
TT 520 262.6  38.2 271.0  39.7 6.66E-03 005.4 229.1 -22.5 47.13523 40.83056 6.552794 hargrave 2021-11-08 11:24:00 
TT 530 262.3  38.7 270.8  40.2 6.08E-03 004.6 228.5 -22.6 35.68477 32.70267 4.891314 hargrave 2021-11-09 11:41:14 
TT 540 263.0  37.4 271.1  38.8 5.51E-03 005.9 229.9 -22.4 42.98511 37.72358 4.478431 hargrave 2021-11-09 20:51:13 
TT 550 262.6  41.9 272.1  43.2 4.51E-03 003.5 225.3 -21.5 18.41830 20.22979 3.357769 hargrave 2021-11-10 14:48:25 
TT 555 264.7  36.8 272.7  37.9 3.71E-03 003.5 231.0 -21.2 17.42793 14.64832 2.849671 hargrave 2021-11-11 09:33:11 
TT 560 264.9  36.3 272.6  37.4 3.35E-03 001.8 231.5 -21.3 7.591903 6.980258 2.883500 hargrave 2021-11-12 09:36:29 
TT 565 265.6  38.5 274.0  39.4 2.43E-03 001.1 229.4 -20.2 3.988241 2.380222 1.851359 hargrave 2021-11-12 17:24:41 
TT 570 266.4  38.5 274.8  39.3 2.25E-03 000.5 229.5 -19.6 1.108600 0.793246 1.991520 hargrave 2021-11-13 13:59:29 
TT 576 267.8  37.9 275.9  38.4 2.06E-03 005.0 230.5 -18.7 14.11161 10.65140 2.936172 hargrave 2021-11-14 15:11:26 
TT 581 265.8  34.8 273.1  35.7 1.75E-03 001.1 233.3 -20.9 2.343060 2.001959 1.580431 hargrave 2021-11-16 10:16:46 
TT 586 266.4  37.8 274.6  38.6 1.32E-03 003.4 230.3 -19.7 6.292325 4.616325 1.210306 hargrave 2021-11-17 10:26:56 
TT 589 264.5  40.7 273.6  41.8 1.25E-03 000.6 226.9 -20.4 0.487272 1.170815 0.967137 hargrave 2021-11-17 17:03:45 
TT 600 266.5  33.2 273.4  34.1 6.30E-04 004.8 235.1 -20.7 3.985823 3.554966 0.533578 hargrave 2021-11-18 16:43:54 
TT 610 264.0  52.6 277.8  53.3 2.16E-04 003.6 214.8 -17.1 0.756184 1.085327 0.260363 hargrave 2021-11-22 16:35:51 
TT 625 265.9  43.2 275.8  43.9 2.09E-04 004.2 224.7 -18.7 0.964592 1.186427 0.176114 hargrave 2021-11-23 13:25:20 
TT 640 275.9  20.8 279.8  20.2 1.32E-04 004.8 249.1 -13.8 1.214169 0.118157 0.128089 hargrave 2021-11-24 09:51:53 
