CB13- 3a mag compass orientation (IGRF corrected)
      0 258.0  25.0 274.8  10.4   1.0
NRM    283.2  21.8 287.1  19.9 2.35E-02 000.7 121.5  09.8 12.65602 6.760559 26.03207 hargrave 2021-10-29 11:56:48 
TT 100 282.9  17.9 286.0  16.2 2.26E-02 003.1 119.7  06.3 104.7186 60.14057 25.49318 hargrave 2021-10-29 19:25:22 
TT 200 277.6  10.1 279.4  09.4 2.11E-02 003.0 111.9  01.1 101.4202 42.39373 24.68937 hargrave 2021-10-30 16:11:50 
TT 300 272.9  04.9 273.8  05.2 1.96E-02 002.1 105.6 -01.8 70.95440 6.297512 15.92063 hargrave 2021-11-01 10:07:47 
TT 325 271.0  04.2 271.8  04.9 1.84E-02 003.8 103.5 -01.6 116.2443 29.47241 17.78078 hargrave 2021-11-01 15:48:24 
TT 350 266.7  02.5 267.3  03.9 1.79E-02 004.6 098.9 -01.4 141.7374 22.91085 18.13799 hargrave 2021-11-02 11:39:32 
TT 375 268.5  02.9 269.1  04.0 1.70E-02 003.5 100.7 -01.8 101.2196 21.16937 16.79143 hargrave 2021-11-02 17:03:56 
TT 400 270.3  03.8 271.1  04.6 1.62E-02 002.3 102.8 -01.7 63.49491 12.83507 15.19435 hargrave 2021-11-03 12:20:28 
TT 420 266.4  02.4 267.0  03.8 1.56E-02 002.2 098.6 -01.4 56.01441 10.88178 14.66264 hargrave 2021-11-04 13:26:04 
TT 440 270.6  04.3 271.5  05.0 1.09E-02 005.2 103.2 -01.4 95.82108 22.04116 8.515532 hargrave 2021-11-05 09:06:10 
TT 460 269.7  03.9 270.5  04.7 8.35E-03 007.3 102.3 -01.4 103.1559 25.02550 6.682181 hargrave 2021-11-05 20:10:55 
TT 480 270.1  04.2 271.0  05.0 6.84E-03 002.7 102.8 -01.2 30.19958 9.495236 5.650888 hargrave 2021-11-06 15:35:04 
TT 500 270.4  05.3 271.4  06.0 5.08E-03 006.6 103.5 -00.4 56.73938 15.61914 4.234325 hargrave 2021-11-07 13:43:39 
TT 520 267.3  08.2 268.9  09.4 2.65E-03 003.2 101.8  03.5 14.07938 4.969857 2.349741 hargrave 2021-11-08 11:38:47 
TT 530 263.5  08.7 265.2  10.6 1.34E-03 000.6 098.6  05.6 0.382188 2.288772 1.116913 hargrave 2021-11-09 11:56:02 
TT 540 260.3  12.3 262.8  14.7 6.71E-04 002.3 097.4  10.2 2.280790 3.306563 0.762596 hargrave 2021-11-09 21:05:52 
TT 550 231.5  03.7 232.4  10.8 3.16E-04 003.7 067.1  14.3 2.756057 1.900733 0.261211 hargrave 2021-11-10 15:03:10 
TT 555 240.1  04.8 241.3  10.7 1.45E-04 007.6 075.7  11.9 1.714443 0.812229 0.607923 hargrave 2021-11-11 09:48:45 
TT 560 226.7  00.0 227.2  07.8 2.42E-04 002.8 061.2  12.7 1.298577 0.354316 0.705645 hargrave 2021-11-12 09:52:50 
TT 565 273.6  00.1 273.6  00.4 1.41E-04 004.1 104.2 -06.4 0.555319 2.930472 0.605366 hargrave 2021-11-12 17:40:17 
TT 570 207.9 -06.3 207.8  03.2 1.46E-04 002.8 040.9  12.8 1.217415 1.808875 0.222864 hargrave 2021-11-13 14:14:17 
TT 576 174.2  21.9 173.1  32.1 3.15E-05 032.1 008.3  46.7 1.177250 1.338561 0.885292 hargrave 2021-11-14 15:26:56 
TT 581 207.3 -06.6 207.2  03.0 1.29E-04 006.7 040.2  12.7 1.254313 0.864868 0.371113 hargrave 2021-11-16 10:31:35 
TT 586 232.2 -27.8 228.9 -20.6 1.58E-04 004.3 055.6 -15.1 0.850980 0.334972 0.944620 hargrave 2021-11-17 10:41:54 
TT 589 009.8  47.8 009.0  37.4 3.60E-05 038.4 195.9  24.1 0.377453 2.821345 0.385052 hargrave 2021-11-17 17:19:21 
TT 589 042.6  38.8 038.4  30.4 4.00E-05 005.7 223.3  22.2 0.225411 0.307632 0.228168 hargrave 2021-11-17 17:49:27 
TT 600 250.7 -24.1 247.0 -19.5 9.73E-05 009.6 073.0 -18.7 0.372358 2.582549 0.419214 hargrave 2021-11-18 16:58:39 
