CB13- 5a mag compass orientation (IGRF corrected)
      0 212.0  28.0 274.8  10.4   1.0
NRM    282.7  24.2 287.1  22.3 2.90E-02 001.2 162.4 -02.5 9.857129 32.31157 50.75396 hargrave 2021-10-29 11:59:59 
TT 100 280.5  20.5 284.3  19.1 2.78E-02 003.1 159.9 -05.8 46.65636 133.4147 51.88466 hargrave 2021-10-29 19:28:31 
TT 200 276.0  11.8 278.1  11.3 2.56E-02 001.9 153.8 -13.5 26.70615 65.90494 43.67979 hargrave 2021-10-30 16:15:06 
TT 300 272.6  06.8 273.9  07.1 2.32E-02 004.2 149.3 -17.6 90.21898 137.0834 55.27404 hargrave 2021-11-01 10:10:21 
TT 325 270.3  05.2 271.3  05.9 2.19E-02 002.4 146.5 -18.5 36.09209 72.92330 40.66333 hargrave 2021-11-01 15:50:59 
TT 350 268.2  04.5 269.1  05.7 2.11E-02 001.0 144.2 -18.6 4.894671 13.98944 33.74456 hargrave 2021-11-02 11:42:08 
TT 375 266.1  03.9 266.9  05.4 2.01E-02 001.3 141.9 -18.6 13.15330 30.00032 32.32801 hargrave 2021-11-02 17:06:35 
TT 400 270.7  05.3 271.7  05.9 1.95E-02 001.1 146.9 -18.6 6.595803 19.26072 31.17310 hargrave 2021-11-03 12:23:10 
TT 420 270.8  04.8 271.7  05.4 1.82E-02 003.6 146.9 -19.0 53.16531 96.13214 28.82322 hargrave 2021-11-04 13:28:43 
TT 440 274.1  05.2 275.0  05.2 1.36E-02 001.1 150.3 -19.5 5.394341 13.42208 21.67665 hargrave 2021-11-05 09:08:48 
TT 460 271.1  04.0 271.9  04.6 1.11E-02 001.3 147.0 -19.9 13.54037 12.22347 16.40178 hargrave 2021-11-05 20:13:29 
TT 480 269.8  03.4 270.5  04.2 9.17E-03 002.2 145.5 -20.2 14.19304 28.87593 12.96889 hargrave 2021-11-06 15:37:42 
TT 500 269.9  02.0 270.3  02.9 7.25E-03 002.5 145.2 -21.5 14.43636 27.23629 9.261898 hargrave 2021-11-07 13:46:13 
TT 520 271.4  01.7 271.8  02.3 4.39E-03 003.3 146.7 -22.2 12.37336 21.86852 4.965636 hargrave 2021-11-08 11:41:58 
TT 530 274.8 -02.0 274.5 -02.0 2.21E-03 003.3 149.3 -26.7 4.565872 11.78132 2.102621 hargrave 2021-11-09 11:59:13 
TT 540 265.6 -11.9 263.6 -10.1 1.15E-03 002.3 135.9 -33.5 1.357584 4.822708 0.811484 hargrave 2021-11-09 21:09:02 
TT 550 253.5 -15.6 251.2 -11.6 4.18E-04 007.9 121.3 -32.5 2.651207 5.996057 0.294181 hargrave 2021-11-10 15:06:21 
TT 555 253.0 -19.7 250.0 -15.6 3.43E-04 002.2 118.6 -36.0 1.171080 1.404210 0.319934 hargrave 2021-11-11 09:52:44 
TT 560 227.3 -20.9 225.2 -13.1 2.37E-04 005.0 093.1 -25.5 0.643251 1.882300 1.319684 hargrave 2021-11-12 09:56:00 
TT 565 243.7 -17.7 241.3 -12.2 2.27E-04 005.9 110.2 -30.2 1.229315 3.224337 0.676566 hargrave 2021-11-12 17:43:26 
TT 570 209.2 -26.7 207.5 -17.1 1.76E-04 006.3 074.4 -22.1 0.299341 4.273136 0.136698 hargrave 2021-11-13 14:17:27 
TT 576 231.1 -54.2 222.7 -46.5 5.02E-05 026.7 069.0 -53.7 1.505105 1.676132 1.217645 hargrave 2021-11-14 15:30:06 
TT 581 203.0 -37.7 201.0 -27.8 1.39E-04 009.4 063.1 -28.8 2.089542 0.977134 0.254729 hargrave 2021-11-16 10:34:46 
TT 581 196.5 -39.2 195.2 -29.0 1.45E-04 002.0 057.3 -27.4 0.516501 0.676518 0.098700 hargrave 2021-11-16 11:44:08 
TT 586 267.9  08.0 269.5  09.2 1.46E-04 007.5 144.9 -15.2 1.067354 1.245481 1.516968 hargrave 2021-11-17 10:45:05 
TT 589 240.1  36.0 247.3  41.4 1.25E-04 013.1 130.6  19.9 0.316604 3.961774 0.175309 hargrave 2021-11-17 17:22:32 
TT 589 244.4  42.9 253.9  47.4 1.06E-04 005.4 137.1  24.6 0.367079 1.144367 0.310349 hargrave 2021-11-17 17:52:38 
TT 600 247.9 -28.1 243.6 -23.0 1.26E-04 014.6 108.3 -41.2 0.371145 3.716724 0.818942 hargrave 2021-11-18 17:01:50 
