CB13- 6a mag compass orientation (IGRF corrected)
      0 193.0  55.0 274.8  10.4   1.0
NRM    277.0  16.0 280.0  15.3 3.15E-02 002.3 172.7 -38.7 10.60155 118.4753 47.59917 hargrave 2021-10-29 12:01:39 
TT 100 276.2  14.1 278.7  13.6 3.14E-02 002.8 171.3 -40.5 8.743107 145.1126 43.84928 hargrave 2021-10-29 19:30:10 
TT 200 271.6  08.8 273.2  09.2 3.07E-02 003.2 163.9 -44.9 33.89844 163.8242 32.61474 hargrave 2021-10-30 16:16:49 
TT 300 273.7  08.0 275.2  08.1 2.89E-02 004.2 166.7 -46.1 26.75863 208.4183 47.31923 hargrave 2021-11-01 10:11:46 
TT 325 272.4  06.9 273.7  07.3 2.80E-02 003.0 164.5 -46.9 28.52661 142.6710 28.68497 hargrave 2021-11-01 15:52:23 
TT 350 270.3  06.4 271.5  07.1 2.76E-02 001.5 161.3 -46.9 12.87970 67.14598 25.78191 hargrave 2021-11-02 11:43:30 
TT 375 268.9  05.9 270.1  06.8 2.68E-02 002.6 159.2 -47.0 29.69209 113.8000 26.91729 hargrave 2021-11-02 17:07:58 
TT 400 271.2  06.3 272.5  06.9 2.65E-02 003.7 162.7 -47.2 38.64424 164.0572 26.42537 hargrave 2021-11-03 12:24:36 
TT 420 271.4  06.1 272.5  06.6 2.57E-02 002.9 162.7 -47.5 30.27197 122.9207 22.98587 hargrave 2021-11-04 13:30:06 
TT 440 269.8  05.5 270.9  06.4 2.35E-02 006.3 160.3 -47.6 76.15066 245.2023 25.07348 hargrave 2021-11-05 09:10:10 
TT 460 268.4  05.4 269.4  06.5 2.19E-02 004.8 158.2 -47.3 59.28304 174.7834 21.59935 hargrave 2021-11-05 20:14:50 
TT 480 269.4  05.9 270.5  06.8 2.04E-02 004.6 159.9 -47.1 47.16162 157.6371 20.22932 hargrave 2021-11-06 15:39:04 
TT 500 272.4  06.7 273.7  07.1 1.86E-02 004.3 164.4 -47.1 29.10230 136.7131 17.97077 hargrave 2021-11-07 13:47:38 
TT 520 268.0  06.2 269.2  07.3 1.59E-02 003.3 158.1 -46.4 29.17012 84.71823 13.10544 hargrave 2021-11-08 11:43:38 
TT 530 268.2  07.0 269.6  08.0 1.27E-02 003.6 158.7 -45.8 24.76824 75.89809 10.61055 hargrave 2021-11-09 12:00:54 
TT 540 267.6  07.3 269.0  08.5 1.01E-02 002.7 158.0 -45.3 14.91516 44.98198 8.444168 hargrave 2021-11-09 21:10:41 
TT 550 266.7  06.9 268.1  08.2 4.25E-03 004.9 156.7 -45.4 11.60896 34.52364 3.592500 hargrave 2021-11-10 15:08:05 
TT 555 266.8  06.6 268.1  08.0 3.33E-03 004.3 156.6 -45.6 8.381416 23.51995 2.720981 hargrave 2021-11-11 09:54:23 
TT 560 265.7  06.1 267.0  07.7 1.38E-03 004.2 155.0 -45.8 2.508199 9.635749 1.378293 hargrave 2021-11-12 09:57:41 
TT 565 261.9  07.2 263.4  09.4 1.17E-03 004.1 150.6 -43.3 2.463350 7.801143 1.630171 hargrave 2021-11-12 17:45:05 
TT 570 261.0  03.4 261.8  05.9 8.63E-04 005.2 147.2 -46.4 2.322867 7.513352 1.002625 hargrave 2021-11-13 14:19:07 
TT 576 265.8  07.1 267.2  08.6 7.92E-04 002.5 155.6 -44.9 0.421268 3.333822 1.134238 hargrave 2021-11-14 15:31:46 
TT 581 259.5  03.3 260.3  05.9 5.59E-04 002.1 145.1 -45.8 0.869008 2.061807 0.468686 hargrave 2021-11-16 10:36:27 
TT 586 264.4  05.5 265.6  07.3 5.81E-04 002.3 152.9 -45.9 0.399564 1.947203 1.181978 hargrave 2021-11-17 10:46:46 
TT 589 258.2  13.8 261.0  16.6 5.25E-04 004.0 149.9 -35.8 0.417358 3.758526 0.747614 hargrave 2021-11-17 17:24:13 
TT 600 264.2  07.4 265.7  09.2 3.87E-04 005.2 153.7 -44.1 0.327490 3.485972 0.688956 hargrave 2021-11-18 17:03:31 
