CB13- 2a mag compass orientation (IGRF corrected)
      0  17.0  60.0 274.8  10.4   1.0
NRM    271.5  19.0 275.1  19.3 3.16E-02 001.1 304.3  72.1 35.36186 47.54398 13.09380 hargrave 2021-10-29 11:53:08 
TT 100 269.8  15.7 272.8  16.4 3.09E-02 000.6 308.4  68.7 9.818801 27.40536 17.74859 hargrave 2021-10-29 19:21:45 
TT 200 266.1  10.8 268.2  12.2 2.98E-02 002.5 310.3  62.7 95.13424 91.54205 17.85173 hargrave 2021-10-30 16:08:13 
TT 300 264.2  08.2 265.8  10.0 2.82E-02 002.4 310.9  59.5 73.83897 89.78590 25.87400 hargrave 2021-11-01 10:04:37 
TT 325 264.5  07.5 266.0  09.3 2.73E-02 001.4 312.2  59.2 37.91352 51.11529 20.79024 hargrave 2021-11-01 15:45:21 
TT 350 263.1  08.2 264.7  10.1 2.68E-02 002.2 309.4  58.7 65.83408 76.05703 20.32954 hargrave 2021-11-02 11:35:43 
TT 375 261.8  08.6 263.5  10.8 2.60E-02 001.0 307.1  58.2 21.73136 35.48520 19.21366 hargrave 2021-11-02 17:00:52 
TT 400 262.6  08.0 264.2  10.0 2.50E-02 000.9 308.9  58.2 12.96832 30.53022 18.10354 hargrave 2021-11-03 12:17:17 
TT 420 261.5  08.5 263.2  10.7 2.46E-02 001.9 306.8  57.8 53.84064 56.64550 18.20860 hargrave 2021-11-04 13:22:58 
TT 440 261.7  08.0 263.3  10.2 2.14E-02 001.1 307.6  57.6 24.11218 31.34267 17.32748 hargrave 2021-11-05 09:03:05 
TT 460 261.9  07.9 263.5  10.1 1.93E-02 002.1 308.1  57.7 47.54334 49.55159 15.18480 hargrave 2021-11-05 20:07:57 
TT 480 261.7  07.7 263.3  09.9 1.77E-02 001.5 308.1  57.4 29.24957 35.68584 13.07269 hargrave 2021-11-06 15:31:22 
TT 500 260.7  08.6 262.4  11.0 1.57E-02 003.6 305.6  57.4 72.69997 64.49505 11.86967 hargrave 2021-11-07 13:40:31 
TT 520 259.3  09.4 261.2  12.0 1.12E-02 001.7 302.7  57.0 25.40012 21.01720 6.845570 hargrave 2021-11-08 11:35:08 
TT 530 257.0  10.1 259.1  13.2 8.23E-03 001.7 299.1  55.7 19.18743 14.38711 5.388957 hargrave 2021-11-09 11:52:23 
TT 540 256.3  10.2 258.4  13.4 5.95E-03 001.0 298.2  55.3 7.450502 5.841121 4.128315 hargrave 2021-11-09 21:02:16 
TT 550 256.6  09.5 258.5  12.6 3.37E-03 002.0 299.5  55.0 9.771719 5.952896 2.385491 hargrave 2021-11-10 14:59:30 
TT 555 253.3  11.0 255.5  14.7 1.87E-03 004.3 294.0  53.4 12.71395 5.788265 1.152590 hargrave 2021-11-11 09:45:07 
TT 560 258.6  08.1 260.3  10.8 1.63E-03 001.3 303.7  55.5 3.233902 1.817447 0.942124 hargrave 2021-11-12 09:49:12 
TT 565 259.7  15.7 262.7  18.1 4.71E-04 003.1 293.7  61.1 1.622328 2.117224 0.449119 hargrave 2021-11-12 17:36:36 
TT 570 264.7 -01.9 264.5 -00.1 5.25E-04 001.7 322.3  51.6 1.839681 0.354553 0.292028 hargrave 2021-11-13 14:10:36 
TT 576 250.4  04.5 251.5  08.7 4.65E-04 005.1 299.2  47.0 3.958162 1.164272 0.525129 hargrave 2021-11-14 15:23:20 
TT 581 268.7 -02.9 268.2 -01.7 3.94E-04 001.8 328.7  52.8 1.111071 0.518718 0.305770 hargrave 2021-11-16 10:27:57 
TT 586 282.6 -03.6 281.8 -05.0 1.85E-04 004.5 352.0  56.1 1.221296 0.409780 0.727825 hargrave 2021-11-17 10:38:16 
TT 589 238.2  11.4 240.4  17.4 2.72E-04 004.3 281.6  41.1 1.456087 2.251816 0.232091 hargrave 2021-11-17 17:15:43 
TT 600 276.5  07.8 277.9  07.4 1.25E-04 011.1 334.0  65.7 0.597107 2.352298 0.431607 hargrave 2021-11-18 16:55:01 
