CB13- 4a mag compass orientation (IGRF corrected)
      0 343.0  34.0 274.8  10.4   1.0
NRM    284.1  25.7 288.7  23.6 2.26E-02 001.2 049.5  52.3 34.63199 31.39305 12.13937 hargrave 2021-10-29 11:58:21 
TT 100 281.2  20.5 284.9  19.0 2.14E-02 002.2 042.2  48.8 57.79747 54.05582 17.56282 hargrave 2021-10-29 19:26:55 
TT 200 273.9  08.3 275.4  08.3 1.98E-02 003.3 027.3  39.6 54.45530 100.0257 18.39279 hargrave 2021-10-30 16:13:27 
TT 300 271.2  02.1 271.7  02.7 1.88E-02 002.1 022.2  34.1 14.55395 68.28270 21.86017 hargrave 2021-11-01 10:09:02 
TT 325 268.9  00.8 269.1  01.8 1.81E-02 002.2 019.1  33.3 24.88087 64.01476 18.19192 hargrave 2021-11-01 15:49:40 
TT 350 267.9  00.4 268.1  01.6 1.77E-02 003.7 017.8  33.1 39.08790 106.0277 20.93808 hargrave 2021-11-02 11:40:48 
TT 375 266.4 -00.6 266.4  00.9 1.70E-02 003.1 015.9  32.4 27.69503 88.22637 16.79207 hargrave 2021-11-02 17:05:15 
TT 400 270.2 -00.0 270.3  00.8 1.67E-02 000.5 020.4  32.3 5.215782 5.461923 13.65137 hargrave 2021-11-03 12:21:48 
TT 420 265.4 -01.2 265.3  00.5 1.59E-02 006.2 014.6  31.9 42.23221 166.1557 12.61316 hargrave 2021-11-04 13:27:25 
TT 440 267.9 -01.2 267.8  00.1 1.23E-02 003.5 017.5  31.5 18.75186 72.62046 9.849442 hargrave 2021-11-05 09:07:29 
TT 460 269.7 -01.2 269.5 -00.3 9.93E-03 003.7 019.6  31.2 19.22301 60.14690 7.413522 hargrave 2021-11-05 20:12:10 
TT 480 270.4 -01.1 270.3 -00.3 7.75E-03 003.6 020.5  31.2 16.98268 45.92514 5.972524 hargrave 2021-11-06 15:36:23 
TT 500 269.6 -01.4 269.5 -00.4 5.31E-03 003.8 019.5  31.0 10.98805 33.25797 3.951243 hargrave 2021-11-07 13:44:54 
TT 520 268.3 -01.8 268.0 -00.6 2.37E-03 003.1 017.8  30.8 3.043784 12.24020 1.888753 hargrave 2021-11-08 11:40:21 
TT 530 265.1 -02.2 264.9 -00.4 1.09E-03 000.9 014.2  30.9 0.635874 1.337415 0.787213 hargrave 2021-11-09 11:57:36 
TT 540 266.3 -04.2 265.7 -02.6 5.92E-04 001.5 015.2  28.8 0.704147 0.921630 1.097987 hargrave 2021-11-09 21:07:25 
TT 550 269.0 -03.9 268.4 -02.8 3.09E-04 001.1 018.3  28.6 0.479173 0.693928 0.331144 hargrave 2021-11-10 15:04:45 
TT 555 255.8 -16.7 253.2 -13.1 2.01E-04 004.3 002.8  17.3 1.190577 1.349292 0.482550 hargrave 2021-11-11 09:50:19 
TT 560 273.7 -13.3 271.3 -12.9 2.28E-04 003.2 021.3  18.6 0.717896 0.764517 0.964572 hargrave 2021-11-12 09:54:23 
TT 565 305.3 -21.2 301.2 -26.2 1.19E-04 007.7 047.5  01.1 0.347960 2.480707 0.547808 hargrave 2021-11-12 17:41:50 
TT 570 272.8 -02.4 272.4 -02.0 1.73E-04 005.2 022.8  29.4 0.327052 1.802752 0.311471 hargrave 2021-11-13 14:15:50 
TT 576 218.9 -07.8 218.5  00.9 8.90E-05 009.2 323.6  20.3 1.504942 0.525509 0.845243 hargrave 2021-11-14 15:28:30 
TT 581 266.0 -17.8 262.9 -15.9 1.33E-04 004.7 012.8  15.4 1.349711 0.621298 0.323529 hargrave 2021-11-16 10:33:09 
TT 586 311.0 -14.7 308.2 -20.6 8.00E-05 006.2 055.4  04.4 0.507736 0.234149 0.737668 hargrave 2021-11-17 10:43:28 
TT 589 246.5  51.0 259.3  54.9 3.14E-05 037.2 319.6  83.7 0.436001 2.322091 0.383875 hargrave 2021-11-17 17:20:55 
TT 589 218.8  37.8 224.5  46.1 3.55E-05 007.8 294.2  60.9 0.217889 0.393520 0.206470 hargrave 2021-11-17 17:51:01 
TT 600 010.2 -61.4 013.1 -71.8 6.90E-05 015.8 053.9 -58.3 0.160500 2.015678 0.237470 hargrave 2021-11-18 17:00:13 
