CB14- 6a mag compass orientation (IGRF corrected)
      0  24.0   5.0 274.8  10.4   1.0
NRM    256.9  52.4 270.7  54.4 1.01E-02 003.3 318.5  56.3 34.88925 47.00694 9.354143 hargrave 2021-10-29 14:45:56 
TT 100 251.5  51.3 264.7  54.3 9.88E-03 001.5 312.8  54.9 14.81584 19.79904 8.621533 hargrave 2021-10-30 12:00:08 
TT 200 253.3  50.3 266.1  53.1 9.65E-03 003.2 314.9  54.0 34.71057 40.19200 8.957263 hargrave 2021-10-31 14:57:02 
TT 300 250.9  49.0 263.0  52.2 9.30E-03 001.2 312.6  52.5 10.67907 14.18308 7.772458 hargrave 2021-11-01 11:58:03 
TT 325 246.9  48.9 258.9  52.8 9.21E-03 002.3 308.3  52.2 26.82143 25.43483 7.830421 hargrave 2021-11-01 19:22:26 
TT 350 251.3  48.6 263.2  51.8 9.13E-03 003.3 313.0  52.2 35.34227 38.91974 8.302527 hargrave 2021-11-02 13:13:56 
TT 375 252.8  48.0 264.6  50.9 9.03E-03 003.2 314.8  51.7 33.03298 37.52219 8.750102 hargrave 2021-11-02 18:59:31 
TT 400 250.7  48.1 262.4  51.4 9.00E-03 002.2 312.4  51.6 22.81240 24.54409 8.038708 hargrave 2021-11-04 08:28:04 
TT 420 247.4  48.0 258.9  51.9 8.91E-03 002.1 308.9  51.3 23.54883 22.83325 7.311475 hargrave 2021-11-04 15:44:29 
TT 440 251.8  47.8 263.5  50.9 8.77E-03 003.4 313.7  51.4 34.34720 38.16415 8.674922 hargrave 2021-11-05 16:12:35 
TT 460 249.1  47.6 260.5  51.1 8.60E-03 002.7 310.8  51.0 27.97832 29.49884 8.131545 hargrave 2021-11-06 12:03:41 
TT 480 253.0  47.4 264.5  50.3 8.28E-03 003.0 315.0  51.1 28.94481 32.34084 8.980414 hargrave 2021-11-07 10:07:57 
TT 500 250.1  47.3 261.4  50.7 7.90E-03 002.5 311.9  50.8 22.97324 24.84605 7.245730 hargrave 2021-11-07 16:49:42 
TT 520 249.7  47.1 260.9  50.6 7.38E-03 002.9 311.5  50.6 26.87276 25.33392 5.404161 hargrave 2021-11-08 15:26:40 
TT 530 250.5  46.8 261.7  50.1 7.00E-03 002.4 312.5  50.3 21.19048 20.54947 5.233904 hargrave 2021-11-09 14:58:34 
TT 540 248.4  46.6 259.4  50.3 6.47E-03 001.6 310.2  50.0 12.69773 11.94221 3.979079 hargrave 2021-11-10 11:22:23 
TT 545 244.7  46.8 255.6  51.2 6.09E-03 002.8 306.3  50.0 22.93993 18.71477 4.497587 hargrave 2021-11-10 16:44:08 
TT 550 251.9  46.1 262.8  49.3 5.75E-03 001.8 314.0  49.7 12.34301 12.79182 4.177371 hargrave 2021-11-11 15:11:48 
TT 555 251.6  46.3 262.6  49.5 5.30E-03 002.3 313.7  49.9 14.64899 15.63096 3.701745 hargrave 2021-11-12 13:00:29 
TT 560 249.9  46.8 261.1  50.3 4.72E-03 002.4 311.8  50.3 14.61818 13.31961 3.458770 hargrave 2021-11-13 09:51:30 
TT 565 250.4  46.2 261.3  49.6 4.09E-03 001.8 312.4  49.7 9.491407 8.549938 2.912708 hargrave 2021-11-13 18:09:39 
TT 570 248.2  46.7 259.2  50.4 2.89E-03 001.1 310.0  50.0 3.984922 3.545931 1.914820 hargrave 2021-11-15 13:24:24 
TT 575 248.0  46.0 258.8  49.8 2.07E-03 002.6 309.9  49.3 6.905075 6.299557 1.495039 hargrave 2021-11-16 14:06:06 
TT 578 245.1  48.1 256.6  52.3 1.22E-03 001.1 306.6  51.2 1.797150 1.340848 0.743680 hargrave 2021-11-17 13:01:36 
TT 581 242.4  46.6 253.1  51.4 1.02E-03 000.4 303.9  49.6 0.303046 0.481263 0.759784 hargrave 2021-11-18 12:53:13 
TT 587 242.7  50.5 255.1  55.1 8.49E-04 001.3 303.6  53.5 1.582101 0.932788 0.438794 hargrave 2021-11-22 09:56:05 
TT 600 246.4  53.5 260.5  57.3 5.67E-04 003.9 306.9  56.7 3.158757 2.210459 0.258587 hargrave 2021-11-23 09:11:08 
TT 615 229.0  43.0 237.2  49.9 4.88E-04 006.0 290.5  44.9 4.828401 1.675247 0.275183 hargrave 2021-11-23 16:33:53 
TT 630 246.6  68.3 274.1  71.0 3.20E-04 002.4 301.7  71.4 1.299037 0.307911 0.088669 hargrave 2021-11-24 16:06:12 
TT 645 222.1  39.1 228.5  47.0 2.66E-04 007.6 284.1  40.5 3.148692 1.948932 0.598866 hargrave 2021-11-27 13:33:06 
