CB14- 5a mag compass orientation (IGRF corrected)
      0   0.0  11.0 274.8  10.4   1.0
NRM    253.8  51.9 267.4  54.5 1.36E-02 000.6 338.3  62.3 5.676343 9.075702 11.84552 hargrave 2021-10-29 14:44:30 
TT 100 251.1  51.4 264.3  54.5 1.34E-02 002.8 334.8  61.6 20.68688 61.32007 12.38926 hargrave 2021-10-30 11:58:45 
TT 200 248.4  50.6 261.2  54.2 1.32E-02 002.5 331.7  60.6 20.60611 52.19775 11.82045 hargrave 2021-10-31 14:55:38 
TT 300 247.5  49.3 259.6  53.1 1.28E-02 001.0 330.8  59.2 4.630147 18.99267 11.18243 hargrave 2021-11-01 11:56:52 
TT 325 245.7  49.1 257.7  53.2 1.27E-02 003.3 328.6  58.9 31.09632 65.03457 12.10754 hargrave 2021-11-01 19:21:20 
TT 350 247.6  48.8 259.5  52.6 1.26E-02 002.7 331.1  58.7 21.32401 54.31430 11.56904 hargrave 2021-11-02 13:12:48 
TT 375 249.4  48.1 261.1  51.6 1.24E-02 000.8 333.5  58.2 2.816539 14.37867 11.90841 hargrave 2021-11-02 18:58:25 
TT 400 245.2  48.4 256.8  52.6 1.23E-02 002.1 328.2  58.1 17.84610 39.74336 11.93634 hargrave 2021-11-04 08:26:58 
TT 420 246.3  48.1 257.8  52.2 1.22E-02 002.2 329.6  57.9 16.13120 42.32690 12.11222 hargrave 2021-11-04 15:43:23 
TT 440 248.7  47.8 260.2  51.5 1.20E-02 001.3 332.7  57.9 5.191324 24.32769 11.81394 hargrave 2021-11-05 16:11:29 
TT 460 248.1  47.7 259.6  51.4 1.18E-02 002.3 332.0  57.6 15.02175 43.44249 11.34451 hargrave 2021-11-06 12:02:35 
TT 480 246.8  47.7 258.1  51.6 1.15E-02 002.1 330.3  57.5 15.51393 37.25211 12.71139 hargrave 2021-11-07 10:06:50 
TT 500 245.5  47.5 256.8  51.8 1.10E-02 001.5 328.8  57.3 9.487664 26.49674 10.56065 hargrave 2021-11-07 16:48:18 
TT 520 245.0  47.5 256.2  51.8 1.05E-02 003.0 328.2  57.2 25.29706 48.19243 8.747407 hargrave 2021-11-08 15:25:16 
TT 530 247.5  47.1 258.7  51.0 1.01E-02 003.3 331.4  57.0 24.31801 52.07577 8.553792 hargrave 2021-11-09 14:57:10 
TT 540 245.1  47.1 256.1  51.4 9.24E-03 002.3 328.4  56.8 16.50808 33.03475 6.258351 hargrave 2021-11-10 11:19:09 
TT 545 248.8  46.6 259.9  50.3 8.76E-03 002.8 333.2  56.7 16.32261 39.44944 7.646636 hargrave 2021-11-10 16:42:44 
TT 550 248.6  46.6 259.6  50.3 8.33E-03 001.3 332.8  56.6 6.380395 16.29424 6.764592 hargrave 2021-11-11 15:09:34 
TT 555 249.6  46.2 260.5  49.8 7.59E-03 000.8 334.2  56.4 2.186578 8.796201 5.829231 hargrave 2021-11-12 12:59:04 
TT 560 248.0  46.6 259.0  50.4 7.05E-03 003.3 332.1  56.6 17.91103 36.83541 6.397712 hargrave 2021-11-13 09:49:17 
TT 565 246.0  46.6 256.9  50.8 6.03E-03 003.8 329.6  56.4 19.00573 35.56800 5.379323 hargrave 2021-11-13 18:08:15 
TT 570 247.2  46.8 258.3  50.7 4.17E-03 002.6 331.2  56.7 8.852004 16.36929 3.574992 hargrave 2021-11-15 13:22:59 
TT 575 247.6  46.2 258.5  50.1 3.11E-03 002.7 331.8  56.2 6.323491 13.33313 2.491174 hargrave 2021-11-16 14:04:42 
TT 578 248.9  47.3 260.2  50.9 1.95E-03 001.2 333.1  57.4 1.757011 3.641873 1.511936 hargrave 2021-11-17 13:00:11 
TT 581 244.3  46.9 255.2  51.4 1.72E-03 000.6 327.5  56.6 0.903492 1.355239 1.380999 hargrave 2021-11-18 12:51:49 
TT 587 246.9  48.3 258.5  52.2 1.27E-03 001.2 330.3  58.1 1.332959 2.226863 0.858904 hargrave 2021-11-22 09:54:38 
TT 600 250.1  51.2 263.1  54.4 8.01E-04 002.2 333.6  61.3 1.905437 2.382552 0.392684 hargrave 2021-11-23 09:09:41 
TT 615 235.2  50.9 247.1  56.7 6.17E-04 003.9 315.1  59.3 3.136295 2.860786 0.339980 hargrave 2021-11-23 16:32:26 
TT 630 264.0  56.2 279.8  56.7 4.55E-04 000.9 351.5  67.1 0.715193 0.287328 0.217425 hargrave 2021-11-24 16:04:44 
TT 645 219.3  35.6 224.5  43.9 2.76E-04 005.9 302.1  42.0 2.240513 1.762542 0.158720 hargrave 2021-11-27 13:31:39 
