CB14- 4a mag compass orientation (IGRF corrected)
      0 109.0   9.0 274.8  10.4   1.0
NRM    272.4  64.3 293.3  62.8 7.76E-03 000.4 237.7  60.5 1.914141 3.450004 3.395436 hargrave 2021-10-29 14:43:05 
TT 100 268.0  63.0 288.3  62.4 7.43E-03 001.6 234.7  58.7 16.15789 13.30311 3.766430 hargrave 2021-10-30 11:57:21 
TT 200 261.4  60.2 279.9  60.9 6.84E-03 002.2 230.5  55.1 18.17619 17.66657 4.740808 hargrave 2021-10-31 14:54:14 
TT 300 259.5  55.7 275.1  57.1 6.15E-03 001.1 230.5  50.6 7.010525 7.660916 5.019036 hargrave 2021-11-01 11:55:45 
TT 325 251.5  55.2 266.8  58.0 5.90E-03 003.4 223.9  49.1 23.19820 26.30196 5.617017 hargrave 2021-11-01 19:20:15 
TT 350 259.8  53.8 274.3  55.2 5.84E-03 001.4 231.4  48.7 9.764510 8.923369 5.413915 hargrave 2021-11-02 13:11:39 
TT 375 255.5  52.7 269.5  55.0 5.71E-03 001.3 228.0  47.2 8.476806 8.895571 5.034723 hargrave 2021-11-02 18:57:19 
TT 400 255.5  52.4 269.3  54.6 5.73E-03 001.9 228.1  46.8 12.79363 12.43697 6.264751 hargrave 2021-11-04 08:25:51 
TT 420 252.0  52.0 265.6  54.9 5.66E-03 003.7 225.2  46.1 25.23262 26.45741 5.975117 hargrave 2021-11-04 15:42:13 
TT 440 254.0  51.0 267.1  53.6 5.60E-03 002.8 227.1  45.3 19.16847 18.92935 6.299282 hargrave 2021-11-05 16:10:23 
TT 460 257.7  50.1 270.4  52.0 5.49E-03 004.5 230.7  44.9 32.62429 28.05277 5.538456 hargrave 2021-11-06 12:01:28 
TT 480 256.4  49.9 269.0  52.1 5.30E-03 003.1 229.5  44.6 20.91177 18.82628 5.950697 hargrave 2021-11-07 10:05:40 
TT 500 254.1  49.3 266.4  51.9 5.10E-03 000.9 227.6  43.6 4.330581 4.629655 5.735203 hargrave 2021-11-07 16:46:54 
TT 520 253.8  47.7 265.4  50.5 4.65E-03 002.6 227.8  42.1 14.97928 13.79958 5.378142 hargrave 2021-11-08 15:23:51 
TT 530 255.1  48.0 266.9  50.5 4.20E-03 004.8 228.9  42.5 26.60707 23.39828 4.401594 hargrave 2021-11-09 14:55:46 
TT 540 256.0  49.1 268.2  51.4 2.18E-03 000.7 229.4  43.7 1.082432 1.114044 2.918702 hargrave 2021-11-10 11:17:45 
TT 545 257.5  50.5 270.4  52.5 1.66E-03 001.7 230.4  45.3 3.880651 2.998910 1.601350 hargrave 2021-11-10 16:41:21 
TT 550 253.3  49.7 265.7  52.5 1.50E-03 002.8 226.8  44.0 5.564827 4.624293 1.813283 hargrave 2021-11-11 15:08:09 
TT 555 258.5  55.2 273.9  56.8 9.92E-04 001.5 229.9  50.0 2.006882 1.544696 0.936845 hargrave 2021-11-12 12:57:40 
TT 560 252.4  55.2 267.7  57.9 8.97E-04 005.6 224.6  49.3 6.933747 5.557068 2.339391 hargrave 2021-11-13 09:47:53 
TT 565 250.1  55.4 265.4  58.5 6.51E-04 001.9 222.6  49.2 2.024675 1.024358 1.063110 hargrave 2021-11-13 18:06:01 
TT 570 242.2  55.7 257.3  60.1 3.54E-04 003.1 215.8  48.7 2.796852 0.327934 1.768123 hargrave 2021-11-15 13:21:35 
TT 575 249.3  49.5 261.6  52.9 2.69E-04 001.0 223.4  43.3 0.461286 0.198257 0.223985 hargrave 2021-11-16 14:02:26 
TT 578 208.3  62.0 220.2  71.1 1.54E-04 001.4 187.3  53.1 0.630123 0.190758 0.350857 hargrave 2021-11-17 12:58:39 
TT 581 242.5  41.5 251.4  46.4 1.75E-04 002.5 218.9  34.7 0.861077 0.169163 0.172093 hargrave 2021-11-18 12:50:25 
TT 587 194.7  56.5 198.6  66.7 1.74E-04 003.2 176.5  47.5 0.184143 0.961772 0.400041 hargrave 2021-11-22 09:53:08 
TT 600 164.5  31.4 161.7  41.0 1.60E-04 002.5 148.1  23.8 1.150923 0.163531 0.676047 hargrave 2021-11-23 09:08:11 
TT 615 250.1  32.1 256.7  36.0 1.89E-04 005.5 227.3  26.2 1.865332 0.668041 0.342648 hargrave 2021-11-23 16:30:56 
TT 630 133.3  33.7 127.0  39.8 1.61E-04 002.9 119.3  29.7 0.868075 0.151204 0.132944 hargrave 2021-11-24 16:03:14 
TT 645 261.1  01.6 261.6  04.1 1.93E-04 006.6 242.2 -02.6 3.052349 1.471946 0.770064 hargrave 2021-11-27 13:30:09 
