CB14- 1a mag compass orientation (IGRF corrected)
      0  74.0   4.0 274.8  10.4   1.0
NRM    094.8  58.6 078.3  57.1 1.13E-02 000.5 116.7  57.0 8.298011 2.143442 6.941332 hargrave 2021-10-29 14:38:31 
TT 100 093.5  58.0 077.5  56.3 1.10E-02 001.8 115.3  56.5 32.40896 13.07767 7.058547 hargrave 2021-10-30 11:52:51 
TT 200 086.3  55.3 072.5  52.5 1.02E-02 001.7 107.8  54.2 29.43816 8.491253 5.884496 hargrave 2021-10-31 14:49:44 
TT 300 079.4  52.4 067.6  48.6 9.39E-03 002.0 100.5  51.8 31.61685 4.771312 5.147249 hargrave 2021-11-01 11:51:57 
TT 325 081.2  51.9 069.4  48.4 9.12E-03 000.4 102.2  51.2 4.812824 1.151557 5.184584 hargrave 2021-11-01 19:15:58 
TT 350 078.9  51.3 067.5  47.4 8.83E-03 001.7 099.8  50.8 25.88323 2.379414 5.439259 hargrave 2021-11-02 13:07:52 
TT 375 077.5  50.6 066.6  46.5 8.48E-03 001.5 098.3  50.2 21.71738 3.068271 4.624228 hargrave 2021-11-02 18:53:40 
TT 400 076.8  50.6 065.9  46.4 8.34E-03 002.3 097.6  50.2 33.06134 2.856390 4.619877 hargrave 2021-11-04 08:22:05 
TT 420 077.2  50.3 066.5  46.2 8.20E-03 002.6 098.0  49.9 36.08528 5.007164 4.485064 hargrave 2021-11-04 15:38:32 
TT 440 074.4  49.7 064.1  45.2 8.09E-03 002.2 095.1  49.5 31.41738 2.530238 4.495933 hargrave 2021-11-05 16:05:54 
TT 460 072.5  49.5 062.5  44.7 7.89E-03 003.9 093.2  49.5 52.91784 4.096420 4.316794 hargrave 2021-11-06 11:57:39 
TT 480 073.1  49.0 063.3  44.3 7.53E-03 003.0 093.7  48.9 39.67126 2.086884 4.165867 hargrave 2021-11-07 10:02:00 
TT 500 075.4  48.5 065.4  44.2 7.04E-03 001.7 095.9  48.3 20.12311 3.297712 3.943175 hargrave 2021-11-07 16:42:23 
TT 520 073.7  48.1 064.0  43.5 6.44E-03 003.6 094.1  47.9 39.83572 3.487494 3.731759 hargrave 2021-11-08 15:19:19 
TT 530 074.1  47.4 064.6  42.9 5.92E-03 002.6 094.5  47.2 27.08065 2.864100 3.412942 hargrave 2021-11-09 14:49:37 
TT 540 072.1  47.6 062.8  42.8 4.94E-03 003.8 092.5  47.5 32.42758 1.750975 3.193407 hargrave 2021-11-10 11:13:14 
TT 545 073.6  47.0 064.3  42.4 4.01E-03 004.6 093.9  46.9 31.99856 2.108633 2.454748 hargrave 2021-11-10 16:36:51 
TT 550 075.4  46.8 066.0  42.5 3.34E-03 002.0 095.6  46.6 11.52756 1.471340 1.887409 hargrave 2021-11-11 15:03:32 
TT 555 072.9  46.7 063.8  42.0 2.78E-03 001.5 093.1  46.6 7.039576 1.432799 1.618146 hargrave 2021-11-12 12:53:09 
TT 560 074.7  49.0 064.7  44.6 1.62E-03 002.5 095.3  48.8 7.050790 0.630876 1.258856 hargrave 2021-11-13 09:43:23 
TT 565 077.0  46.2 067.6  42.2 1.19E-03 003.0 097.1  45.9 6.311915 0.362373 0.729819 hargrave 2021-11-13 18:01:21 
TT 570 077.4  46.8 067.8  42.9 8.28E-04 000.9 097.6  46.4 0.594391 0.986815 0.844295 hargrave 2021-11-15 13:17:05 
TT 575 086.0  52.1 073.6  49.3 3.29E-04 002.8 106.9  51.1 1.554448 0.333831 0.191101 hargrave 2021-11-16 13:57:55 
TT 578 077.3  42.1 069.1  38.3 2.94E-04 001.7 096.9  41.8 0.261707 0.857309 0.409759 hargrave 2021-11-17 12:54:08 
TT 581 094.9  52.8 081.6  51.6 1.60E-04 001.9 115.6  51.2 0.493939 0.216237 0.165553 hargrave 2021-11-18 12:45:52 
