CB14- 2a mag compass orientation (IGRF corrected)
      0 280.0   5.0 274.8  10.4   1.0
NRM    252.6  62.9 273.6  65.0 1.12E-02 000.9 072.0  64.8 15.86596 5.269873 5.028808 hargrave 2021-10-29 14:40:05 
TT 100 252.7  62.2 273.1  64.3 1.10E-02 001.9 071.9  64.1 34.18890 9.729916 5.376137 hargrave 2021-10-30 11:54:24 
TT 200 247.2  59.0 264.9  62.4 1.04E-02 003.5 064.9  61.4 58.03497 23.34047 5.874724 hargrave 2021-10-31 14:51:17 
TT 300 244.6  55.7 259.9  59.8 9.69E-03 003.3 061.2  58.4 49.19639 25.41048 5.719994 hargrave 2021-11-01 11:53:16 
TT 325 243.9  54.7 258.5  58.9 9.38E-03 003.1 060.1  57.4 44.73228 23.00629 5.797665 hargrave 2021-11-01 19:17:13 
TT 350 239.5  53.8 253.3  58.8 9.08E-03 001.5 055.2  56.9 20.58037 12.09183 5.733620 hargrave 2021-11-02 13:09:13 
TT 375 244.4  53.3 258.3  57.4 8.70E-03 002.0 060.3  56.0 27.08281 13.09855 5.745774 hargrave 2021-11-02 18:54:56 
TT 400 242.0  52.8 255.5  57.4 8.56E-03 002.7 057.7  55.7 35.07945 19.88727 5.548177 hargrave 2021-11-04 08:23:25 
TT 420 243.6  52.4 256.9  56.8 8.43E-03 002.5 059.3  55.2 32.22645 16.22050 5.451419 hargrave 2021-11-04 15:39:48 
TT 440 244.5  51.8 257.6  56.1 8.29E-03 000.8 060.1  54.5 9.881462 6.215982 5.278298 hargrave 2021-11-05 16:07:13 
TT 460 242.1  51.2 254.8  55.9 7.96E-03 002.1 057.5  54.1 25.60797 12.77065 5.480969 hargrave 2021-11-06 11:58:58 
TT 480 244.6  50.9 257.3  55.1 7.57E-03 001.8 060.1  53.6 19.96213 11.09830 5.684926 hargrave 2021-11-07 10:03:16 
TT 500 245.5  50.4 258.0  54.5 7.07E-03 001.3 060.9  53.0 14.48731 5.930454 5.002775 hargrave 2021-11-07 16:43:56 
TT 520 243.9  49.5 255.9  54.0 6.22E-03 002.4 059.0  52.3 22.19914 12.51625 3.907833 hargrave 2021-11-08 15:20:52 
TT 530 245.4  49.2 257.3  53.4 5.49E-03 003.9 060.5  51.8 32.42008 17.77031 3.400140 hargrave 2021-11-09 14:51:10 
TT 540 240.5  50.7 252.8  55.7 2.29E-03 001.8 055.7  53.7 32.72018 36.74233 67.66543 hargrave 2021-11-10 11:14:47 
TT 545 239.2  49.1 250.6  54.3 2.27E-03 004.0 053.9  52.2 12.46567 9.786066 1.721443 hargrave 2021-11-10 16:38:23 
TT 550 240.8  51.0 253.3  55.9 1.72E-03 002.5 056.0  54.0 5.641174 5.026536 0.977960 hargrave 2021-11-11 15:05:06 
TT 555 241.0  49.5 252.8  54.4 1.13E-03 000.9 056.0  52.5 1.326268 0.974024 0.747893 hargrave 2021-11-12 12:54:43 
TT 560 245.9  56.3 261.7  60.1 8.60E-04 001.3 062.7  58.9 0.694788 1.592168 1.012123 hargrave 2021-11-13 09:44:56 
TT 565 251.6  53.8 266.1  56.7 5.42E-04 001.9 068.1  56.0 1.192558 1.426654 0.315378 hargrave 2021-11-13 18:02:59 
TT 570 255.8  43.3 265.8  45.8 3.68E-04 002.4 070.4  45.2 0.251502 1.334750 0.778024 hargrave 2021-11-15 13:18:38 
TT 575 253.0  66.2 277.5  68.0 2.18E-04 000.8 074.0  68.0 0.174828 0.249204 0.066850 hargrave 2021-11-16 13:59:29 
TT 578 265.0  49.7 277.4  50.3 2.28E-04 002.0 080.8  50.7 0.303005 0.805192 0.223328 hargrave 2021-11-17 12:55:42 
TT 581 248.4  74.5 288.2  75.8 1.49E-04 001.9 076.3  76.5 0.308150 0.443061 0.154702 hargrave 2021-11-18 12:47:26 
