CB15- 2a mag compass orientation (IGRF corrected)
      0  52.0  74.0 274.8  10.4   1.0
NRM    273.3  49.0 285.1  48.2 2.36E-02 004.1 219.1  38.6 97.23042 136.7805 26.08925 hargrave 2021-10-29 14:52:56 
TT 100 266.4  43.3 276.4  43.9 2.20E-02 001.9 227.7  35.8 44.91108 53.67237 21.60118 hargrave 2021-10-30 12:06:14 
TT 200 264.4  42.4 274.1  43.4 2.14E-02 002.6 229.1  34.5 66.99066 68.22867 21.78368 hargrave 2021-10-31 15:03:58 
TT 300 262.0  40.2 271.0  41.7 2.05E-02 005.3 232.1  33.1 145.4105 121.4423 19.97100 hargrave 2021-11-01 12:03:09 
TT 325 261.2  39.2 269.8  40.9 2.03E-02 002.9 233.3  32.5 78.54488 66.02008 20.44361 hargrave 2021-11-01 19:28:43 
TT 350 260.7  38.7 269.3  40.5 2.00E-02 002.5 234.0  32.2 66.29428 55.19269 20.48417 hargrave 2021-11-02 13:19:43 
TT 375 259.7  38.3 268.1  40.3 1.90E-02 000.9 234.5  31.5 13.16611 17.84513 20.05491 hargrave 2021-11-02 19:04:26 
TT 400 260.0  38.8 268.6  40.8 1.89E-02 004.0 233.9  31.6 102.5766 81.90268 21.02320 hargrave 2021-11-04 08:33:04 
TT 420 259.9  39.3 268.6  41.2 1.86E-02 003.7 233.4  31.5 92.27013 75.52846 19.52587 hargrave 2021-11-04 15:49:29 
TT 440 259.7  38.2 268.1  40.2 1.82E-02 001.3 234.6  31.5 24.69129 24.70696 20.35308 hargrave 2021-11-05 16:17:45 
TT 460 259.8  40.1 268.7  42.0 1.79E-02 002.5 232.4  31.3 56.14405 49.73788 19.83186 hargrave 2021-11-06 12:08:45 
TT 480 259.4  38.4 267.8  40.4 1.71E-02 002.6 234.4  31.2 57.67707 47.00218 18.13385 hargrave 2021-11-07 10:13:43 
TT 500 259.5  38.6 268.0  40.6 1.54E-02 003.1 234.1  31.3 62.37787 52.30237 17.51376 hargrave 2021-11-07 16:56:36 
TT 520 259.1  41.7 268.6  43.7 1.32E-02 002.4 230.6  30.7 38.18767 36.29868 14.05726 hargrave 2021-11-08 15:33:38 
TT 530 259.0  38.9 267.6  41.0 1.18E-02 002.0 233.9  30.9 29.87843 26.10881 11.25216 hargrave 2021-11-09 15:05:30 
TT 540 259.1  42.6 268.9  44.6 9.80E-03 002.6 229.5  30.6 29.58344 31.69447 11.00694 hargrave 2021-11-10 11:28:28 
TT 545 259.3  43.4 269.4  45.3 8.41E-03 001.5 228.7  30.7 13.93008 15.25589 8.368002 hargrave 2021-11-10 16:51:01 
TT 550 259.0  41.0 268.2  43.0 7.05E-03 003.1 231.5  30.6 28.59271 24.67840 6.945706 hargrave 2021-11-11 15:17:54 
TT 555 258.7  40.2 267.7  42.4 5.69E-03 001.3 232.3  30.5 10.43474 6.385215 5.245737 hargrave 2021-11-12 13:06:36 
TT 560 262.5  43.0 272.4  44.3 1.97E-03 003.7 228.7  33.0 10.28239 7.379282 3.136011 hargrave 2021-11-13 09:57:37 
TT 565 270.3  43.2 280.1  43.1 1.30E-03 004.4 227.0  38.5 7.166907 6.864818 1.601599 hargrave 2021-11-13 18:16:38 
TT 570 269.7  36.4 277.5  36.6 8.32E-04 002.0 235.7  39.6 3.183368 0.397406 2.375264 hargrave 2021-11-15 13:30:30 
TT 575 257.6  41.4 266.9  43.6 6.74E-04 004.9 231.1  29.6 4.425887 3.757212 0.629070 hargrave 2021-11-16 14:13:06 
TT 578 255.4  39.3 264.1  42.0 5.28E-04 003.2 233.6  28.1 2.419676 1.654207 0.689379 hargrave 2021-11-17 13:07:40 
TT 581 257.7  31.1 264.2  33.6 5.27E-04 002.2 242.9  30.0 1.854435 0.789473 0.367779 hargrave 2021-11-18 12:59:21 
TT 587 240.9  62.2 260.9  66.5 4.23E-04 003.5 209.0  18.3 1.291424 2.182245 0.771528 hargrave 2021-11-22 10:01:44 
TT 600 260.9  48.9 273.1  50.4 4.13E-04 004.7 222.1  30.8 3.430405 1.426625 0.573253 hargrave 2021-11-23 09:16:49 
TT 615 257.4  64.1 279.4  65.3 2.78E-04 008.4 205.9  25.3 2.114112 3.558346 0.420768 hargrave 2021-11-23 16:39:36 
TT 630 254.3  10.4 256.4  13.8 2.53E-04 002.8 265.6  24.1 1.224296 0.383059 0.227915 hargrave 2021-11-24 16:11:51 
TT 645 254.5  10.8 256.7  14.3 2.10E-04 007.2 265.2  24.4 2.690358 2.173827 0.231738 hargrave 2021-11-27 13:39:34 
