CB15- 3a mag compass orientation (IGRF corrected)
      0 314.0   8.0 274.8  10.4   1.0
NRM    293.9  56.8 307.1  52.2 2.25E-02 001.6 082.3  58.7 63.32893 5.851117 9.959332 hargrave 2021-10-29 14:56:32 
TT 100 271.4  49.7 283.6  49.3 1.91E-02 004.1 055.5  54.8 118.6991 70.41804 13.92422 hargrave 2021-10-30 12:10:34 
TT 200 266.8  48.2 278.6  48.6 1.84E-02 004.7 050.0  53.8 121.2367 87.66574 14.67700 hargrave 2021-10-31 15:08:22 
TT 300 265.3  46.0 276.3  46.7 1.78E-02 004.5 047.8  51.7 111.3520 86.77151 14.41990 hargrave 2021-11-01 12:06:51 
TT 325 261.3  45.4 272.1  46.8 1.77E-02 002.3 043.2  51.5 55.45499 43.37695 14.43880 hargrave 2021-11-01 19:31:38 
TT 350 266.0  45.6 276.8  46.3 1.75E-02 002.5 048.4  51.3 60.95290 43.82985 12.57158 hargrave 2021-11-02 13:22:53 
TT 375 263.9  45.3 274.6  46.3 1.63E-02 000.9 046.0  51.2 21.48861 8.329524 13.75845 hargrave 2021-11-02 19:07:23 
TT 400 263.0  45.3 273.7  46.5 1.62E-02 003.3 045.0  51.3 72.28860 58.91334 14.73303 hargrave 2021-11-04 08:36:04 
TT 420 261.9  44.9 272.5  46.3 1.60E-02 001.9 043.7  51.0 42.58065 29.00764 14.62156 hargrave 2021-11-04 15:52:31 
TT 440 264.5  45.4 275.2  46.3 1.56E-02 000.9 046.7  51.2 21.10226 7.358756 13.54342 hargrave 2021-11-05 16:20:51 
TT 460 262.8  45.1 273.4  46.3 1.53E-02 001.6 044.7  51.1 34.94680 19.93069 14.47671 hargrave 2021-11-06 12:11:47 
TT 480 263.1  45.6 273.9  46.8 1.44E-02 001.4 045.2  51.6 28.95340 17.18231 13.42860 hargrave 2021-11-07 10:16:48 
TT 500 263.9  46.6 275.1  47.5 1.31E-02 003.5 046.3  52.4 63.09066 48.37109 12.22898 hargrave 2021-11-07 17:01:49 
TT 520 261.8  47.2 273.2  48.5 1.18E-02 004.7 044.1  53.3 70.64145 65.76091 8.126282 hargrave 2021-11-08 15:37:14 
TT 530 264.3  47.2 275.7  48.0 1.11E-02 002.9 047.0  53.0 45.31108 33.87362 8.072303 hargrave 2021-11-09 15:09:04 
TT 540 261.9  47.5 273.5  48.7 9.94E-03 000.8 044.3  53.5 11.21914 6.344095 5.029239 hargrave 2021-11-10 11:32:02 
TT 545 263.9  47.8 275.5  48.8 9.03E-03 002.0 046.6  53.7 25.45249 17.49641 6.649198 hargrave 2021-11-10 16:55:23 
TT 550 260.0  47.6 271.6  49.3 8.10E-03 001.7 042.2  53.9 17.62726 15.21272 5.206535 hargrave 2021-11-11 15:21:29 
TT 555 261.9  47.4 273.5  48.7 7.48E-03 003.1 044.3  53.5 28.97705 27.27759 3.974322 hargrave 2021-11-12 13:10:11 
TT 560 262.6  48.0 274.4  49.1 5.74E-03 001.8 045.2  53.9 13.53176 11.67955 3.854108 hargrave 2021-11-13 10:01:12 
TT 565 263.0  47.1 274.4  48.2 5.35E-03 001.2 045.4  53.0 9.515106 5.445648 3.899024 hargrave 2021-11-13 18:20:12 
TT 570 261.6  47.5 273.2  48.9 4.62E-03 003.7 044.0  53.6 20.52152 21.44140 2.927540 hargrave 2021-11-15 13:34:05 
TT 575 258.6  46.7 269.9  48.6 1.92E-03 072.0 040.5  53.1 93.68972 79.88359 163.9199 hargrave 2021-11-16 14:16:41 
TT 575 260.1  47.3 271.6  48.9 3.84E-03 003.1 042.2  53.5 14.52198 14.29949 2.784536 hargrave 2021-11-16 16:41:08 
TT 578 261.1  48.0 272.9  49.5 2.86E-03 001.2 043.6  54.2 4.463715 3.284342 2.031635 hargrave 2021-11-17 13:11:15 
TT 581 264.4  49.5 276.7  50.2 2.50E-03 000.4 047.6  55.2 1.042864 0.731864 1.864787 hargrave 2021-11-18 13:02:56 
TT 587 260.7  49.4 273.1  50.9 1.92E-03 002.1 043.4  55.6 17.17986 24.96668 43.77474 hargrave 2021-11-22 10:03:14 
TT 600 263.2  46.4 274.3  47.5 2.00E-03 003.4 045.4  52.3 7.865209 9.139340 2.140809 hargrave 2021-11-23 09:18:19 
TT 615 255.0  47.2 266.4  49.8 8.84E-04 001.8 036.4  53.9 1.608417 2.135867 0.714195 hargrave 2021-11-23 16:41:08 
TT 630 243.4  50.8 256.0  55.3 3.51E-04 000.6 023.6  58.3 0.373529 0.422379 0.339044 hargrave 2021-11-24 16:13:21 
TT 645 254.8  59.3 272.8  61.4 1.44E-04 004.4 039.7  65.9 2.366051 1.669865 4.120259 hargrave 2021-11-27 13:41:05 
