CB15- 6a mag compass orientation (IGRF corrected)
      0 170.0  63.0 274.8  10.4   1.0
NRM    256.0  59.2 273.9  61.0 2.59E-02 002.7 177.9 -03.7 4.298395 111.8867 47.05545 hargrave 2021-10-29 15:00:51 
TT 100 245.7  47.7 257.1  51.8 2.10E-02 005.5 170.1 -14.2 27.17542 197.0905 38.42305 hargrave 2021-10-30 12:14:50 
TT 200 246.7  45.5 257.2  49.5 2.02E-02 002.7 170.3 -16.5 8.039339 88.12544 37.91948 hargrave 2021-10-31 15:12:38 
TT 300 244.7  42.8 254.1  47.3 1.89E-02 005.3 168.2 -18.8 28.07011 171.6996 30.80482 hargrave 2021-11-01 12:10:18 
TT 325 239.4  41.1 247.9  46.5 1.87E-02 002.7 163.6 -19.3 16.33545 80.76169 31.58297 hargrave 2021-11-01 19:35:44 
TT 350 241.0  41.1 249.6  46.2 1.83E-02 007.2 164.9 -19.7 50.22979 221.4007 32.24557 hargrave 2021-11-02 13:27:08 
TT 375 246.6  42.0 255.9  46.1 1.77E-02 003.1 169.5 -19.9 9.069899 89.56770 31.09450 hargrave 2021-11-02 19:11:29 
TT 400 239.5  40.2 247.8  45.6 1.73E-02 002.7 163.5 -20.1 13.57040 73.69332 32.34248 hargrave 2021-11-04 08:40:19 
TT 420 239.6  40.2 247.9  45.6 1.68E-02 004.5 163.5 -20.2 28.24977 126.8649 31.84331 hargrave 2021-11-04 15:55:56 
TT 440 239.4  40.0 247.6  45.4 1.62E-02 006.2 163.3 -20.3 41.26404 168.7401 30.02786 hargrave 2021-11-05 16:24:20 
TT 460 241.9  40.8 250.6  45.8 1.57E-02 003.6 165.5 -20.1 16.32487 94.37057 28.63465 hargrave 2021-11-06 12:15:16 
TT 480 239.3  40.8 247.8  46.2 1.42E-02 004.6 163.5 -19.5 25.35686 107.5131 26.46503 hargrave 2021-11-07 10:20:16 
TT 500 238.1  41.5 246.7  47.1 1.23E-02 003.1 162.9 -18.5 12.70480 61.20134 21.72827 hargrave 2021-11-07 17:06:06 
TT 520 237.4  42.3 246.2  48.0 1.02E-02 006.1 162.6 -17.6 28.30673 103.8100 17.01964 hargrave 2021-11-08 15:42:22 
TT 530 239.2  43.2 248.4  48.6 8.87E-03 002.7 164.3 -17.3 7.557640 39.76517 13.20921 hargrave 2021-11-09 15:13:21 
TT 540 235.5  42.7 244.3  48.7 7.13E-03 002.7 161.5 -16.7 8.538073 30.24421 10.77103 hargrave 2021-11-10 11:37:06 
TT 545 233.2  41.7 241.4  48.1 5.67E-03 001.8 159.4 -16.9 2.916782 15.13399 8.301533 hargrave 2021-11-10 16:59:39 
TT 550 238.5  43.7 247.8  49.2 4.42E-03 002.4 163.9 -16.6 3.289955 16.95930 6.430776 hargrave 2021-11-11 15:25:47 
TT 555 240.6  44.2 250.3  49.3 3.88E-03 007.4 165.6 -16.6 10.67036 49.01603 6.081720 hargrave 2021-11-12 13:14:28 
TT 560 238.0  43.4 247.2  49.0 2.95E-03 001.4 163.5 -16.7 0.760506 5.476623 4.526398 hargrave 2021-11-13 10:05:31 
TT 565 238.8  44.1 248.3  49.5 2.69E-03 003.6 164.3 -16.3 3.269586 16.18858 4.178681 hargrave 2021-11-13 18:24:29 
TT 570 244.5  45.2 254.8  49.7 2.25E-03 001.0 168.7 -16.4 1.272831 1.718593 3.487577 hargrave 2021-11-15 13:38:21 
TT 575 238.8  43.1 248.0  48.6 1.75E-03 003.7 164.0 -17.2 2.208267 10.94162 2.434858 hargrave 2021-11-16 14:20:58 
TT 578 238.0  42.4 246.9  48.0 1.27E-03 001.4 163.1 -17.7 1.436769 2.122101 1.686305 hargrave 2021-11-17 13:15:32 
TT 581 244.2  41.8 253.3  46.4 1.02E-03 004.4 167.5 -19.6 1.036515 7.646645 1.254867 hargrave 2021-11-18 13:07:14 
TT 587 243.5  43.2 253.0  47.9 1.02E-03 004.5 167.4 -18.2 1.340078 7.845815 1.576132 hargrave 2021-11-22 10:10:02 
TT 600 240.8  39.3 248.9  44.5 7.75E-04 004.6 164.1 -21.3 0.948946 6.097406 1.310215 hargrave 2021-11-23 09:25:07 
TT 615 259.9  44.0 270.2  45.8 4.27E-04 003.9 180.0 -19.0 0.457585 2.796054 0.684063 hargrave 2021-11-23 16:47:55 
TT 630 228.9  43.5 237.2  50.5 3.73E-04 003.5 157.3 -13.9 0.287121 2.224713 0.617882 hargrave 2021-11-24 16:20:58 
TT 645 278.2  39.1 286.4  37.8 1.62E-04 003.5 195.1 -21.7 1.025316 0.403282 0.438509 hargrave 2021-11-27 13:47:52 
