CB15- 5a mag compass orientation (IGRF corrected)
      0 159.0  96.0 274.8  10.4   1.0
NRM    286.8  53.6 299.4  50.3 2.24E-02 001.0 205.9 -33.4 15.08718 8.169240 34.48465 hargrave 2021-10-29 14:59:27 
TT 100 273.8  45.8 284.3  45.0 1.86E-02 004.6 204.3 -44.8 74.55587 127.3144 24.64154 hargrave 2021-10-30 12:13:28 
TT 200 271.2  42.6 280.8  42.4 1.77E-02 003.4 204.8 -48.4 57.75605 86.47216 22.06221 hargrave 2021-10-31 15:11:16 
TT 300 267.9  39.0 276.4  39.5 1.65E-02 001.8 204.6 -52.8 32.12745 36.09747 17.59176 hargrave 2021-11-01 12:09:12 
TT 325 265.3  39.6 274.0  40.6 1.61E-02 003.6 201.2 -53.3 50.04238 85.76591 18.48556 hargrave 2021-11-01 19:34:38 
TT 350 264.0  39.6 272.8  40.8 1.57E-02 002.2 199.7 -53.7 8.066780 57.02493 16.89750 hargrave 2021-11-02 13:25:59 
TT 375 266.1  38.1 274.4  39.0 1.48E-02 002.1 203.3 -54.3 33.71791 39.23317 16.97775 hargrave 2021-11-02 19:09:42 
TT 400 265.1  38.0 273.3  39.0 1.46E-02 003.8 202.2 -54.8 55.63225 77.98548 21.16053 hargrave 2021-11-04 08:38:23 
TT 420 263.8  38.5 272.2  39.8 1.43E-02 002.4 200.3 -54.8 35.39773 43.95409 16.97479 hargrave 2021-11-04 15:54:50 
TT 440 264.8  37.8 273.0  38.9 1.38E-02 002.8 202.0 -55.1 41.29090 51.76731 18.13129 hargrave 2021-11-05 16:23:14 
TT 460 263.2  38.9 271.8  40.2 1.35E-02 003.7 199.3 -54.7 44.58644 74.18410 16.63636 hargrave 2021-11-06 12:14:09 
TT 480 264.5  38.7 272.9  39.8 1.25E-02 002.1 201.0 -54.4 27.82223 32.93651 15.82123 hargrave 2021-11-07 10:19:08 
TT 500 265.5  39.3 274.1  40.2 1.11E-02 002.2 201.7 -53.6 25.85479 31.89543 13.23921 hargrave 2021-11-07 17:04:44 
TT 520 265.6  39.8 274.4  40.7 9.50E-03 003.3 201.4 -53.0 27.04479 47.39547 10.19996 hargrave 2021-11-08 15:40:09 
TT 530 266.0  39.9 274.8  40.7 8.43E-03 003.1 201.8 -52.8 24.60785 37.78823 9.830893 hargrave 2021-11-09 15:11:59 
TT 540 263.8  42.0 273.3  43.1 6.87E-03 003.3 197.8 -51.7 16.80161 35.89203 6.773270 hargrave 2021-11-10 11:35:45 
TT 545 262.9  41.3 272.2  42.6 5.51E-03 002.5 197.3 -52.6 11.12746 20.64055 5.530329 hargrave 2021-11-10 16:58:17 
TT 550 265.8  41.3 275.0  42.1 3.87E-03 000.7 200.5 -51.7 3.089849 1.831485 3.590436 hargrave 2021-11-11 15:24:24 
TT 555 264.7  40.6 273.8  41.6 3.08E-03 002.1 199.8 -52.6 5.511330 9.673065 2.767523 hargrave 2021-11-12 13:13:06 
TT 560 263.1  40.6 272.2  41.9 1.75E-03 002.6 198.0 -53.2 3.801125 6.515298 2.465066 hargrave 2021-11-13 10:04:08 
TT 565 266.4  41.8 275.9  42.5 1.64E-03 002.3 200.8 -51.0 3.219602 5.425455 1.836013 hargrave 2021-11-13 18:23:07 
TT 570 267.2  38.6 275.7  39.2 1.42E-03 001.2 204.3 -53.5 2.366924 0.569809 1.791979 hargrave 2021-11-15 13:36:59 
TT 575 272.0  41.3 281.1  41.0 1.03E-03 002.6 206.7 -49.2 2.318245 4.077859 0.968532 hargrave 2021-11-16 14:19:35 
TT 578 263.0  42.3 272.7  43.5 7.45E-04 002.4 196.8 -51.6 1.277337 2.819176 0.755219 hargrave 2021-11-17 13:14:10 
TT 581 269.4  37.9 277.6  38.2 6.58E-04 002.3 207.3 -53.1 1.662269 2.074846 0.441117 hargrave 2021-11-18 13:05:51 
TT 587 265.4  47.6 276.9  48.2 6.15E-04 003.3 195.9 -46.1 1.142955 3.268197 0.891338 hargrave 2021-11-22 10:08:33 
TT 600 262.2  27.7 267.8  29.5 4.60E-04 003.1 208.4 -64.9 2.177914 1.054849 0.550540 hargrave 2021-11-23 09:23:39 
TT 615 285.2  30.5 290.9  28.1 3.14E-04 002.7 229.7 -48.1 1.143799 0.888328 0.336733 hargrave 2021-11-23 16:46:26 
TT 630 230.6  47.8 240.6  54.4 2.62E-04 002.1 162.4 -45.3 0.789243 0.725477 0.232864 hargrave 2021-11-24 16:19:29 
TT 645 294.7  23.0 298.5  19.2 1.89E-04 006.3 243.9 -42.8 2.119147 0.651306 0.379385 hargrave 2021-11-27 13:46:23 
