CB16- 4a mag compass orientation (IGRF corrected)
      0 284.0  16.0 274.8  10.4   1.0
NRM    311.2  70.2 328.2  62.8 1.08E-02 001.9 143.6  59.6 26.22860 21.99531 8.189140 hargrave 2021-10-29 15:06:28 
TT 100 279.3  61.5 297.2  59.0 7.92E-03 001.0 113.3  58.8 12.60283 4.227770 3.873804 hargrave 2021-10-30 12:20:26 
TT 200 264.1  50.7 277.0  51.5 6.46E-03 002.7 090.6  53.5 30.42654 1.453861 3.059634 hargrave 2021-10-31 15:19:05 
TT 300 262.1  46.1 273.2  47.4 5.14E-03 003.2 085.6  49.8 28.88861 1.729050 2.568293 hargrave 2021-11-01 12:20:48 
TT 325 257.8  43.5 267.9  45.7 4.55E-03 001.4 079.7  48.6 10.62832 0.865761 2.345427 hargrave 2021-11-01 19:46:42 
TT 350 259.9  43.7 270.1  45.5 4.25E-03 001.8 082.0  48.2 13.26098 1.084739 2.210296 hargrave 2021-11-02 13:32:36 
TT 375 256.8  41.9 266.3  44.3 4.10E-03 001.4 077.8  47.4 10.01483 1.747597 2.232340 hargrave 2021-11-02 19:16:01 
TT 400 256.6  40.7 265.7  43.2 3.80E-03 002.9 077.0  46.3 18.34749 5.115415 2.080687 hargrave 2021-11-04 08:44:58 
TT 420 255.2  39.2 263.8  42.0 3.54E-03 001.7 074.8  45.3 10.18010 2.074185 2.327280 hargrave 2021-11-04 16:01:12 
TT 440 253.9  37.4 262.0  40.5 3.38E-03 003.8 072.6  43.9 21.31933 5.944493 2.244583 hargrave 2021-11-05 16:28:55 
TT 460 253.7  36.5 261.5  39.6 3.20E-03 000.6 071.9  43.1 2.278901 0.825735 2.170045 hargrave 2021-11-06 12:19:56 
TT 480 252.5  35.6 260.0  38.9 3.07E-03 001.9 070.3  42.6 8.908992 4.273349 2.707956 hargrave 2021-11-07 10:24:54 
TT 500 251.3  33.7 258.3  37.3 2.63E-03 001.6 068.2  41.1 6.656937 1.804471 2.205614 hargrave 2021-11-07 17:11:44 
TT 520 249.7  29.8 255.7  33.7 2.07E-03 002.4 065.1  37.7 8.035569 3.292406 1.428670 hargrave 2021-11-08 15:48:02 
TT 530 251.0  29.2 256.9  33.0 1.45E-03 001.6 066.2  36.9 3.698070 1.177074 1.041320 hargrave 2021-11-09 15:18:58 
TT 540 252.5  34.3 259.7  37.7 7.48E-04 001.3 069.8  41.4 1.697778 0.279274 0.503789 hargrave 2021-11-10 11:42:43 
TT 545 256.1  25.8 261.3  28.7 6.13E-04 002.3 070.3  32.3 1.940177 1.525162 0.573808 hargrave 2021-11-10 17:05:15 
TT 550 259.1  26.2 264.3  28.5 4.27E-04 003.8 073.4  31.9 2.853777 0.408049 0.336159 hargrave 2021-11-11 15:31:25 
TT 555 261.7  22.6 266.2  24.6 3.73E-04 000.9 074.9  27.8 0.400029 0.535641 0.323337 hargrave 2021-11-12 13:20:07 
TT 560 254.0  29.5 260.0  32.7 4.09E-04 001.4 069.5  36.4 0.400830 1.021531 0.385060 hargrave 2021-11-13 10:11:09 
TT 565 245.5  27.9 250.9  32.5 3.07E-04 001.8 059.9  37.0 0.881223 0.355244 0.331166 hargrave 2021-11-13 18:30:06 
TT 570 255.5  30.2 261.7  33.1 2.66E-04 002.8 071.3  36.7 0.418512 1.522514 0.286791 hargrave 2021-11-15 13:43:59 
TT 575 236.6  34.2 243.1  40.2 2.39E-04 003.1 052.5  45.1 1.194836 0.514979 0.268565 hargrave 2021-11-16 14:27:24 
TT 578 251.9  17.0 255.2  20.8 2.41E-04 001.2 063.3  24.9 0.531965 0.395981 0.179066 hargrave 2021-11-17 13:16:53 
TT 581 236.8  22.2 240.8  28.4 1.74E-04 001.9 048.9  33.5 0.297172 0.379638 0.509072 hargrave 2021-11-18 13:08:36 
TT 587 248.3  43.0 257.9  46.8 1.85E-04 001.6 069.4  50.6 0.529761 0.242218 0.184842 hargrave 2021-11-22 10:11:27 
TT 600 233.0  11.3 235.1  18.1 2.58E-04 002.9 042.3  23.4 0.275391 1.779023 0.233754 hargrave 2021-11-23 09:26:33 
TT 615 240.2  21.4 244.1  27.1 1.87E-04 007.3 052.3  31.9 2.055289 1.278069 0.126888 hargrave 2021-11-23 16:49:21 
TT 630 262.6  17.7 266.1  19.6 2.39E-04 000.8 074.3  22.9 0.222516 0.291122 0.192565 hargrave 2021-11-24 16:22:24 
TT 645 217.1  16.6 219.3  25.3 1.50E-04 006.2 026.1  31.1 2.276593 1.291554 0.288273 hargrave 2021-11-27 13:49:18 
