CB16- 1a mag compass orientation (IGRF corrected)
      0 133.0  50.0 274.8  10.4   1.0
NRM    324.2  57.0 332.4  48.7 7.50E-03 002.2 222.9  38.3 15.99757 23.31676 6.793882 hargrave 2021-10-29 15:02:12 
TT 100 314.2  51.7 322.6  44.5 5.40E-03 004.2 226.2  30.9 26.40691 29.50973 5.342914 hargrave 2021-10-30 12:16:10 
TT 200 302.7  46.4 311.1  40.8 4.27E-03 003.0 226.9  21.8 15.07449 16.05894 3.997376 hargrave 2021-10-31 15:13:59 
TT 300 286.9  40.2 294.9  37.3 3.41E-03 002.6 224.0  09.0 9.769975 11.02714 4.382360 hargrave 2021-11-01 12:14:55 
TT 325 285.2  34.3 291.8  31.8 3.17E-03 003.1 227.1  03.8 12.01585 11.48426 4.089467 hargrave 2021-11-01 19:40:57 
TT 350 284.2  31.3 290.1  29.1 3.10E-03 004.9 228.5  01.1 19.77104 17.50449 3.953967 hargrave 2021-11-02 13:29:03 
TT 375 284.0  28.5 289.3  26.3 2.80E-03 006.5 230.3 -01.1 17.26836 29.07171 4.176505 hargrave 2021-11-02 19:12:35 
TT 400 281.2  28.3 286.6  26.7 2.86E-03 004.7 228.5 -02.9 18.70943 13.54580 5.758042 hargrave 2021-11-04 08:41:28 
TT 420 279.2  26.1 284.1  24.9 2.60E-03 004.9 228.6 -05.7 16.90008 14.13679 4.674413 hargrave 2021-11-04 15:57:02 
TT 440 278.0  24.7 282.6  23.7 2.44E-03 003.1 228.6 -07.5 10.15558 7.480692 4.305014 hargrave 2021-11-05 16:25:26 
TT 460 277.2  22.8 281.5  22.0 2.29E-03 006.1 229.3 -09.4 18.65973 15.16308 3.905850 hargrave 2021-11-06 12:16:27 
TT 480 276.8  23.2 281.2  22.4 2.02E-03 002.9 228.8 -09.3 8.412435 5.095922 3.403954 hargrave 2021-11-07 10:21:25 
TT 500 276.6  21.0 280.5  20.3 1.77E-03 003.9 230.0 -11.2 9.384393 7.197355 2.972939 hargrave 2021-11-07 17:07:27 
TT 520 272.6  21.4 276.7  21.4 1.24E-03 003.3 226.8 -13.2 5.065272 4.658642 2.327216 hargrave 2021-11-08 15:43:44 
TT 530 270.9  13.6 273.5  14.0 8.46E-04 003.9 230.3 -20.4 4.288762 3.608898 1.233568 hargrave 2021-11-09 15:14:42 
TT 540 267.3  07.7 268.8  08.9 4.05E-04 001.4 231.1 -27.3 0.592105 0.444047 0.733421 hargrave 2021-11-10 11:38:27 
TT 545 276.0 -19.1 272.4 -19.0 2.49E-04 004.5 261.3 -40.2 1.808021 0.899025 0.185329 hargrave 2021-11-10 17:01:00 
TT 550 265.0  04.0 265.9  05.7 1.68E-04 008.2 231.5 -31.5 1.910330 1.485779 0.109700 hargrave 2021-11-11 15:27:08 
TT 555 237.8  11.5 240.0  17.6 1.11E-04 004.5 198.2 -36.7 0.393588 0.782765 0.100591 hargrave 2021-11-12 13:15:50 
TT 560 215.7 -06.9 215.5  02.0 1.31E-04 007.6 166.9 -56.3 1.797130 0.401261 0.386667 hargrave 2021-11-13 10:06:51 
TT 565 232.6  28.7 237.6  35.4 8.71E-05 009.7 189.0 -20.7 1.022208 1.282690 0.188450 hargrave 2021-11-13 18:25:50 
TT 570 300.2  05.1 300.7  00.6 7.32E-05 018.3 257.8 -06.4 2.384560 1.039851 0.864393 hargrave 2021-11-15 13:39:42 
TT 570 305.0 -12.5 302.6 -17.6 6.27E-05 008.6 274.7 -14.1 0.878025 0.603840 0.115042 hargrave 2021-11-15 16:28:22 
TT 575 298.8 -33.7 291.8 -37.4 1.30E-04 003.1 290.0 -30.9 0.664853 0.411876 0.199784 hargrave 2021-11-16 14:23:07 
