CB16- 2a mag compass orientation (IGRF corrected)
      0  12.0  79.0 274.8  10.4   1.0
NRM    131.7  53.5 118.2  58.7 8.02E-03 001.8 198.4 -20.8 9.868893 20.49883 12.11574 hargrave 2021-10-29 15:03:34 
TT 100 121.4  49.9 109.1  53.5 6.25E-03 003.4 193.9 -26.8 11.30421 34.08610 9.586743 hargrave 2021-10-30 12:17:33 
TT 200 108.5  45.8 097.6  47.3 5.05E-03 002.6 185.4 -32.9 4.934597 21.04309 7.159313 hargrave 2021-10-31 15:15:21 
TT 300 096.6  39.9 088.0  39.4 4.13E-03 003.4 174.7 -38.9 1.258205 23.69667 5.476110 hargrave 2021-11-01 12:16:13 
TT 325 091.8  37.1 084.1  35.9 3.80E-03 002.5 169.2 -40.9 0.979800 16.06022 5.065119 hargrave 2021-11-01 19:42:11 
TT 350 089.9  36.1 082.6  34.5 3.69E-03 001.4 166.9 -41.6 1.789348 7.655364 4.895726 hargrave 2021-11-02 13:30:12 
TT 375 090.6  35.1 083.5  33.7 3.55E-03 001.5 167.3 -42.7 1.528916 7.876166 4.431516 hargrave 2021-11-02 19:13:41 
TT 400 086.6  33.7 080.1  31.6 3.32E-03 004.0 162.4 -43.0 3.965161 22.41055 5.314823 hargrave 2021-11-04 08:42:35 
TT 420 085.7  32.6 079.5  30.4 3.14E-03 001.9 161.0 -43.7 0.969215 9.920001 3.555811 hargrave 2021-11-04 15:58:08 
TT 440 086.2  32.0 080.0  29.9 2.89E-03 001.9 161.1 -44.4 0.830939 8.748332 3.580050 hargrave 2021-11-05 16:26:36 
TT 460 087.2  31.7 081.1  29.8 2.72E-03 001.3 162.1 -45.0 1.225004 5.337533 3.017837 hargrave 2021-11-06 12:17:33 
TT 480 085.3  31.7 079.3  29.4 2.46E-03 001.4 160.0 -44.4 1.610276 4.659494 3.456058 hargrave 2021-11-07 10:22:32 
TT 500 083.4  30.5 077.7  27.9 2.10E-03 001.1 157.2 -44.8 1.124405 3.348421 2.254706 hargrave 2021-11-07 17:08:50 
TT 520 080.5  27.7 075.6  24.7 1.34E-03 001.9 152.1 -46.1 0.758833 4.174234 1.539202 hargrave 2021-11-08 15:45:06 
TT 530 078.4  23.2 074.5  19.9 7.91E-04 002.8 146.1 -48.7 0.959352 3.719761 0.665249 hargrave 2021-11-09 15:16:04 
TT 540 082.2  26.2 077.5  23.5 4.22E-04 002.4 153.0 -48.1 0.255738 1.609980 0.679939 hargrave 2021-11-10 11:39:49 
TT 545 067.9 -02.9 068.7 -07.5 3.20E-04 001.9 101.0 -55.2 0.489063 1.200975 0.189616 hargrave 2021-11-10 17:02:22 
TT 550 088.7  05.9 087.7  04.7 1.98E-04 003.0 141.3 -68.5 0.481203 1.010675 0.072032 hargrave 2021-11-11 15:28:30 
TT 555 067.7  15.5 065.6  10.6 2.28E-04 003.2 127.4 -46.9 0.449976 1.375167 0.169376 hargrave 2021-11-12 13:17:12 
TT 560 045.8  17.1 044.3  09.2 1.89E-04 004.8 116.2 -27.8 1.298904 0.552699 0.776065 hargrave 2021-11-13 10:08:13 
TT 565 055.2  33.6 050.7  26.6 1.27E-04 003.3 137.0 -27.1 0.835566 1.050520 0.115672 hargrave 2021-11-13 18:27:12 
TT 570 101.1  21.3 096.9  22.0 8.57E-05 015.6 178.4 -57.7 2.202493 1.128042 0.396651 hargrave 2021-11-15 13:41:05 
TT 570 093.0  07.0 091.8  06.6 8.11E-05 003.7 153.2 -69.9 0.260765 0.472068 0.060132 hargrave 2021-11-15 16:29:45 
TT 575 162.6 -11.3 163.0 -01.6 4.14E-05 008.8 276.7 -30.7 0.457931 0.599577 0.197788 hargrave 2021-11-16 14:24:29 
TT 575 171.3 -21.6 172.0 -11.4 4.30E-05 006.5 288.9 -23.2 0.295028 0.630862 0.053063 hargrave 2021-11-16 16:42:41 
