CB17- 8a mag compass orientation (IGRF corrected)
      0  26.0  55.0 274.8  10.4   1.0
NRM    266.9  61.3 285.9  61.0 1.72E-02 001.6 206.1  57.9 31.31291 32.72938 13.59694 hargrave 2021-10-29 15:29:26 
TT 100 259.9  56.4 275.9  57.7 1.60E-02 001.6 217.4  57.6 16.19688 40.95811 12.17432 hargrave 2021-10-30 12:41:45 
TT 200 260.0  57.1 276.5  58.3 1.52E-02 004.9 216.2  57.3 63.78498 111.9543 13.89389 hargrave 2021-10-31 15:39:33 
TT 300 253.9  52.1 267.6  54.7 1.31E-02 002.6 226.9  55.7 35.25666 46.79493 10.52392 hargrave 2021-11-01 12:32:30 
TT 325 253.0  50.3 265.7  53.1 1.25E-02 004.7 230.3  55.5 72.92471 71.86952 9.414908 hargrave 2021-11-01 19:57:37 
TT 350 251.7  49.5 264.0  52.5 1.06E-02 002.6 231.9  54.7 33.26074 33.60245 8.338071 hargrave 2021-11-02 13:50:44 
TT 375 250.4  46.1 261.3  49.5 8.32E-03 003.1 237.8  54.2 34.13709 28.61671 5.882976 hargrave 2021-11-02 19:34:01 
TT 400 250.3  45.1 260.8  48.5 7.78E-03 002.0 239.5  54.1 20.87994 16.33920 6.569512 hargrave 2021-11-04 09:02:30 
TT 420 250.4  45.4 261.0  48.8 7.32E-03 003.1 239.0  54.2 31.99097 23.83038 5.184425 hargrave 2021-11-04 16:19:39 
TT 440 249.7  46.7 260.8  50.2 6.72E-03 001.8 236.8  53.6 14.53587 14.13640 5.975594 hargrave 2021-11-05 16:46:44 
TT 460 250.1  45.6 260.8  49.1 6.20E-03 004.6 238.6  54.0 41.18139 28.74369 5.135051 hargrave 2021-11-06 12:36:52 
TT 480 249.8  44.7 260.1  48.3 5.47E-03 002.6 240.1  53.7 19.67841 15.15579 5.059837 hargrave 2021-11-07 10:43:25 
TT 500 249.7  45.0 260.1  48.5 4.96E-03 002.0 239.7  53.7 12.21289 11.31659 4.158869 hargrave 2021-11-07 17:32:16 
TT 520 249.2  45.2 259.7  48.8 4.26E-03 002.2 239.3  53.4 12.16397 10.14706 3.169070 hargrave 2021-11-08 16:08:39 
TT 530 250.9  42.8 260.6  46.2 3.76E-03 004.1 243.4  54.5 22.93552 14.28983 2.783050 hargrave 2021-11-09 15:39:33 
TT 540 252.2  47.1 263.5  50.1 3.21E-03 002.8 236.0  55.4 11.36130 10.60150 3.300684 hargrave 2021-11-10 12:03:11 
TT 545 253.2  44.0 263.3  46.9 2.80E-03 002.8 241.5  56.1 10.76950 8.460085 2.130438 hargrave 2021-11-10 17:25:45 
TT 550 253.0  46.1 264.0  49.0 2.26E-03 001.3 237.7  56.0 3.229736 3.892317 1.639158 hargrave 2021-11-11 15:52:00 
TT 555 256.5  46.9 267.9  49.2 2.13E-03 000.9 235.8  58.3 1.101450 2.623593 1.489649 hargrave 2021-11-12 13:40:48 
TT 560 258.1  46.6 269.4  48.6 1.15E-03 003.3 236.0  59.4 5.459568 3.741144 2.067211 hargrave 2021-11-13 10:32:02 
TT 565 258.6  45.6 269.5  47.6 1.12E-03 002.5 237.9  59.9 3.081676 3.564378 1.071978 hargrave 2021-11-13 18:50:38 
TT 570 257.4  48.3 269.3  50.3 1.04E-03 001.3 233.0  58.7 1.872320 0.972820 2.366199 hargrave 2021-11-15 14:05:20 
TT 575 256.4  45.9 267.3  48.2 9.28E-04 002.3 237.7  58.3 2.517425 2.641603 0.728508 hargrave 2021-11-16 14:48:41 
TT 578 252.4  47.6 264.0  50.6 6.67E-04 000.9 235.1  55.5 0.825337 0.432020 0.487154 hargrave 2021-11-17 13:36:22 
TT 581 243.0  46.9 253.8  51.5 6.90E-04 000.5 236.5  49.1 0.191330 0.392707 0.436453 hargrave 2021-11-18 13:26:30 
TT 587 255.5  49.0 267.7  51.4 6.67E-04 004.8 232.1  57.3 4.028969 3.833463 0.640974 hargrave 2021-11-22 10:25:25 
TT 600 257.8  38.2 266.1  40.6 3.43E-04 002.9 252.5  59.4 1.693387 0.301633 0.910428 hargrave 2021-11-23 09:40:31 
TT 615 234.5  51.7 246.7  57.6 2.94E-04 004.7 229.0  43.8 1.499331 1.860974 0.420775 hargrave 2021-11-23 17:04:05 
TT 630 264.1  53.0 278.2  53.7 2.29E-04 002.3 221.3  61.2 0.356079 0.785124 0.322991 hargrave 2021-11-24 16:37:09 
TT 645 244.9  38.9 253.1  43.4 2.04E-04 003.5 248.9  49.5 1.340166 0.844508 0.284084 hargrave 2021-11-27 14:04:02 
