CB17- 1a mag compass orientation (IGRF corrected)
      0 184.0  80.0 274.8  10.4   1.0
NRM    259.8  59.4 277.8  60.5 1.94E-02 002.4 172.4 -19.7 3.352635 73.50505 35.65343 hargrave 2021-10-29 15:18:50 
TT 100 254.2  57.6 271.1  59.9 1.88E-02 003.3 168.8 -20.4 11.49367 101.8478 35.29866 hargrave 2021-10-30 12:30:18 
TT 200 254.8  55.5 270.3  57.7 1.79E-02 004.9 168.3 -22.6 21.12798 149.6499 34.18758 hargrave 2021-10-31 15:28:58 
TT 300 253.2  52.9 267.3  55.6 1.64E-02 002.7 166.4 -24.6 8.224523 71.50474 29.22734 hargrave 2021-11-01 12:23:52 
TT 325 248.9  51.3 262.0  54.8 1.61E-02 003.6 163.0 -25.0 20.25595 95.89119 28.95262 hargrave 2021-11-01 19:49:05 
TT 350 249.2  50.8 262.1  54.2 1.53E-02 001.9 162.9 -25.5 21.49897 38.07027 26.57526 hargrave 2021-11-02 13:41:03 
TT 375 251.5  50.4 264.2  53.4 1.38E-02 002.0 164.1 -26.5 3.658422 41.70402 25.21555 hargrave 2021-11-02 19:24:05 
TT 400 250.3  49.4 262.5  52.7 1.28E-02 001.9 162.9 -27.1 3.564558 36.33149 24.00225 hargrave 2021-11-04 08:53:11 
TT 420 248.5  47.9 260.0  51.5 1.20E-02 006.8 160.9 -27.9 37.22939 137.2824 22.28758 hargrave 2021-11-04 16:10:13 
TT 440 250.2  48.1 261.9  51.5 1.14E-02 001.6 162.2 -28.2 3.193975 23.61176 20.82071 hargrave 2021-11-05 16:37:15 
TT 460 250.7  47.7 262.3  50.9 1.03E-02 002.8 162.3 -28.8 6.116446 45.57607 18.48867 hargrave 2021-11-06 12:28:10 
TT 480 250.4  47.2 261.8  50.6 9.68E-03 002.6 161.9 -29.0 7.212561 40.23215 18.57053 hargrave 2021-11-07 10:33:56 
TT 500 250.8  47.0 262.0  50.3 8.92E-03 002.8 162.0 -29.4 6.237501 40.24808 15.85696 hargrave 2021-11-07 17:21:38 
TT 520 250.0  45.8 260.8  49.3 8.12E-03 001.5 160.9 -30.1 1.229596 16.30645 12.77973 hargrave 2021-11-08 15:57:58 
TT 530 250.2  46.1 261.1  49.5 7.50E-03 002.6 161.1 -30.0 5.780032 31.72249 11.21016 hargrave 2021-11-09 15:28:54 
TT 540 250.0  47.7 261.6  51.2 4.87E-03 000.9 161.9 -28.5 2.889407 1.976407 6.940092 hargrave 2021-11-10 11:52:35 
TT 545 249.7  47.8 261.2  51.3 4.26E-03 001.0 161.7 -28.3 2.662094 1.933925 6.383527 hargrave 2021-11-10 17:15:07 
TT 550 252.6  49.4 265.0  52.3 3.89E-03 003.7 164.5 -27.7 4.084543 24.03427 5.976207 hargrave 2021-11-11 15:41:21 
TT 555 255.1  49.2 267.4  51.6 3.16E-03 002.3 166.0 -28.5 0.763310 11.84366 4.720243 hargrave 2021-11-12 13:30:08 
TT 560 253.5  50.9 266.6  53.6 2.17E-03 001.4 165.7 -26.5 0.755828 4.086717 3.614397 hargrave 2021-11-13 10:21:17 
TT 565 250.1  49.5 262.4  52.9 2.03E-03 001.8 162.9 -26.9 0.479445 5.439907 3.021161 hargrave 2021-11-13 18:40:01 
TT 570 253.2  50.5 266.0  53.2 1.59E-03 003.4 165.3 -26.9 0.972682 8.945338 3.047664 hargrave 2021-11-15 13:53:53 
TT 575 251.9  50.5 264.7  53.4 1.40E-03 001.0 164.5 -26.6 0.798414 0.898050 2.033815 hargrave 2021-11-16 14:38:05 
TT 578 245.4  49.4 257.5  53.5 1.09E-03 002.8 159.8 -25.6 2.377776 4.612315 1.489039 hargrave 2021-11-17 13:22:41 
TT 581 248.0  50.9 260.9  54.6 1.02E-03 001.4 162.2 -25.0 1.322581 1.561966 1.327333 hargrave 2021-11-18 13:14:25 
TT 587 255.7  54.7 270.7  56.8 5.15E-04 004.2 168.6 -23.5 0.497610 3.621462 0.902326 hargrave 2021-11-22 10:12:50 
TT 600 248.5  49.8 260.9  53.4 4.93E-04 001.3 162.0 -26.2 1.028464 0.239750 0.670790 hargrave 2021-11-23 09:27:55 
TT 615 263.2  52.3 276.9  53.2 3.72E-04 001.6 172.6 -27.0 0.361439 0.761712 0.655261 hargrave 2021-11-23 16:51:32 
TT 630 254.5  55.6 270.1  57.9 3.36E-04 001.9 168.2 -22.4 0.386135 0.992414 0.476703 hargrave 2021-11-24 16:24:35 
TT 645 254.1  46.0 265.0  48.7 1.87E-04 003.1 163.9 -31.3 0.771592 0.136004 0.712314 hargrave 2021-11-27 13:51:29 
