CB18- 8a mag compass orientation (IGRF corrected)
      0  26.0 107.0 274.8  10.4   1.0
NRM    298.8  69.3 318.7  63.4 1.64E-02 001.0 179.0  03.7 2.791947 5.040054 28.59675 hargrave 2021-10-29 15:44:33 
TT 100 286.3  64.7 305.4  60.9 1.34E-02 002.6 184.2  07.9 2.888010 56.30497 22.53398 hargrave 2021-10-30 12:56:50 
TT 200 274.2  59.5 291.3  58.0 1.16E-02 003.6 191.1  11.5 11.42222 70.46919 19.92702 hargrave 2021-10-31 15:53:52 
TT 300 269.2  55.1 284.1  54.7 9.92E-03 006.0 195.5  14.4 24.27824 99.17096 16.98157 hargrave 2021-11-01 12:45:18 
TT 325 264.2  53.0 278.2  53.7 9.66E-03 002.0 199.2  14.8 7.255776 29.41083 15.01783 hargrave 2021-11-01 20:09:59 
TT 350 262.5  51.9 276.0  52.9 9.36E-03 002.8 200.7  15.2 12.08853 40.98729 15.14368 hargrave 2021-11-02 14:02:48 
TT 375 265.1  53.0 279.1  53.5 9.19E-03 004.4 198.6  15.1 19.07729 65.85147 15.15586 hargrave 2021-11-02 19:45:40 
TT 400 265.7  52.6 279.5  53.0 8.89E-03 001.2 198.5  15.6 2.831475 11.26475 15.65248 hargrave 2021-11-04 09:15:59 
TT 420 269.1  53.5 283.2  53.3 8.59E-03 002.8 196.2  15.8 8.459683 38.50931 14.97534 hargrave 2021-11-04 16:31:39 
TT 440 263.3  51.4 276.6  52.3 8.10E-03 002.6 200.5  15.9 9.940852 32.66683 14.21808 hargrave 2021-11-05 16:59:26 
TT 460 263.1  51.4 276.4  52.3 7.37E-03 004.3 200.6  15.8 16.80246 50.96788 12.78877 hargrave 2021-11-06 12:48:51 
TT 480 266.7  52.3 280.3  52.5 6.54E-03 006.2 198.2  16.2 19.76383 66.74242 12.13398 hargrave 2021-11-07 10:56:52 
TT 500 265.4  51.7 278.8  52.2 5.75E-03 001.3 199.2  16.3 1.209751 7.895218 9.927175 hargrave 2021-11-07 17:47:24 
TT 520 268.7  52.0 282.0  51.9 5.14E-03 004.8 197.2  17.1 11.09283 41.32429 8.396815 hargrave 2021-11-08 16:23:06 
TT 530 265.3  50.5 278.1  51.1 4.85E-03 004.0 199.9  17.3 9.788213 31.33357 6.996286 hargrave 2021-11-09 15:55:35 
TT 540 265.4  49.6 277.8  50.2 4.34E-03 001.4 200.3  18.1 4.630114 6.848962 6.117052 hargrave 2021-11-10 12:18:13 
TT 545 266.2  50.2 278.9  50.6 4.09E-03 001.5 199.5  17.9 4.249086 7.846204 5.592459 hargrave 2021-11-10 17:40:54 
TT 550 266.9  49.4 279.2  49.7 3.59E-03 002.6 199.5  18.8 4.176947 14.84285 5.047302 hargrave 2021-11-11 16:06:21 
TT 555 262.7  47.3 274.2  48.5 3.45E-03 001.8 203.2  19.1 4.694384 8.432550 4.344495 hargrave 2021-11-12 13:55:59 
TT 560 263.0  47.4 274.6  48.5 3.23E-03 001.6 202.9  19.1 2.978292 7.384561 4.740294 hargrave 2021-11-13 10:47:18 
TT 565 261.3  45.5 272.1  47.0 3.03E-03 005.2 205.1  20.0 10.53127 25.04303 4.379762 hargrave 2021-11-13 19:04:57 
TT 570 265.7  44.9 276.2  45.6 2.47E-03 002.0 202.8  22.3 2.923564 7.214013 3.670223 hargrave 2021-11-15 14:19:38 
TT 575 262.5  42.4 272.2  43.8 2.44E-03 004.1 206.3  23.1 6.699060 15.82327 3.147139 hargrave 2021-11-16 15:03:53 
TT 578 263.1  43.1 273.0  44.3 2.46E-03 001.0 205.5  22.8 0.542968 3.151661 3.145874 hargrave 2021-11-17 13:50:51 
TT 581 260.1  42.6 269.9  44.3 2.31E-03 001.1 207.7  21.9 2.015137 2.808638 2.723972 hargrave 2021-11-18 13:40:49 
TT 587 261.4  42.8 271.3  44.3 2.22E-03 004.2 206.8  22.3 6.451315 14.64235 2.841054 hargrave 2021-11-22 10:38:54 
TT 600 266.1  44.8 276.5  45.4 2.18E-03 001.6 202.5  22.5 2.168998 5.091669 2.722735 hargrave 2021-11-23 09:53:12 
TT 615 267.7  43.1 277.6  43.5 1.90E-03 001.0 202.3  24.5 0.476208 2.455052 2.453310 hargrave 2021-11-23 17:16:46 
TT 630 263.9  42.8 273.7  43.9 1.86E-03 005.6 205.1  23.3 6.902537 16.78631 2.457820 hargrave 2021-11-24 16:48:59 
TT 645 263.4  41.7 272.9  42.9 1.87E-03 000.6 206.1  24.1 0.740606 0.689093 2.088278 hargrave 2021-11-27 14:18:19 
TT 655 262.3  42.7 272.1  44.0 1.87E-03 001.0 206.2  22.8 0.713388 1.972834 2.514326 hargrave 2021-11-28 15:08:19 
TT 665 259.9  39.6 268.6  41.5 1.80E-03 003.7 209.9  24.1 5.175045 9.964940 2.607699 hargrave 2021-11-29 10:31:28 
TT 675 259.8  41.6 269.3  43.4 1.24E-03 003.5 208.6  22.6 3.419448 6.482199 1.652492 hargrave 2021-11-29 17:12:27 
TT 685 261.5  39.0 270.1  40.7 5.48E-04 001.6 209.1  25.4 0.557336 1.233590 0.728045 hargrave 2021-11-30 13:42:52 
