CB18- 7a mag compass orientation (IGRF corrected)
      0  39.0  17.0 274.8  10.4   1.0
NRM    278.8  63.4 298.1  60.9 1.79E-02 000.8 295.9  75.5 25.20737 7.309961 4.130313 hargrave 2021-10-29 15:43:05 
TT 100 271.5  57.8 287.8  56.9 1.57E-02 001.2 295.8  68.9 23.60218 20.55643 5.856549 hargrave 2021-10-30 12:55:21 
TT 200 268.2  53.9 282.5  53.8 1.42E-02 002.1 296.3  64.5 44.84240 27.51244 5.771561 hargrave 2021-10-31 15:52:23 
TT 300 265.3  51.8 278.7  52.3 1.01E-02 001.2 294.8  61.9 19.53690 6.603611 4.644628 hargrave 2021-11-01 12:43:59 
TT 325 265.3  51.1 278.3  51.6 9.69E-03 002.4 295.5  61.3 34.45118 21.22252 4.747611 hargrave 2021-11-01 20:08:47 
TT 350 265.8  50.3 278.5  50.8 9.19E-03 001.3 296.8  60.7 15.27960 13.34943 4.910073 hargrave 2021-11-02 14:01:33 
TT 375 264.2  50.3 276.9  51.1 8.98E-03 000.9 294.8  60.3 10.55401 9.036075 4.607180 hargrave 2021-11-02 19:44:28 
TT 400 265.2  49.2 277.4  49.8 8.46E-03 001.1 296.9  59.5 11.56186 10.02421 4.417538 hargrave 2021-11-04 09:14:43 
TT 420 267.1  48.7 279.0  49.0 8.19E-03 003.6 299.6  59.5 42.17259 29.55392 5.303672 hargrave 2021-11-04 16:30:26 
TT 440 262.5  49.5 274.9  50.6 7.94E-03 001.4 293.6  59.1 15.94734 11.25097 3.975423 hargrave 2021-11-05 16:58:14 
TT 460 263.5  49.2 275.8  50.1 7.63E-03 002.9 295.0  59.1 33.65959 19.47259 4.046662 hargrave 2021-11-06 12:47:35 
TT 480 263.9  48.8 276.0  49.7 7.08E-03 001.1 295.7  58.8 9.550114 8.013554 4.094592 hargrave 2021-11-07 10:55:39 
TT 500 264.3  48.3 276.2  49.2 6.35E-03 001.6 296.6  58.5 15.01659 9.771606 3.477131 hargrave 2021-11-07 17:45:56 
TT 520 263.6  48.1 275.3  49.0 5.73E-03 001.2 295.9  58.0 9.714911 7.368061 2.948510 hargrave 2021-11-08 16:21:37 
TT 530 263.5  47.4 275.1  48.4 5.41E-03 001.0 296.3  57.4 6.899172 5.453937 2.907591 hargrave 2021-11-09 15:54:06 
TT 540 263.2  46.9 274.5  48.0 4.98E-03 000.6 296.2  56.9 2.701635 3.824492 2.547239 hargrave 2021-11-10 12:16:44 
TT 545 263.5  46.8 274.7  47.8 4.65E-03 002.5 296.7  56.8 16.95119 10.23210 2.632034 hargrave 2021-11-10 17:39:25 
TT 550 262.9  46.3 274.0  47.5 4.18E-03 003.0 296.3  56.3 19.20378 11.09156 2.246350 hargrave 2021-11-11 16:04:52 
TT 555 262.8  45.9 273.7  47.1 3.98E-03 002.0 296.5  55.8 12.59472 5.152548 2.184481 hargrave 2021-11-12 13:54:31 
TT 560 261.5  45.1 272.1  46.6 3.57E-03 002.0 295.5  54.8 10.45590 6.552031 2.058391 hargrave 2021-11-13 10:45:48 
TT 565 264.5  44.1 274.7  45.1 3.44E-03 002.9 299.6  54.6 14.66558 9.554716 2.145438 hargrave 2021-11-13 19:03:27 
TT 570 260.9  43.6 271.0  45.2 3.09E-03 002.4 295.9  53.2 10.96195 6.460760 1.737997 hargrave 2021-11-15 14:18:09 
TT 575 262.4  42.4 272.0  43.7 2.98E-03 001.4 298.2  52.4 5.904260 4.378820 1.783139 hargrave 2021-11-16 15:02:24 
TT 578 260.2  42.3 269.9  44.1 2.77E-03 000.4 295.9  51.8 1.258455 0.903850 1.588685 hargrave 2021-11-17 13:49:16 
TT 581 262.0  41.1 271.3  42.6 2.57E-03 001.2 298.5  51.2 4.249384 2.908005 1.544044 hargrave 2021-11-18 13:39:14 
TT 587 260.7  41.6 270.1  43.3 2.51E-03 001.2 296.8  51.2 4.242694 3.013186 1.453507 hargrave 2021-11-22 10:37:24 
TT 600 258.8  42.2 268.5  44.2 2.46E-03 001.2 294.4  51.3 4.323337 2.825106 1.463741 hargrave 2021-11-23 09:51:41 
TT 615 260.9  40.7 270.0  42.4 2.05E-03 003.4 297.4  50.5 10.46202 6.016833 1.266941 hargrave 2021-11-23 17:15:16 
TT 630 261.4  39.5 270.2  41.1 1.67E-03 001.1 298.7  49.5 2.236960 1.829366 1.080830 hargrave 2021-11-24 16:47:29 
TT 645 263.1  37.0 271.1  38.5 1.41E-03 001.1 301.8  47.6 1.835635 1.732013 0.954016 hargrave 2021-11-27 14:16:00 
TT 655 261.6  37.7 269.9  39.3 1.25E-03 004.4 299.8  47.9 8.321470 4.908382 0.860187 hargrave 2021-11-28 15:06:49 
TT 665 260.4  34.1 267.6  36.1 1.15E-03 000.8 300.1  44.1 1.221870 0.878221 0.752188 hargrave 2021-11-29 10:29:57 
TT 675 258.2  35.4 265.7  37.7 7.22E-04 003.6 297.1  44.8 4.000023 2.136747 0.508701 hargrave 2021-11-29 17:10:56 
TT 685 268.1  35.1 275.5  35.7 3.28E-04 001.5 308.3  47.0 0.659042 0.493919 0.225837 hargrave 2021-11-30 13:40:35 
