CB18- 6a mag compass orientation (IGRF corrected)
      0 351.0  18.0 274.8  10.4   1.0
NRM    304.8  63.8 319.5  57.4 1.73E-02 001.2 085.1  72.1 37.12825 4.888611 4.131568 hargrave 2021-10-29 15:41:35 
TT 100 289.1  58.8 304.0  54.9 1.38E-02 000.9 055.1  72.7 21.48587 5.922737 5.159802 hargrave 2021-10-30 12:53:51 
TT 200 279.5  54.4 293.2  52.3 1.22E-02 001.7 034.0  70.7 28.35026 21.47821 6.858984 hargrave 2021-10-31 15:50:52 
TT 300 271.1  49.5 283.2  49.1 1.05E-02 000.7 016.9  67.1 10.76535 3.748390 6.988547 hargrave 2021-11-01 12:42:41 
TT 325 270.5  48.5 282.2  48.2 1.00E-02 001.5 015.7  66.1 16.93815 19.55302 7.214577 hargrave 2021-11-01 20:07:33 
TT 350 270.4  47.7 281.8  47.5 9.64E-03 001.7 015.2  65.3 17.61621 22.04920 7.094341 hargrave 2021-11-02 14:00:17 
TT 375 269.2  46.9 280.4  46.9 9.40E-03 000.9 013.1  64.6 12.23697 6.362531 7.354767 hargrave 2021-11-02 19:43:14 
TT 400 268.6  46.6 279.7  46.7 9.09E-03 001.8 012.2  64.3 15.34399 23.31346 7.001755 hargrave 2021-11-04 09:13:25 
TT 420 267.6  46.3 278.6  46.6 8.83E-03 001.9 010.5  64.1 15.54196 24.67896 7.441594 hargrave 2021-11-04 16:29:09 
TT 440 267.9  46.3 278.9  46.6 8.50E-03 002.4 011.0  64.1 16.40670 30.77820 7.183827 hargrave 2021-11-05 16:56:57 
TT 460 265.9  46.1 276.8  46.7 8.03E-03 001.6 007.8  64.0 12.03011 17.85408 6.972506 hargrave 2021-11-06 12:46:21 
TT 480 268.0  46.1 278.9  46.4 7.22E-03 001.0 011.0  63.9 9.058753 6.439930 6.331620 hargrave 2021-11-07 10:54:25 
TT 500 268.0  45.9 278.8  46.1 6.48E-03 001.3 011.0  63.7 9.424100 10.56741 5.545283 hargrave 2021-11-07 17:44:26 
TT 520 269.5  45.8 280.3  45.7 5.99E-03 000.8 013.4  63.5 6.174972 3.871299 4.124484 hargrave 2021-11-08 16:20:06 
TT 530 269.4  45.3 279.9  45.4 5.76E-03 002.5 013.0  63.0 10.75713 22.41954 4.138749 hargrave 2021-11-09 15:52:36 
TT 540 266.8  44.8 277.3  45.3 5.44E-03 001.2 009.0  62.6 7.205488 7.801079 3.403212 hargrave 2021-11-10 12:15:14 
TT 545 267.5  44.5 277.9  44.9 5.21E-03 001.1 010.1  62.3 6.176509 6.615810 3.863062 hargrave 2021-11-10 17:37:55 
TT 550 268.5  44.5 278.8  44.7 4.86E-03 003.0 011.5  62.3 9.311676 23.09781 3.431817 hargrave 2021-11-11 16:03:21 
TT 555 269.4  44.4 279.6  44.4 4.71E-03 001.2 012.8  62.1 6.106901 7.371322 3.398681 hargrave 2021-11-12 13:53:00 
TT 560 266.1  43.5 276.2  44.2 4.18E-03 002.8 007.8  61.4 5.979189 19.46908 3.030099 hargrave 2021-11-13 10:44:17 
TT 565 268.3  43.3 278.2  43.6 4.14E-03 001.7 011.0  61.1 5.488658 10.72911 3.128123 hargrave 2021-11-13 19:01:57 
TT 570 265.1  42.5 274.7  43.4 3.89E-03 000.6 006.1  60.4 2.843884 2.032821 2.654098 hargrave 2021-11-15 14:16:39 
TT 575 263.7  41.5 273.1  42.6 3.72E-03 000.7 004.0  59.4 3.103516 2.630824 2.776678 hargrave 2021-11-16 15:00:49 
TT 578 262.7  41.1 271.9  42.4 3.48E-03 001.7 002.4  59.1 3.016473 9.338090 2.608387 hargrave 2021-11-17 13:47:46 
TT 581 264.5  41.0 273.7  42.0 3.22E-03 001.7 005.2  59.0 3.039290 8.634541 2.597746 hargrave 2021-11-18 13:37:44 
TT 587 265.3  41.0 274.5  41.9 3.18E-03 001.9 006.3  58.9 3.399470 9.498947 2.338078 hargrave 2021-11-22 10:35:56 
TT 600 263.1  38.9 271.6  40.2 2.98E-03 002.3 003.0  56.9 2.322649 11.47641 2.473198 hargrave 2021-11-23 09:50:14 
TT 615 262.5  39.8 271.4  41.3 2.32E-03 001.7 002.2  57.8 1.860051 6.468448 1.782230 hargrave 2021-11-23 17:13:48 
TT 630 262.8  39.5 271.6  40.9 1.95E-03 001.4 002.6  57.5 1.635062 4.356558 1.556516 hargrave 2021-11-24 16:46:02 
TT 645 261.3  38.4 269.7  40.1 1.65E-03 002.2 000.4  56.4 0.789041 6.205563 1.166096 hargrave 2021-11-27 14:13:45 
TT 655 265.8  38.6 274.3  39.5 1.53E-03 000.6 006.8  56.5 0.664475 1.219413 1.364361 hargrave 2021-11-28 15:05:22 
TT 665 261.6  38.5 270.0  40.2 1.36E-03 001.2 000.8  56.5 0.535885 2.636996 1.165165 hargrave 2021-11-29 10:28:30 
TT 675 264.5  38.9 273.0  40.0 8.75E-04 001.1 004.9  56.9 0.369653 1.600908 0.853872 hargrave 2021-11-29 17:09:29 
TT 685 268.1  34.4 275.3  35.0 3.62E-04 000.7 009.5  52.2 0.240208 0.255819 0.370473 hargrave 2021-11-30 13:39:10 
