CB18- 5a mag compass orientation (IGRF corrected)
      0   8.0  21.0 274.8  10.4   1.0
NRM    314.4  67.6 328.9  60.0 1.86E-02 001.4 101.4  76.7 45.22940 9.690915 4.033904 hargrave 2021-10-29 15:40:00 
TT 100 293.2  62.5 309.5  57.8 1.47E-02 000.9 051.0  81.0 21.68754 9.656928 2.899541 hargrave 2021-10-30 12:52:16 
TT 200 282.4  58.7 298.1  55.9 1.29E-02 001.0 012.6  79.5 17.57236 14.18228 4.376691 hargrave 2021-10-31 15:49:17 
TT 300 273.3  53.1 286.9  52.1 1.10E-02 000.6 349.8  74.0 10.46014 4.344638 4.746352 hargrave 2021-11-01 12:40:40 
TT 325 272.0  52.3 285.3  51.6 1.06E-02 002.4 347.3  73.1 3.791200 42.99372 5.371237 hargrave 2021-11-01 20:06:15 
TT 350 269.3  51.3 282.3  51.1 1.02E-02 001.0 342.4  71.8 6.305402 15.85110 5.069347 hargrave 2021-11-02 13:58:57 
TT 375 269.3  50.3 281.9  50.2 9.83E-03 001.7 342.9  70.9 3.529885 29.06623 5.608023 hargrave 2021-11-02 19:41:57 
TT 400 268.9  49.9 281.3  49.8 9.50E-03 001.4 342.4  70.4 3.779890 21.82270 4.475236 hargrave 2021-11-04 09:12:09 
TT 420 267.7  49.6 280.0  49.8 9.20E-03 001.3 340.2  69.9 3.712218 20.50082 5.251060 hargrave 2021-11-04 16:27:52 
TT 440 266.5  49.6 278.9  50.0 8.83E-03 001.1 338.0  69.8 3.387139 15.68515 4.602319 hargrave 2021-11-05 16:54:56 
TT 460 267.4  49.4 279.6  49.7 8.18E-03 001.0 339.7  69.8 4.758747 12.28826 4.791248 hargrave 2021-11-06 12:45:04 
TT 480 268.8  49.2 280.9  49.2 7.18E-03 000.7 342.5  69.7 5.841972 4.454420 4.169951 hargrave 2021-11-07 10:51:37 
TT 500 267.2  49.1 279.3  49.3 6.42E-03 000.8 339.6  69.4 3.401177 7.209277 3.709862 hargrave 2021-11-07 17:42:50 
TT 520 267.0  48.6 278.9  48.9 5.96E-03 001.2 339.5  68.9 1.352032 11.75565 2.809411 hargrave 2021-11-08 16:18:30 
TT 530 267.7  48.0 279.4  48.2 5.75E-03 001.7 341.1  68.4 2.041999 16.64148 2.905086 hargrave 2021-11-09 15:50:58 
TT 540 267.4  47.7 278.9  48.0 5.46E-03 000.8 340.6  68.1 2.897185 6.510513 2.289409 hargrave 2021-11-10 12:12:51 
TT 545 267.4  47.6 278.9  47.9 5.22E-03 000.8 340.7  68.0 1.777981 6.386478 2.661391 hargrave 2021-11-10 17:35:30 
TT 550 267.6  46.7 278.8  47.0 4.91E-03 000.9 341.5  67.1 1.252546 7.641324 2.366792 hargrave 2021-11-11 16:01:46 
TT 555 265.4  47.2 276.7  47.8 4.76E-03 001.0 337.4  67.3 1.190821 7.758385 2.361119 hargrave 2021-11-12 13:50:32 
TT 560 265.1  46.2 276.1  46.9 4.13E-03 001.6 337.4  66.3 2.744120 11.00885 1.761255 hargrave 2021-11-13 10:42:42 
TT 565 265.9  45.9 276.8  46.5 4.09E-03 002.6 338.9  66.1 4.442784 18.16444 2.301385 hargrave 2021-11-13 19:00:23 
TT 570 264.8  44.8 275.3  45.7 3.94E-03 001.3 337.6  64.9 1.744331 8.490332 1.683779 hargrave 2021-11-15 14:15:05 
TT 575 261.7  45.0 272.3  46.4 3.76E-03 000.9 332.5  64.6 1.224190 5.731615 1.989408 hargrave 2021-11-16 14:59:14 
TT 578 263.0  44.2 273.3  45.4 3.57E-03 000.8 334.9  64.1 0.899559 4.702002 1.819982 hargrave 2021-11-17 13:46:13 
TT 581 261.6  44.3 271.9  45.8 3.35E-03 000.8 332.6  63.9 0.929376 4.318937 1.767209 hargrave 2021-11-18 13:36:15 
TT 587 262.1  43.7 272.2  45.1 3.34E-03 001.3 333.7  63.4 1.991241 7.344015 1.657492 hargrave 2021-11-22 10:34:29 
TT 600 256.5  39.3 265.2  41.8 2.59E-03 000.3 327.5  58.1 0.626885 0.889319 1.430049 hargrave 2021-11-23 09:48:46 
TT 615 257.7  40.4 266.7  42.6 2.33E-03 000.4 328.8  59.4 1.047658 0.711248 1.296436 hargrave 2021-11-23 17:12:20 
TT 630 258.6  41.7 268.1  43.8 2.01E-03 003.2 329.4  60.8 4.101855 10.39558 1.548787 hargrave 2021-11-24 16:44:34 
TT 645 260.9  40.2 269.9  41.9 1.93E-03 001.4 333.5  59.8 2.030416 4.200134 0.972518 hargrave 2021-11-27 14:12:18 
TT 655 263.6  39.8 272.4  41.0 1.87E-03 000.4 337.7  59.8 0.397992 1.048211 1.322516 hargrave 2021-11-28 15:03:58 
TT 665 256.9  40.6 266.0  43.1 1.78E-03 001.2 327.4  59.5 1.801817 3.118007 1.055479 hargrave 2021-11-29 10:27:06 
TT 675 259.2  40.8 268.4  42.8 1.12E-03 002.6 330.7  60.1 2.501178 4.301601 0.898146 hargrave 2021-11-29 17:08:05 
TT 685 268.7  35.6 276.2  36.0 3.36E-04 001.0 346.3  56.2 0.118621 0.501865 0.275062 hargrave 2021-11-30 13:37:46 
