CB2- 8a mag compass orientation (IGRF corrected)
      0 143.0  33.0 291.7  19.7   1.0
NRM    236.1  69.1 302.1  78.1 6.47E-02 002.4 181.4  36.1 207.8819 211.8761 110.8027 hargrave 2021-09-04 15:06:54 
NRM    240.5  68.1 301.3  76.3 6.35E-02 002.4 183.4  35.3 211.1836 206.4868 104.1243 hargrave 2021-09-05 14:54:42 
TT 200 224.7  66.2 276.8  80.6 5.98E-02 003.6 176.0  33.3 176.3631 346.1488 101.4753 hargrave 2021-09-06 13:34:51 
TT 300 229.2  65.5 280.0  78.7 4.60E-02 001.1 178.1  32.5 32.15246 31.17981 76.43168 hargrave 2021-09-07 12:05:49 
TT 325 230.4  65.7 282.5  78.5 3.26E-02 001.4 178.7  32.8 22.85230 59.27310 52.40426 hargrave 2021-09-08 09:07:12 
TT 350 232.8  65.9 285.8  77.7 3.08E-02 001.0 179.9  32.9 22.35100 12.45600 50.28225 hargrave 2021-09-08 16:18:22 
TT 375 229.6  65.9 282.2  78.8 2.99E-02 002.0 178.3  32.9 25.78312 89.35568 49.04088 hargrave 2021-09-10 08:33:20 
TT 400 241.1  66.2 294.9  75.1 2.87E-02 007.9 183.9  33.3 4.709655 395.3799 44.82695 hargrave 2021-09-13 08:25:07 
TT 425 226.0  65.8 276.9  80.0 2.76E-02 001.0 176.6  32.9 18.21726 13.63463 46.11924 hargrave 2021-09-27 09:03:48 
TT 450 231.0  66.0 284.1  78.4 2.63E-02 001.3 179.0  33.0 16.47041 37.14352 42.17519 hargrave 2021-09-27 18:28:35 
TT 475 227.7  66.0 280.1  79.5 2.45E-02 002.8 177.4  33.1 10.40295 113.5503 40.42677 hargrave 2021-10-14 15:49:04 
TT 500 226.7  66.3 280.2  80.0 2.19E-02 001.4 177.0  33.4 13.68326 41.82530 34.03524 hargrave 2021-10-16 13:43:09 
TT 510 226.8  66.3 280.2  80.0 2.03E-02 001.5 177.0  33.3 17.98408 37.00100 34.16129 hargrave 2021-10-17 17:06:08 
TT 520 227.9  66.5 282.9  79.7 1.85E-02 001.3 177.6  33.6 10.28713 30.97353 28.45540 hargrave 2021-10-18 16:16:19 
TT 530 230.9  66.7 287.2  78.8 1.64E-02 001.7 179.0  33.7 8.918189 41.34542 25.78363 hargrave 2021-10-19 13:03:55 
TT 535 225.8  66.9 281.9  80.6 1.46E-02 002.3 176.6  34.0 4.147999 55.05542 21.62503 hargrave 2021-10-20 12:14:02 
TT 535 226.8  66.9 283.3  80.3 1.46E-02 001.9 177.1  34.0 4.855125 44.19939 21.43964 hargrave 2021-10-20 13:57:10 
TT 540 223.6  67.7 283.6  81.8 6.12E-03 061.4 175.7  34.9 535.5618 40.80357 374.0838 hargrave 2021-10-22 09:15:52 
TT 540 233.1  33.0 243.3  49.0 1.00E-02 036.9 180.0 -00.0 2.960624 82.20748 748.1563 hargrave 2021-10-22 11:48:24 
TT 540 259.1  66.7 309.7  69.4 1.19E-02 014.6 192.3  35.2 58.93154 302.4078 18.95806 hargrave 2021-10-22 11:55:41 
TT 540 223.7  67.6 283.5  81.7 6.12E-03 065.3 175.7  34.8 535.9529 40.57285 373.9455 hargrave 2021-10-22 12:10:43 
TT 545 229.3  66.9 286.2  79.5 8.79E-03 001.0 178.3  33.9 4.775464 4.940646 14.07744 hargrave 2021-10-22 18:26:02 
TT 550 227.9  67.1 285.5  80.0 8.46E-03 001.8 177.6  34.1 3.424566 23.22086 13.21461 hargrave 2021-10-24 11:21:42 
TT 555 225.2  67.3 283.4  81.0 7.64E-03 000.9 176.4  34.4 3.439642 5.659554 11.27560 hargrave 2021-10-25 09:28:35 
TT 560 229.8  67.1 288.0  79.4 6.78E-03 000.9 178.5  34.2 2.776487 5.071283 10.11774 hargrave 2021-10-25 18:35:53 
TT 567 226.4  67.3 285.1  80.7 5.63E-03 001.8 176.9  34.4 2.508532 15.88308 8.199212 hargrave 2021-10-26 14:40:51 
TT 575 229.9  67.3 288.7  79.5 4.74E-03 000.9 178.6  34.3 1.840337 2.736032 7.280312 hargrave 2021-10-27 12:33:09 
TT 582 226.1  67.2 284.1  80.7 3.99E-03 003.8 176.8  34.3 3.268150 25.86488 6.540268 hargrave 2021-10-27 18:38:53 
TT 589 226.7  66.7 282.2  80.2 3.56E-03 002.6 177.0  33.8 2.152994 15.30527 5.739942 hargrave 2021-10-28 16:21:07 
