CB2- 6a mag compass orientation (IGRF corrected)
      0  96.0  45.0 291.7  19.7   1.0
NRM    220.7  71.6 312.1  83.7 1.93E-02 048.9 191.9  29.2 1763.852 371.9280 1005.623 hargrave 2021-09-04 15:04:06 
NRM    227.0  69.5 298.3  81.3 3.83E-02 005.4 195.2  28.4 72.76479 347.9406 66.55752 hargrave 2021-09-04 18:11:32 
NRM    227.4  69.4 298.0  81.2 1.89E-02 038.7 195.3  28.4 1711.402 469.8109 958.4140 hargrave 2021-09-05 14:52:00 
NRM    226.0  68.6 291.7  81.3 3.75E-02 005.7 195.4  27.4 71.03581 362.2908 74.48471 hargrave 2021-09-05 16:37:59 
TT 200 227.8  64.2 273.1  78.4 3.13E-02 002.4 198.5  24.0 51.66131 103.0551 67.05156 hargrave 2021-09-06 13:32:05 
TT 300 219.3  66.4 269.2  82.5 1.26E-02 058.2 193.9  24.3 1186.938 294.5472 552.4979 hargrave 2021-09-07 12:03:07 
TT 300 224.5  64.5 269.0  79.6 2.49E-02 006.3 197.0  23.5 68.09868 260.5224 46.63023 hargrave 2021-09-07 14:40:01 
TT 325 224.6  65.8 274.8  80.4 6.36E-03 056.2 196.4  24.7 592.7908 174.2617 284.4224 hargrave 2021-09-08 09:04:25 
TT 325 226.9  64.1 271.2  78.5 1.26E-02 004.9 198.2  23.7 26.29990 102.9508 25.79828 hargrave 2021-09-08 10:32:18 
TT 350 220.6  65.2 265.4  81.3 1.13E-02 002.0 195.0  23.5 2.551821 31.73744 23.56904 hargrave 2021-09-08 16:15:39 
TT 375 220.5  64.9 263.6  81.1 1.14E-02 002.2 195.2  23.1 3.396610 37.04452 23.63641 hargrave 2021-09-10 08:30:37 
TT 400 218.4  66.3 266.9  82.7 5.56E-03 075.6 193.6  24.1 527.1928 127.8480 242.4064 hargrave 2021-09-13 08:22:54 
TT 400 223.7  64.1 266.1  79.5 1.11E-02 003.5 196.9  23.0 11.71655 62.84731 23.82719 hargrave 2021-09-13 10:21:28 
TT 425 227.4  62.8 267.9  77.5 1.06E-02 001.5 199.1  22.8 9.558045 15.43984 21.11911 hargrave 2021-09-27 09:01:04 
TT 450 206.0  67.9 236.0  87.1 5.08E-03 068.3 188.1  23.9 491.3147 70.11245 219.5539 hargrave 2021-09-27 18:25:51 
TT 450 219.3  64.7 260.6  81.3 1.01E-02 003.1 194.7  22.8 9.531030 50.42024 20.04403 hargrave 2021-09-28 08:17:48 
TT 475 209.7  66.3 242.0  85.0 9.39E-03 001.3 190.1  22.8 2.664859 9.637490 19.79766 hargrave 2021-10-14 15:46:20 
TT 500 221.2  65.5 268.0  81.3 4.21E-03 063.1 195.1  23.8 397.1111 107.4505 181.8536 hargrave 2021-10-16 13:40:25 
TT 500 222.9  64.2 265.3  79.9 8.36E-03 004.5 196.5  23.0 15.30665 61.82482 15.40678 hargrave 2021-10-16 15:15:18 
TT 510 220.6  65.7 268.0  81.6 3.90E-03 029.1 194.8  23.9 368.7262 97.40731 169.2697 hargrave 2021-10-17 17:03:23 
TT 510 225.2  63.9 267.9  79.0 7.74E-03 006.4 197.6  23.2 22.49760 82.61097 14.48922 hargrave 2021-10-18 09:04:41 
TT 520 218.0  65.3 260.6  82.1 7.22E-03 001.0 193.9  23.1 1.759180 3.270969 13.31433 hargrave 2021-10-18 16:13:37 
TT 530 222.0  64.8 266.0  80.6 6.47E-03 004.1 195.8  23.3 13.49648 43.32429 10.98434 hargrave 2021-10-19 13:00:22 
TT 535 212.1  66.6 252.9  84.7 5.79E-03 003.9 191.0  23.4 5.652525 37.50374 10.95210 hargrave 2021-10-20 12:11:16 
TT 535 213.0  66.5 254.7  84.4 5.79E-03 004.3 191.4  23.4 6.615645 41.36469 11.05508 hargrave 2021-10-20 13:53:38 
TT 540 036.3  56.0 031.8  36.7 1.45E-02 001.1 131.0  68.0 22.94962 16.78610 5.353597 hargrave 2021-10-22 09:12:20 
TT 545 221.9  66.0 271.5  81.4 2.62E-03 001.0 195.2  24.4 0.933636 1.226418 4.558390 hargrave 2021-10-22 18:23:19 
TT 550 207.9  69.3 270.1  87.7 1.26E-03 083.1 188.4  25.5 120.0906 17.71806 57.81625 hargrave 2021-10-24 11:18:59 
TT 550 222.4  66.2 273.7  81.4 2.48E-03 007.2 195.3  24.7 7.266331 30.03441 4.519515 hargrave 2021-10-24 12:49:19 
TT 555 222.1  66.1 272.4  81.4 2.24E-03 001.7 195.2  24.5 0.831835 5.488535 3.873993 hargrave 2021-10-25 09:25:52 
TT 560 221.0  66.2 271.2  81.8 1.89E-03 001.0 194.7  24.4 0.746754 0.741938 3.317296 hargrave 2021-10-25 18:33:10 
TT 567 217.2  67.7 273.8  83.9 1.46E-03 001.5 192.5  25.1 0.536511 3.076586 2.502931 hargrave 2021-10-26 14:37:20 
TT 575 217.0  66.7 266.2  83.4 1.32E-03 002.6 192.9  24.2 1.536175 5.246869 2.319264 hargrave 2021-10-27 12:30:26 
TT 582 216.6  67.3 269.6  83.8 1.15E-03 001.1 192.5  24.7 0.552399 0.674101 2.079993 hargrave 2021-10-27 18:36:11 
TT 589 215.0  66.7 261.3  83.9 1.11E-03 001.3 192.1  23.8 0.623427 1.676180 2.030485 hargrave 2021-10-28 16:18:24 
