CB2- 1a mag compass orientation (IGRF corrected)
      0  89.0  51.0 291.7  19.7   1.0
NRM    264.3  67.6 315.0  68.3 4.09E-02 001.2 207.3  33.9 42.17218 10.51630 78.83163 hargrave 2021-09-04 14:52:08 
NRM    260.0  70.0 318.6  71.0 4.07E-02 001.6 203.9  33.3 8.662289 78.96767 78.83236 hargrave 2021-09-05 14:41:37 
TT 200 252.4  67.9 308.4  72.3 3.65E-02 001.7 204.6  29.9 11.00956 86.17816 67.81264 hargrave 2021-09-06 13:21:44 
TT 300 247.3  68.7 307.9  74.3 3.23E-02 002.4 202.6  28.8 20.44054 112.2886 70.21362 hargrave 2021-09-07 11:52:44 
TT 325 251.5  65.6 301.8  71.3 2.81E-02 000.9 206.6  28.5 18.39292 7.515731 41.47870 hargrave 2021-09-08 08:52:25 
TT 350 251.4  65.1 300.5  71.1 2.46E-02 001.0 207.0  28.2 3.953321 24.43690 35.00163 hargrave 2021-09-08 16:05:15 
TT 375 250.1  65.0 299.2  71.4 2.07E-02 001.8 206.8  27.7 14.88740 53.91887 32.51950 hargrave 2021-09-10 08:15:54 
TT 400 251.4  64.1 298.2  70.4 1.81E-02 005.5 208.0  27.6 72.31881 157.0891 22.49237 hargrave 2021-09-13 08:13:41 
TT 425 246.7  65.6 297.9  72.9 1.61E-02 000.8 205.4  26.8 5.464566 6.784609 22.29459 hargrave 2021-09-27 08:51:26 
TT 450 247.8  64.9 297.0  72.1 1.47E-02 001.8 206.3  26.8 21.13489 36.25766 19.32552 hargrave 2021-09-27 18:14:40 
TT 475 248.4  64.3 296.0  71.6 1.34E-02 002.7 207.0  26.6 24.58260 55.66776 18.01581 hargrave 2021-10-14 15:35:55 
TT 500 246.5  65.4 297.3  72.9 1.21E-02 001.2 205.5  26.7 7.667055 19.95575 15.62340 hargrave 2021-10-16 13:30:02 
TT 510 247.3  65.4 297.9  72.6 1.12E-02 002.1 205.7  26.9 15.14385 35.25944 13.28954 hargrave 2021-10-17 16:52:57 
TT 520 243.4  67.6 301.5  75.1 1.04E-02 001.7 202.7  27.0 9.590661 26.19801 13.48505 hargrave 2021-10-18 16:01:36 
TT 530 244.2  67.5 301.6  74.8 9.58E-03 001.0 203.0  27.1 4.201991 11.35637 12.35748 hargrave 2021-10-19 12:50:47 
TT 535 244.5  67.6 302.4  74.7 8.78E-03 003.0 203.0  27.4 16.39794 41.00641 11.20687 hargrave 2021-10-20 12:01:33 
TT 535 244.2  67.8 302.7  74.9 8.78E-03 002.8 202.7  27.3 15.02859 38.22716 11.15077 hargrave 2021-10-20 13:43:15 
TT 540 245.2  67.5 302.3  74.4 7.84E-03 002.9 203.3  27.4 13.09639 36.42476 9.669065 hargrave 2021-10-22 09:02:45 
TT 545 249.5  65.0 298.6  71.6 5.83E-03 001.5 206.7  27.4 5.242049 11.95672 7.716242 hargrave 2021-10-22 18:13:45 
TT 550 243.5  68.4 304.2  75.4 3.85E-03 002.4 202.0  27.5 5.701200 14.24966 5.086720 hargrave 2021-10-24 11:08:36 
TT 555 248.0  66.4 301.1  72.9 3.16E-03 000.7 205.0  27.7 1.028149 1.190353 4.050983 hargrave 2021-10-25 09:14:39 
TT 560 246.1  68.0 304.9  74.4 2.05E-03 003.1 203.0  28.1 4.288374 10.13934 2.800253 hargrave 2021-10-25 18:21:08 
TT 567 244.6  70.7 313.7  76.0 1.49E-03 001.0 200.1  29.2 0.828901 1.809954 1.863398 hargrave 2021-10-26 14:27:43 
TT 575 250.6  64.5 298.3  70.9 1.26E-03 001.2 207.5  27.5 0.975094 1.981644 1.727254 hargrave 2021-10-27 12:20:50 
TT 582 243.8  68.0 303.2  75.1 1.18E-03 001.0 202.4  27.4 0.568450 1.342085 1.593029 hargrave 2021-10-27 18:26:39 
TT 589 247.4  65.7 298.8  72.7 1.11E-03 001.9 205.5  27.1 1.621167 3.079159 1.512383 hargrave 2021-10-28 16:08:49 
