CB2- 7a mag compass orientation (IGRF corrected)
      0 262.0  35.0 291.7  19.7   1.0
NRM    230.1  67.8 291.3  79.6 5.79E-02 002.2 138.9  60.8 162.9288 134.0842 140.4562 hargrave 2021-09-04 15:05:27 
NRM    229.1  68.5 294.0  80.3 5.80E-02 001.1 140.2  61.2 86.25566 46.56939 124.6148 hargrave 2021-09-05 14:53:20 
TT 200 224.2  65.8 274.4  80.6 5.63E-02 001.1 134.5  63.1 86.59155 39.68702 133.8394 hargrave 2021-09-06 13:33:29 
TT 300 214.5  65.9 255.0  83.5 4.55E-02 002.7 135.1  67.0 167.3641 135.1476 47.30825 hargrave 2021-09-07 12:04:28 
TT 325 213.9  64.2 245.3  82.3 3.71E-02 000.8 130.8  67.4 48.24421 11.56287 15.25483 hargrave 2021-09-08 09:05:46 
TT 350 213.2  65.1 247.1  83.3 3.58E-02 000.9 133.3  67.6 51.75572 23.16122 14.70381 hargrave 2021-09-08 16:17:00 
TT 375 213.4  64.7 245.8  82.9 3.58E-02 002.1 132.2  67.6 110.3477 68.56220 14.00389 hargrave 2021-09-10 08:31:58 
TT 400 213.1  65.8 250.5  83.8 3.55E-02 002.3 135.0  67.6 113.7416 82.45562 13.22266 hargrave 2021-09-13 08:24:00 
TT 425 213.0  65.2 246.9  83.3 3.36E-02 001.5 133.4  67.7 70.15703 48.12954 13.43131 hargrave 2021-09-27 09:02:25 
TT 450 212.9  64.6 243.7  82.9 3.16E-02 001.3 131.9  67.8 57.93606 37.25289 13.16323 hargrave 2021-09-27 18:27:13 
TT 475 212.7  64.3 242.0  82.7 2.93E-02 000.8 131.2  67.9 33.75058 24.16311 12.06625 hargrave 2021-10-14 15:47:41 
TT 500 212.1  65.6 246.3  83.9 2.60E-02 001.6 134.7  68.0 53.15548 46.98203 10.03711 hargrave 2021-10-16 13:41:47 
TT 510 211.9  64.9 242.4  83.4 2.39E-02 002.9 133.0  68.2 90.73304 77.73166 7.933763 hargrave 2021-10-17 17:04:45 
TT 520 212.3  64.5 241.8  82.9 2.18E-02 000.3 131.8  68.1 9.674190 5.750396 8.572278 hargrave 2021-10-18 16:14:57 
TT 530 211.9  66.1 248.2  84.3 1.95E-02 000.3 135.9  68.0 7.620252 5.583639 8.314719 hargrave 2021-10-19 13:01:43 
TT 535 212.3  64.2 240.6  82.7 1.75E-02 000.8 131.1  68.1 19.48526 14.23179 6.854273 hargrave 2021-10-20 12:12:39 
TT 535 212.3  64.3 241.1  82.8 1.75E-02 000.9 131.3  68.1 21.75823 15.21863 6.991753 hargrave 2021-10-20 13:54:58 
TT 540 012.8  57.6 015.7  38.0 4.65E-03 001.1 192.0  23.8 1.643655 3.229538 8.405729 hargrave 2021-10-22 09:13:42 
TT 545 211.8  66.2 248.6  84.5 1.02E-02 000.3 136.3  68.0 4.262436 3.476800 3.778284 hargrave 2021-10-22 18:24:40 
TT 550 212.0  66.2 249.4  84.4 9.46E-03 001.0 136.2  67.9 12.47747 11.05273 3.736574 hargrave 2021-10-24 11:20:20 
TT 555 212.9  65.7 249.1  83.8 7.40E-03 001.3 134.8  67.7 11.96868 11.46809 2.800130 hargrave 2021-10-25 09:27:13 
TT 560 211.9  66.2 249.2  84.4 6.24E-03 002.0 136.3  68.0 15.14901 15.11763 2.809355 hargrave 2021-10-25 18:34:31 
TT 567 212.2  66.2 249.8  84.3 4.77E-03 001.7 136.2  67.9 9.804949 9.728763 2.109580 hargrave 2021-10-26 14:39:29 
TT 575 210.7  65.7 242.0  84.3 3.87E-03 001.0 135.2  68.6 4.714864 4.725369 1.771328 hargrave 2021-10-27 12:31:47 
TT 582 212.4  63.8 239.4  82.3 3.20E-03 002.5 129.9  68.1 10.87327 9.049404 1.427822 hargrave 2021-10-27 18:37:31 
TT 589 211.8  65.9 247.2  84.3 2.86E-03 001.5 135.7  68.1 5.518773 5.359477 1.385674 hargrave 2021-10-28 16:19:45 
