CB2- 4a mag compass orientation (IGRF corrected)
      0 147.0  38.0 291.7  19.7   1.0
NRM    250.8  72.5 322.5  74.6 4.60E-02 003.2 185.0  34.8 34.65300 244.8498 85.20823 hargrave 2021-09-04 14:59:44 
NRM    261.9  70.8 321.5  70.8 4.53E-02 001.8 189.6  34.0 30.82515 117.3846 81.66111 hargrave 2021-09-05 14:48:24 
TT 200 244.6  68.2 304.4  75.0 3.78E-02 002.6 183.3  30.4 29.96604 152.2078 73.70452 hargrave 2021-09-06 13:29:18 
TT 300 243.3  67.6 301.4  75.1 3.04E-02 005.5 182.7  29.7 19.91859 285.2249 61.59649 hargrave 2021-09-07 11:59:31 
TT 325 237.5  66.8 293.9  76.7 1.79E-02 003.2 180.2  28.8 18.88611 90.94858 37.64881 hargrave 2021-09-08 09:00:02 
TT 350 244.9  65.9 297.5  73.7 1.21E-02 004.0 183.7  28.1 6.797486 81.02586 24.80260 hargrave 2021-09-08 16:12:51 
TT 375 243.5  65.8 296.0  74.1 1.22E-02 003.1 183.0  28.0 8.990837 60.26169 23.70152 hargrave 2021-09-10 08:25:14 
TT 400 246.3  65.6 297.7  73.1 1.24E-02 006.5 184.3  27.8 3.014088 138.7993 23.44131 hargrave 2021-09-13 08:19:55 
TT 425 228.5  65.4 278.8  78.9 1.20E-02 003.1 176.0  27.6 14.52297 59.20769 24.05174 hargrave 2021-09-27 08:58:15 
TT 450 237.2  65.5 289.1  76.1 1.14E-02 004.0 180.1  27.5 9.367474 75.66183 23.04775 hargrave 2021-09-27 18:22:16 
TT 475 233.0  65.5 284.4  77.4 1.07E-02 005.5 178.1  27.5 11.46077 101.5737 21.27714 hargrave 2021-10-14 15:42:42 
TT 500 233.8  65.5 285.5  77.2 9.59E-03 003.2 178.5  27.5 7.970020 49.31493 17.62155 hargrave 2021-10-16 13:36:50 
TT 510 239.9  65.6 291.8  75.2 8.93E-03 004.5 181.3  27.6 6.175524 68.22306 16.61988 hargrave 2021-10-17 16:59:46 
TT 520 239.0  65.4 290.5  75.4 8.32E-03 002.4 181.0  27.4 5.286785 30.85553 15.81505 hargrave 2021-10-18 16:09:12 
TT 530 240.6  65.6 292.7  74.9 7.68E-03 001.7 181.7  27.6 4.563424 17.31042 14.48091 hargrave 2021-10-19 12:57:34 
TT 535 235.5  65.7 288.2  76.8 7.09E-03 004.5 179.3  27.8 5.815508 53.24764 13.72159 hargrave 2021-10-20 12:08:25 
TT 535 235.3  65.7 287.9  76.8 7.09E-03 004.3 179.2  27.7 5.977621 51.81603 13.71838 hargrave 2021-10-20 13:50:49 
TT 540 237.2  65.8 289.9  76.2 6.26E-03 002.6 180.1  27.8 5.246291 25.01744 11.91302 hargrave 2021-10-22 09:09:32 
TT 545 243.7  66.2 297.3  74.2 3.97E-03 004.4 183.1  28.3 1.260229 29.87382 7.657360 hargrave 2021-10-22 18:20:31 
TT 550 240.0  66.2 294.1  75.5 3.80E-03 005.3 181.4  28.2 1.859083 34.37997 7.376149 hargrave 2021-10-24 11:15:23 
TT 555 236.1  66.5 291.4  77.0 2.94E-03 003.2 179.6  28.5 1.963350 15.52437 5.647109 hargrave 2021-10-25 09:21:27 
TT 560 241.0  66.7 296.4  75.4 2.33E-03 005.3 181.8  28.7 1.042028 21.28511 4.690573 hargrave 2021-10-25 18:28:44 
TT 567 238.4  67.2 296.1  76.6 1.81E-03 002.6 180.6  29.2 1.134509 7.471853 3.494759 hargrave 2021-10-26 14:34:31 
TT 575 242.1  66.4 296.5  74.9 1.59E-03 005.0 182.3  28.5 0.608215 13.51773 3.212033 hargrave 2021-10-27 12:27:38 
TT 582 244.1  66.8 299.6  74.5 1.38E-03 002.5 183.2  29.0 0.699397 5.302349 2.658935 hargrave 2021-10-27 18:33:23 
TT 589 239.7  67.5 298.5  76.3 1.26E-03 004.3 181.2  29.6 0.751486 9.218333 2.478687 hargrave 2021-10-28 16:15:36 
