CB2- 3a mag compass orientation (IGRF corrected)
      0 100.0  53.0 291.7  19.7   1.0
NRM    241.9  72.0 317.8  77.2 4.10E-02 002.1 195.6  24.8 21.13378 132.1719 68.03008 hargrave 2021-09-04 14:58:16 
NRM    249.5  68.4 308.3  73.5 4.05E-02 001.1 200.3  24.3 38.38287 23.84210 68.38785 hargrave 2021-09-05 14:46:56 
TT 200 228.5  70.3 304.4  81.0 3.62E-02 001.1 193.0  20.9 19.66857 20.05334 64.13632 hargrave 2021-09-06 13:27:50 
TT 300 242.6  65.5 294.2  74.2 3.15E-02 002.9 200.5  20.3 36.55892 146.7613 51.97895 hargrave 2021-09-07 11:58:03 
TT 325 235.1  67.1 293.0  77.6 2.72E-02 003.0 197.0  19.6 21.30193 134.9428 48.03021 hargrave 2021-09-08 08:58:34 
TT 350 240.6  64.5 289.3  74.3 2.25E-02 004.4 200.6  19.0 45.61945 161.7274 39.58608 hargrave 2021-09-08 16:11:22 
TT 375 238.4  64.7 287.6  75.2 1.93E-02 004.1 199.7  18.5 34.34101 128.2892 34.64472 hargrave 2021-09-10 08:22:55 
TT 400 241.8  63.6 288.0  73.3 1.72E-02 011.1 201.7  18.6 112.7760 318.1528 29.44683 hargrave 2021-09-13 08:18:44 
TT 400 236.1  65.3 287.3  76.3 1.74E-02 005.3 198.5  18.4 41.06285 153.5988 32.18675 hargrave 2021-09-13 10:20:12 
TT 425 235.3  64.9 284.9  76.3 1.58E-02 002.6 198.5  17.8 13.34720 64.34326 29.25024 hargrave 2021-09-27 08:56:46 
TT 450 232.4  65.6 284.3  77.7 1.46E-02 003.0 197.0  17.7 14.69151 68.81249 27.48118 hargrave 2021-09-27 18:20:47 
TT 475 237.0  63.8 283.6  75.1 1.36E-02 001.0 199.8  17.5 7.059916 8.281837 22.54256 hargrave 2021-10-14 15:41:13 
TT 500 235.4  64.6 284.3  76.1 1.20E-02 002.8 198.7  17.7 12.64399 52.39790 21.03879 hargrave 2021-10-16 13:35:21 
TT 510 233.4  65.4 284.8  77.3 1.12E-02 003.7 197.4  17.8 15.22581 67.15281 19.62270 hargrave 2021-10-17 16:58:17 
TT 520 231.1  66.2 285.4  78.5 1.04E-02 001.6 196.2  18.0 3.180849 23.34904 18.18818 hargrave 2021-10-18 16:07:43 
TT 530 237.9  64.3 286.1  75.1 9.51E-03 002.8 199.8  18.1 11.82793 42.02270 16.68618 hargrave 2021-10-19 12:56:05 
TT 535 236.4  65.1 286.9  76.1 8.61E-03 002.5 198.7  18.3 7.879695 34.15211 15.03563 hargrave 2021-10-20 12:06:56 
TT 535 236.7  65.0 286.8  75.9 8.61E-03 002.7 198.9  18.3 8.877928 36.90043 15.09587 hargrave 2021-10-20 13:49:21 
TT 540 233.6  66.2 287.9  77.7 7.25E-03 003.9 197.1  18.5 10.45291 46.91506 12.99120 hargrave 2021-10-22 09:08:03 
TT 545 242.1  64.1 289.7  73.6 4.19E-03 003.9 201.4  19.1 8.740042 26.46765 7.409217 hargrave 2021-10-22 18:19:03 
TT 550 237.2  65.8 290.2  76.3 3.64E-03 002.8 198.5  19.1 3.912924 15.98463 6.476303 hargrave 2021-10-24 11:13:54 
TT 555 235.5  67.0 292.8  77.4 2.47E-03 003.3 197.2  19.6 3.500153 13.22895 4.438332 hargrave 2021-10-25 09:19:58 
TT 560 239.5  65.7 292.1  75.4 1.74E-03 004.4 199.4  19.6 3.704497 12.33109 3.095173 hargrave 2021-10-25 18:27:15 
TT 567 238.7  67.5 297.8  76.6 1.20E-03 002.8 197.9  20.8 2.121210 5.221928 1.949449 hargrave 2021-10-26 14:33:02 
TT 575 239.4  66.5 294.4  75.9 1.10E-03 004.1 198.8  20.1 2.117796 7.359729 2.026734 hargrave 2021-10-27 12:26:08 
TT 582 245.8  64.8 294.9  72.7 9.86E-04 002.1 202.1  20.7 0.800741 3.033465 1.737003 hargrave 2021-10-27 18:31:56 
TT 589 240.8  65.2 291.5  74.7 9.80E-04 001.2 200.2  19.5 0.224047 1.098318 1.732488 hargrave 2021-10-28 16:14:07 
