CB3- 4a mag compass orientation (IGRF corrected)
      0  60.0  55.0 291.7  19.7   1.0
NRM    286.3  77.9 347.8  68.0 2.05E-03 001.3 191.5  43.2 2.485002 1.782992 3.344276 hargrave 2021-09-04 15:13:05 
NRM    263.4  74.9 334.2  71.9 1.70E-03 002.6 198.0  39.7 0.226380 7.181195 2.813648 hargrave 2021-09-05 15:01:45 
TT 200 239.8  64.3 288.0  74.5 1.26E-03 004.7 210.4  31.0 4.272796 9.306718 2.133574 hargrave 2021-09-06 13:41:03 
TT 300 234.8  55.5 263.1  69.4 1.13E-03 001.2 218.7  25.5 0.798273 0.579112 2.167977 hargrave 2021-09-07 12:12:52 
TT 325 227.1  49.4 244.9  65.9 9.06E-04 004.0 222.0  18.5 3.806975 4.894546 1.594958 hargrave 2021-09-08 09:14:17 
TT 350 225.7  48.1 241.8  65.0 8.45E-04 006.2 222.6  17.0 5.965660 6.930281 1.294092 hargrave 2021-09-08 16:24:35 
TT 375 229.4  42.6 243.3  59.0 7.97E-04 005.0 228.9  16.1 4.985917 4.761497 1.259502 hargrave 2021-09-10 08:39:35 
TT 400 220.2  50.6 235.0  68.5 7.58E-04 004.2 218.2  15.5 3.133206 4.361354 1.317605 hargrave 2021-09-13 08:30:11 
TT 425 225.7  44.6 239.3  61.7 7.11E-04 004.5 225.5  15.0 3.686471 3.961705 1.290605 hargrave 2021-09-27 09:10:04 
TT 450 224.9  45.1 238.5  62.3 6.51E-04 001.2 224.8  14.8 0.360951 0.238131 1.254605 hargrave 2021-09-27 18:34:48 
TT 475 225.8  44.5 239.5  61.6 5.50E-04 003.7 225.7  15.0 2.327693 2.568863 1.003244 hargrave 2021-10-14 15:55:17 
TT 500 225.7  44.8 239.5  61.9 4.71E-04 004.3 225.4  15.1 2.315506 2.464612 0.952615 hargrave 2021-10-16 13:50:12 
TT 510 223.9  46.2 237.7  63.6 4.31E-04 006.0 223.5  14.9 2.957091 3.371320 0.661584 hargrave 2021-10-17 17:12:24 
TT 520 224.8  45.7 238.7  62.9 3.88E-04 005.0 224.3  15.1 2.220288 2.500512 0.736571 hargrave 2021-10-18 16:22:32 
TT 530 225.2  44.6 238.6  61.7 3.51E-04 005.2 225.4  14.7 2.098731 2.277961 0.670557 hargrave 2021-10-19 13:10:09 
TT 535 224.3  46.3 238.4  63.5 3.16E-04 006.6 223.6  15.2 2.356981 2.715082 0.625795 hargrave 2021-10-20 12:20:22 
TT 535 224.5  46.1 238.5  63.4 3.16E-04 006.8 223.8  15.2 2.439500 2.796683 0.621307 hargrave 2021-10-20 14:04:16 
TT 540 226.0  43.7 239.2  60.8 2.92E-04 003.1 226.4  14.7 0.943189 1.101869 0.584375 hargrave 2021-10-22 09:22:05 
TT 545 225.2  44.6 238.6  61.7 2.46E-04 003.2 225.4  14.7 0.831096 1.002260 0.490704 hargrave 2021-10-22 18:32:14 
TT 550 226.0  43.5 239.0  60.6 2.36E-04 006.6 226.6  14.5 1.879300 1.893493 0.495660 hargrave 2021-10-24 11:27:55 
TT 555 228.1  42.5 241.5  59.1 2.11E-04 005.8 228.4  15.3 1.503347 1.461953 0.433938 hargrave 2021-10-25 09:34:49 
TT 560 227.4  41.2 239.8  58.0 2.15E-04 003.1 229.3  14.1 0.721875 0.819962 0.428461 hargrave 2021-10-25 18:42:56 
TT 567 228.9  43.7 243.2  60.2 1.93E-04 003.2 227.7  16.4 0.626389 0.809741 0.392162 hargrave 2021-10-26 14:47:05 
TT 575 226.9  40.3 238.7  57.3 2.06E-04 006.1 229.7  13.3 1.539242 1.542694 0.440337 hargrave 2021-10-27 12:39:23 
TT 582 229.9  45.5 245.9  61.6 1.73E-04 004.2 226.5  18.0 0.733629 0.953345 0.367907 hargrave 2021-10-27 18:45:09 
TT 589 226.3  41.9 238.7  59.0 1.82E-04 005.9 228.1  13.9 1.209599 1.387027 0.417175 hargrave 2021-10-28 16:28:10 
TT 610 227.1  44.7 241.4  61.5 1.75E-04 005.9 226.1  15.9 1.078051 1.427312 0.301998 hargrave 2021-11-22 17:15:01 
TT 625 226.5  40.5 238.2  57.5 1.64E-04 002.1 229.4  13.1 0.561039 0.123363 0.302651 hargrave 2021-11-23 14:02:27 
TT 640 222.6  53.9 242.2  71.1 1.42E-04 001.3 216.4  18.6 0.121612 0.220227 0.218178 hargrave 2021-11-24 10:29:08 
TT 655 209.5  49.7 215.9  69.1 1.55E-04 004.2 214.4  09.7 0.737973 0.858018 0.271290 hargrave 2021-11-25 15:10:05 
TT 660 178.4  72.7 082.5  82.3 1.12E-04 004.8 188.6  19.5 0.143173 0.924250 0.176223 hargrave 2021-11-27 18:18:37 
TT 665 208.3  49.2 213.7  68.7 1.48E-04 006.6 214.2  08.8 0.734115 1.523796 0.322180 hargrave 2021-11-28 18:28:49 
TT 667 199.4  45.7 197.9  65.4 1.24E-04 006.3 212.1  02.2 1.007196 1.051956 0.174480 hargrave 2021-11-29 14:13:39 
TT 670 175.5  52.2 154.6  68.3 1.37E-04 007.4 195.3  00.0 0.445008 1.704193 0.185597 hargrave 2021-11-30 10:48:41 
