CB3- 6a mag compass orientation (IGRF corrected)
      0  69.0  77.0 291.7  19.7   1.0
NRM    330.5  59.3 347.7  44.6 3.65E-03 005.0 186.0  43.2 0.619662 31.61260 5.483839 hargrave 2021-09-04 15:15:54 
NRM    321.6  59.9 342.2  46.9 2.80E-03 005.8 191.5  41.4 3.155591 27.96355 3.965581 hargrave 2021-09-05 15:06:09 
TT 200 303.8  58.9 329.4  50.3 1.50E-03 003.5 201.9  37.2 2.448389 8.737303 1.931700 hargrave 2021-09-06 13:44:43 
TT 300 296.9  60.7 326.3  53.7 1.09E-03 001.0 203.1  33.3 0.521183 1.647848 0.750467 hargrave 2021-09-07 12:18:06 
TT 325 281.1  53.7 307.9  52.7 7.58E-04 005.3 215.1  29.2 4.058446 5.777784 0.522455 hargrave 2021-09-08 09:17:05 
TT 350 270.6  47.7 293.6  51.1 4.80E-04 005.7 223.3  24.1 3.249777 3.475057 0.374432 hargrave 2021-09-08 16:29:01 
TT 375 260.7  43.2 280.6  50.4 3.71E-04 001.0 228.4  17.3 0.479603 0.319892 0.281146 hargrave 2021-09-10 08:44:02 
TT 400 255.9  36.8 271.5  46.2 3.13E-04 006.3 234.8  13.2 2.910410 1.864094 0.231311 hargrave 2021-09-13 08:33:50 
TT 425 252.8  34.3 266.8  44.8 2.71E-04 005.3 236.9  10.4 2.149178 1.325978 0.218183 hargrave 2021-09-27 09:13:42 
TT 450 249.6  40.7 267.0  51.7 2.56E-04 003.7 230.2  08.9 1.180638 1.117466 0.275208 hargrave 2021-09-27 18:39:13 
TT 475 249.8  37.1 265.0  48.4 2.32E-04 004.1 233.7  08.4 1.251805 1.070130 0.225437 hargrave 2021-10-14 15:59:41 
TT 500 248.1  32.6 260.8  44.7 2.08E-04 006.4 237.9  06.3 2.033407 1.154846 0.171109 hargrave 2021-10-16 13:53:49 
TT 510 249.5  36.4 264.3  47.8 2.00E-04 005.3 234.4  08.0 1.421605 1.167385 0.160047 hargrave 2021-10-17 17:16:51 
TT 520 246.0  36.0 260.2  48.5 1.82E-04 000.7 234.2  05.3 0.069476 0.145744 0.212194 hargrave 2021-10-18 16:26:08 
TT 530 248.5  30.1 260.1  42.2 1.61E-04 008.6 240.5  06.1 2.080220 1.249557 0.196435 hargrave 2021-10-19 13:13:46 
TT 535 247.6  30.5 259.3  42.9 1.30E-04 010.6 239.9  05.4 2.032204 1.313015 0.129136 hargrave 2021-10-20 12:24:01 
TT 535 247.6  30.1 259.1  42.5 1.30E-04 010.9 240.3  05.3 2.086668 1.401143 0.117305 hargrave 2021-10-20 14:08:45 
TT 540 247.3  31.2 259.2  43.6 1.31E-04 001.5 239.1  05.3 0.152549 0.391155 0.119092 hargrave 2021-10-22 09:25:43 
TT 545 250.0  27.1 260.4  38.9 1.21E-04 002.2 243.7  06.8 0.348421 0.354343 0.098193 hargrave 2021-10-22 18:35:51 
TT 550 245.4  29.8 256.5  42.8 1.16E-04 007.6 240.2  03.4 1.351150 0.758062 0.095268 hargrave 2021-10-24 11:31:32 
TT 555 250.3  17.0 257.0  29.2 9.03E-05 007.1 253.7  05.0 1.028218 0.457666 0.077849 hargrave 2021-10-25 09:38:26 
TT 560 246.2  23.2 254.7  36.3 1.13E-04 002.6 246.8  02.5 0.390613 0.364202 0.094671 hargrave 2021-10-25 18:46:33 
TT 567 250.6  24.3 260.0  36.1 8.89E-05 005.4 246.5  06.8 0.677720 0.558258 0.071994 hargrave 2021-10-26 14:50:42 
TT 575 240.8  28.8 250.9  43.1 1.10E-04 009.2 240.1 -00.7 1.417264 1.130629 0.091431 hargrave 2021-10-27 12:43:00 
TT 582 254.7  12.6 260.1  23.8 7.79E-05 004.0 258.9  08.2 0.458398 0.436616 0.071387 hargrave 2021-10-27 18:48:48 
TT 589 240.0  28.7 249.9  43.2 1.10E-04 006.4 240.0 -01.5 0.892360 0.906936 0.090760 hargrave 2021-10-28 16:31:47 
