CB3- 8a mag compass orientation (IGRF corrected)
      0 286.0  25.0 291.7  19.7   1.0
NRM    344.6  64.0 359.0  46.7 1.51E-03 002.3 162.4  41.0 3.038928 4.703681 2.081721 hargrave 2021-09-04 15:18:51 
NRM    338.6  63.4 355.1  47.0 1.16E-03 001.0 158.8  41.3 0.962409 0.993071 1.517352 hargrave 2021-09-05 15:09:59 
TT 200 313.4  62.8 338.9  51.3 5.33E-04 001.7 144.4  45.8 1.167362 0.967324 0.532121 hargrave 2021-09-06 13:47:40 
TT 300 297.0  63.3 328.9  55.8 3.96E-04 001.7 135.8  50.6 0.952757 0.566035 0.354900 hargrave 2021-09-07 12:21:04 
TT 325 280.7  58.2 312.1  56.5 2.65E-04 001.0 121.0  52.2 0.430222 0.063754 0.184480 hargrave 2021-09-08 09:20:02 
TT 350 261.5  51.1 288.1  57.1 1.85E-04 002.5 099.3  54.6 0.789560 0.076691 0.093892 hargrave 2021-09-08 16:31:58 
TT 375 251.6  44.8 272.2  54.9 1.55E-04 003.0 083.7  53.9 0.795312 0.131071 0.072089 hargrave 2021-09-10 08:47:00 
TT 400 253.5  43.9 273.6  53.4 1.42E-04 011.7 084.6  52.4 2.920640 0.344225 0.071337 hargrave 2021-09-13 08:36:13 
TT 400 135.8 -01.5 135.0  06.5 1.12E-06 086.3 298.0  10.8 1.875278 9.504758 12.00910 hargrave 2021-09-13 10:22:37 
TT 400 246.9  39.4 263.1  51.4 1.45E-04 001.4 073.9  51.4 0.358069 0.047573 0.078105 hargrave 2021-09-13 10:39:10 
TT 425 245.2  38.0 260.4  50.6 1.33E-04 000.8 071.0  50.9 0.131457 0.088157 0.099689 hargrave 2021-09-27 09:16:40 
TT 450 241.4  35.0 254.3  48.8 1.26E-04 000.7 064.4  49.7 0.134857 0.051401 0.064823 hargrave 2021-09-27 18:42:09 
TT 475 243.8  33.3 256.3  46.6 1.18E-04 001.7 065.9  47.3 0.338972 0.118468 0.063432 hargrave 2021-10-14 16:02:40 
TT 500 238.8  30.0 249.1  44.7 1.17E-04 001.3 058.3  46.2 0.185938 0.199240 0.071287 hargrave 2021-10-16 13:56:46 
TT 510 239.7  29.3 249.7  43.9 1.07E-04 000.7 058.8  45.3 0.117672 0.047027 0.060823 hargrave 2021-10-17 17:19:49 
TT 520 239.5  26.6 248.5  41.3 1.00E-04 005.0 057.1  42.9 0.765567 0.438351 0.057351 hargrave 2021-10-18 16:29:05 
TT 530 236.0  26.5 244.4  42.0 8.44E-05 002.1 053.0  44.0 0.255565 0.171545 0.054052 hargrave 2021-10-19 13:16:44 
TT 535 239.5  22.4 247.1  37.2 8.22E-05 002.7 054.9  38.9 0.347663 0.183535 0.051574 hargrave 2021-10-20 12:27:00 
TT 535 239.4  22.5 247.0  37.3 8.18E-05 002.7 054.8  39.1 0.360622 0.143865 0.053036 hargrave 2021-10-20 14:11:46 
TT 540 231.5  22.1 237.8  38.7 6.75E-05 001.9 045.7  41.3 0.202464 0.109606 0.084795 hargrave 2021-10-22 09:28:40 
TT 545 238.1  26.0 246.7  41.1 6.24E-05 001.0 055.2  42.8 0.127696 0.052297 0.056992 hargrave 2021-10-22 18:38:48 
TT 550 246.3  22.6 254.6  35.7 5.60E-05 001.9 062.3  36.7 0.178185 0.060392 0.057161 hargrave 2021-10-24 11:34:28 
TT 555 233.4  14.8 238.1  31.2 7.11E-05 002.1 044.9  33.8 0.220145 0.150240 0.055322 hargrave 2021-10-25 09:41:23 
TT 560 242.6  10.6 247.0  25.1 6.75E-05 004.3 053.2  26.9 0.485644 0.200019 0.051725 hargrave 2021-10-25 18:49:31 
TT 567 233.6  14.2 238.2  30.5 7.22E-05 001.7 044.9  33.2 0.230357 0.078397 0.061126 hargrave 2021-10-26 14:53:41 
TT 575 229.8  24.6 236.5  41.5 3.74E-05 001.8 044.8  44.2 0.115612 0.112526 0.034403 hargrave 2021-10-27 12:45:59 
TT 582 243.4  19.7 250.5  33.7 7.86E-05 004.0 057.9  35.1 0.613309 0.073281 0.056600 hargrave 2021-10-27 18:51:44 
TT 589 258.5  33.7 272.6  42.5 3.37E-05 003.5 081.3  41.7 0.156255 0.317771 0.081205 hargrave 2021-10-28 16:34:46 
