CB3- 1a mag compass orientation (IGRF corrected)
      0  27.0  60.0 291.7  19.7   1.0
NRM    228.2  48.4 245.6  64.7 3.43E-03 002.9 229.6  35.6 11.21991 12.19582 4.507909 hargrave 2021-09-04 15:08:18 
NRM    227.8  46.0 243.3  62.6 3.37E-03 002.4 232.4  35.0 9.378871 9.808305 4.514528 hargrave 2021-09-05 14:56:09 
TT 200 227.0  43.3 240.5  60.2 3.22E-03 004.2 235.5  34.0 18.24568 14.67609 4.249816 hargrave 2021-09-06 13:36:16 
TT 300 225.7  45.0 239.6  62.0 3.17E-03 002.2 233.4  33.4 8.293656 8.248126 4.197645 hargrave 2021-09-07 12:07:15 
TT 325 224.4  44.6 237.4  61.9 3.35E-03 001.3 233.6  32.3 3.378192 4.825025 4.630183 hargrave 2021-09-08 09:09:26 
TT 350 224.5  43.6 237.0  61.0 3.24E-03 002.0 234.7  32.2 7.119916 7.584776 4.669940 hargrave 2021-09-08 16:19:48 
TT 375 226.0  38.5 236.6  55.8 3.04E-03 001.5 240.8  32.1 4.818121 5.201769 4.031670 hargrave 2021-09-10 08:34:46 
TT 400 225.2  41.6 236.9  58.9 2.86E-03 006.1 237.2  32.3 24.38694 17.95319 3.979330 hargrave 2021-09-13 08:26:16 
TT 425 224.4  42.1 236.0  59.6 2.69E-03 003.0 236.4  31.8 10.67836 8.511710 3.175896 hargrave 2021-09-27 09:05:14 
TT 450 224.0  43.2 236.0  60.7 2.60E-03 000.7 235.1  31.8 1.627285 0.953241 2.676615 hargrave 2021-09-27 18:30:01 
TT 475 224.0  42.7 235.9  60.2 2.52E-03 002.9 235.7  31.7 9.603926 7.660303 3.049671 hargrave 2021-10-14 15:50:29 
TT 500 223.9  43.5 236.1  61.0 2.39E-03 003.6 234.7  31.8 11.72788 9.176356 2.780149 hargrave 2021-10-16 13:45:25 
TT 510 224.6  41.6 236.1  59.0 2.30E-03 004.8 237.1  31.9 15.45957 11.33094 2.675686 hargrave 2021-10-17 17:07:34 
TT 520 223.2  45.2 236.0  62.7 2.20E-03 001.1 232.7  31.6 2.240578 2.696464 2.708605 hargrave 2021-10-18 16:17:45 
TT 530 224.3  41.6 235.7  59.0 2.05E-03 002.3 237.0  31.7 6.294045 5.030146 2.426138 hargrave 2021-10-19 13:05:20 
TT 535 223.2  45.5 236.2  63.0 1.92E-03 001.3 232.3  31.7 2.467755 2.768808 2.287976 hargrave 2021-10-20 12:15:29 
TT 535 223.1  45.8 236.2  63.4 1.92E-03 001.0 231.9  31.7 1.537423 2.080445 2.296967 hargrave 2021-10-20 13:58:35 
TT 540 225.2  40.1 236.2  57.4 1.69E-03 004.8 238.9  31.9 11.68967 7.861173 1.949776 hargrave 2021-10-22 09:17:17 
TT 545 224.3  43.1 236.5  60.6 1.19E-03 002.2 235.2  32.0 3.227663 2.853974 1.461810 hargrave 2021-10-22 18:27:27 
TT 550 224.0  45.4 237.3  62.8 1.17E-03 003.4 232.5  32.2 5.117291 4.456800 1.445845 hargrave 2021-10-24 11:23:08 
TT 555 225.9  41.6 237.9  58.7 9.86E-04 006.7 237.3  32.8 9.552037 6.480910 1.128284 hargrave 2021-10-25 09:30:01 
TT 560 225.1  43.9 238.0  61.1 8.75E-04 004.8 234.5  32.7 5.746403 4.571161 1.078819 hargrave 2021-10-25 18:38:08 
TT 567 225.1  44.9 238.7  62.1 7.76E-04 001.0 233.3  33.0 0.886036 0.378863 0.899854 hargrave 2021-10-26 14:42:17 
TT 575 225.1  43.2 237.6  60.4 7.51E-04 004.4 235.3  32.5 4.430837 3.525404 0.909523 hargrave 2021-10-27 12:34:35 
TT 582 227.7  39.1 239.1  56.0 7.08E-04 000.9 240.6  33.6 0.644224 0.320246 0.806016 hargrave 2021-10-27 18:40:18 
TT 589 225.7  42.8 238.3  60.0 7.00E-04 004.1 235.9  32.9 3.863717 3.025763 0.829503 hargrave 2021-10-28 16:23:21 
TT 610 223.7  45.2 236.8  62.6 6.44E-04 004.4 232.8  32.0 3.576870 3.282473 0.757007 hargrave 2021-11-22 17:12:00 
TT 625 223.5  42.1 234.8  59.7 5.37E-04 006.0 236.2  31.2 4.399916 3.519448 0.629473 hargrave 2021-11-23 13:59:28 
TT 640 225.2  44.0 238.2  61.2 3.94E-04 003.5 234.4  32.8 1.806298 1.543409 0.445839 hargrave 2021-11-24 10:26:08 
TT 655 222.7  31.4 229.8  49.4 2.84E-04 003.5 247.7  27.5 1.561193 0.676801 0.280918 hargrave 2021-11-25 15:07:07 
TT 660 243.5  55.3 273.9  66.5 1.88E-04 003.4 220.1  44.8 0.456489 0.994098 0.222340 hargrave 2021-11-27 18:15:40 
TT 665 230.2  20.2 235.8  37.1 1.92E-04 003.5 262.4  29.5 1.047030 0.562648 0.183373 hargrave 2021-11-28 18:25:51 
TT 667 201.9  37.8 202.0  57.5 1.70E-04 008.3 234.3  14.2 1.932081 1.537268 0.248942 hargrave 2021-11-29 14:10:55 
TT 670 205.5  20.3 206.4  39.9 1.40E-04 006.1 251.6  08.8 1.300579 0.796559 0.143964 hargrave 2021-11-30 10:45:58 
