CB4- 4a mag compass orientation (IGRF corrected)
      0 338.0  89.0 291.7  19.7   1.0
NRM    314.6  73.9 350.8  60.3 1.61E-04 004.5 165.2  07.3 0.355604 1.194003 0.251624 hargrave 2021-09-04 15:23:21 
NRM    302.9  71.6 342.3  60.8 1.31E-04 002.9 164.7  11.4 0.201096 0.571040 0.263011 hargrave 2021-09-05 15:14:26 
TT 200 248.5  69.4 310.7  74.2 1.00E-04 003.0 179.8  21.6 0.075165 0.477986 0.192029 hargrave 2021-09-06 13:52:06 
TT 300 248.0  63.8 294.5  71.4 8.54E-05 002.5 180.0  27.2 0.083782 0.356722 0.103462 hargrave 2021-09-07 12:25:31 
TT 325 245.1  63.1 290.0  71.9 7.97E-05 003.0 181.5  27.9 0.033635 0.413112 0.094205 hargrave 2021-09-08 09:24:29 
TT 350 241.2  60.6 280.3  71.4 8.74E-05 001.4 183.9  30.2 0.045712 0.190398 0.088203 hargrave 2021-09-08 16:36:25 
TT 375 242.2  58.8 278.0  69.7 9.76E-05 004.9 183.5  32.0 0.040178 0.817770 0.153639 hargrave 2021-09-10 08:51:29 
TT 400 229.3  55.4 254.9  70.8 1.07E-04 006.8 192.6  33.6 0.141313 1.267849 0.155476 hargrave 2021-09-13 08:39:47 
TT 425 237.0  56.0 266.7  69.1 1.14E-04 003.0 187.4  34.3 0.044217 0.578428 0.189129 hargrave 2021-09-27 09:21:09 
TT 450 243.0  56.3 274.8  67.5 1.19E-04 002.1 183.3  34.5 0.074919 0.379940 0.182496 hargrave 2021-09-27 18:46:37 
TT 475 231.9  54.5 257.4  69.3 1.18E-04 003.0 191.4  34.9 0.071411 0.592874 0.157320 hargrave 2021-10-14 16:07:08 
TT 500 239.0  55.4 268.5  68.0 1.17E-04 001.1 186.2  35.1 0.057797 0.135393 0.174174 hargrave 2021-10-16 14:01:14 
TT 510 236.7  55.1 265.0  68.5 1.14E-04 005.2 187.9  35.1 0.036120 1.015110 0.177305 hargrave 2021-10-17 17:24:18 
TT 520 233.0  54.4 259.1  68.9 1.11E-04 001.8 190.6  35.2 0.041304 0.327169 0.146329 hargrave 2021-10-18 16:33:32 
TT 530 236.6  54.9 264.7  68.3 1.07E-04 001.9 188.0  35.3 0.030705 0.331401 0.146333 hargrave 2021-10-19 13:21:11 
TT 535 234.7  54.4 261.3  68.4 1.02E-04 004.3 189.5  35.5 0.075288 0.756037 0.152486 hargrave 2021-10-20 12:31:32 
TT 535 234.6  54.4 261.2  68.4 1.02E-04 004.4 189.5  35.5 0.076686 0.762582 0.154624 hargrave 2021-10-20 14:16:19 
TT 540 235.8  54.6 263.2  68.3 9.81E-05 006.4 188.6  35.4 0.104518 1.089617 0.153146 hargrave 2021-10-22 09:33:09 
TT 545 234.7  54.5 261.5  68.5 9.60E-05 002.8 189.4  35.4 0.042122 0.449101 0.144070 hargrave 2021-10-22 18:43:15 
TT 550 235.0  54.7 262.2  68.6 8.96E-05 002.8 189.1  35.3 0.037965 0.415109 0.130678 hargrave 2021-10-24 11:38:56 
TT 555 235.3  54.5 262.3  68.3 8.51E-05 001.9 189.0  35.5 0.031978 0.247179 0.129915 hargrave 2021-10-25 09:45:51 
TT 560 239.0  55.2 268.2  67.9 7.99E-05 001.0 186.3  35.3 0.047581 0.054735 0.122237 hargrave 2021-10-25 18:53:59 
TT 567 232.5  54.2 258.1  68.9 7.65E-05 003.5 191.0  35.3 0.051293 0.458796 0.118622 hargrave 2021-10-26 14:58:08 
TT 575 236.0  55.3 264.3  68.8 7.19E-05 001.7 188.3  34.9 0.038209 0.183461 0.110321 hargrave 2021-10-27 12:51:16 
TT 582 233.9  54.7 260.7  68.9 6.76E-05 001.5 189.9  35.1 0.037692 0.142865 0.108378 hargrave 2021-10-27 18:56:11 
TT 589 235.5  55.6 264.2  69.3 6.38E-05 001.8 188.5  34.4 0.028371 0.171362 0.097313 hargrave 2021-10-28 16:40:04 
TT 610 235.9  55.6 264.7  69.1 5.54E-05 003.7 188.3  34.5 0.036799 0.351340 0.070484 hargrave 2021-11-22 17:20:26 
TT 625 236.9  56.0 266.7  69.2 4.77E-05 005.6 187.5  34.2 0.044987 0.459246 0.059814 hargrave 2021-11-23 14:07:51 
TT 640 240.0  55.4 269.8  67.7 3.67E-05 007.0 185.6  35.2 0.029599 0.450090 0.051913 hargrave 2021-11-24 10:34:33 
TT 655 238.6  57.0 270.4  69.4 3.42E-05 003.6 186.1  33.5 0.031460 0.207873 0.040861 hargrave 2021-11-25 15:15:26 
TT 660 242.8  56.1 274.2  67.4 3.00E-05 005.0 183.5  34.7 0.013210 0.258167 0.037302 hargrave 2021-11-27 18:23:54 
TT 665 237.0  56.7 267.8  69.7 2.49E-05 005.5 187.2  33.7 0.021797 0.236572 0.034344 hargrave 2021-11-28 18:34:05 
TT 667 235.9  57.0 267.0  70.3 2.38E-05 004.4 187.8  33.2 0.017634 0.178170 0.047967 hargrave 2021-11-29 14:16:34 
TT 670 223.3  59.2 251.6  75.7 1.97E-05 005.9 194.1  28.7 0.049646 0.196878 0.041319 hargrave 2021-11-30 10:51:35 
TT 672 233.6  57.7 265.0  71.6 1.51E-05 004.5 189.0  32.2 0.028868 0.113328 0.039718 hargrave 2021-11-30 16:00:47 
TT 675 235.5  54.7 262.9  68.4 1.42E-05 005.2 188.8  35.4 0.028614 0.124394 0.037097 hargrave 2021-12-01 14:40:36 
TT 680 293.9  45.2 312.3  41.2 4.50E-06 007.6 144.1  30.2 0.029286 0.053608 0.006458 hargrave 2021-12-02 09:43:19 
TT 685 243.6  65.8 296.0  74.1 4.82E-06 002.2 182.0  25.1 0.016797 0.017855 0.008533 hargrave 2021-12-02 19:21:12 
TT 690 331.9 -24.5 322.4 -36.0 2.65E-06 004.6 065.3  05.1 0.023618 0.005856 0.002299 hargrave 2021-12-03 19:36:26 
