CB4- 3a mag compass orientation (IGRF corrected)
      0 321.0  44.0 291.7  19.7   1.0
NRM    023.3 -13.0 023.6 -32.7 7.76E-05 002.0 135.7 -49.5 0.215971 0.146235 0.071374 hargrave 2021-09-04 15:21:48 
NRM    021.6 -25.7 021.6 -45.4 8.29E-05 002.2 120.8 -59.0 0.241945 0.206243 0.056417 hargrave 2021-09-05 15:12:55 
TT 200 026.6 -38.5 029.0 -58.1 8.85E-05 000.6 104.0 -70.5 0.073458 0.066367 0.022031 hargrave 2021-09-06 13:50:36 
TT 300 028.5 -44.2 032.8 -63.7 9.53E-05 000.5 088.3 -74.1 0.045475 0.060994 0.023441 hargrave 2021-09-07 12:24:01 
TT 325 029.6 -45.3 034.7 -64.7 9.70E-05 001.1 085.1 -75.1 0.170102 0.063054 0.049654 hargrave 2021-09-08 09:22:59 
TT 350 028.8 -44.5 033.3 -63.9 8.64E-05 001.0 087.5 -74.3 0.142819 0.055787 0.026973 hargrave 2021-09-08 16:34:55 
TT 375 024.6 -43.7 026.4 -63.3 6.58E-05 001.3 087.5 -71.2 0.138432 0.053361 0.020727 hargrave 2021-09-10 08:49:58 
TT 400 013.8 -42.9 009.2 -62.3 4.01E-05 003.1 083.2 -63.5 0.211722 0.035666 0.014308 hargrave 2021-09-13 08:38:35 
TT 425 342.9 -31.4 331.8 -45.6 2.01E-05 003.7 080.4 -36.6 0.125435 0.037335 0.012351 hargrave 2021-09-27 09:19:39 
TT 450 291.6  11.0 295.4  10.4 1.56E-05 003.8 076.0  28.2 0.104361 0.031658 0.015629 hargrave 2021-09-27 18:45:07 
TT 475 259.6  36.8 275.4  45.0 2.75E-05 003.7 076.8  66.8 0.178336 0.029326 0.010252 hargrave 2021-10-14 16:05:37 
TT 500 248.6  40.6 265.9  52.0 3.75E-05 001.6 073.5  76.1 0.099760 0.024596 0.010615 hargrave 2021-10-16 13:59:44 
TT 510 242.5  42.8 260.1  55.8 4.62E-05 001.4 072.6  81.2 0.108541 0.037425 0.009119 hargrave 2021-10-17 17:22:47 
TT 520 239.7  43.8 257.5  57.5 5.11E-05 000.8 073.1  83.4 0.054935 0.049745 0.008775 hargrave 2021-10-18 16:32:02 
TT 530 237.7  44.1 255.2  58.3 5.45E-05 000.9 070.8  84.9 0.057167 0.059185 0.008820 hargrave 2021-10-19 13:19:41 
TT 535 235.8  44.4 253.0  59.1 5.80E-05 000.9 066.8  86.3 0.075733 0.044883 0.015317 hargrave 2021-10-20 12:30:00 
TT 535 235.8  44.5 253.0  59.2 5.79E-05 000.9 067.3  86.3 0.079845 0.045917 0.017142 hargrave 2021-10-20 14:14:47 
TT 540 235.2  44.4 252.3  59.3 5.97E-05 000.8 063.4  86.6 0.047777 0.062510 0.011896 hargrave 2021-10-22 09:31:39 
TT 545 234.8  44.6 251.8  59.6 6.13E-05 000.8 064.1  87.0 0.045056 0.077315 0.014798 hargrave 2021-10-22 18:41:45 
TT 550 234.8  45.1 252.2  60.0 5.79E-05 000.9 072.5  87.2 0.066435 0.060147 0.011428 hargrave 2021-10-24 11:37:26 
TT 555 234.3  44.3 251.0  59.4 6.15E-05 000.9 055.5  87.1 0.085069 0.045803 0.012594 hargrave 2021-10-25 09:44:21 
TT 560 232.2  44.7 248.4  60.3 6.43E-05 000.7 033.0  88.4 0.054844 0.049570 0.015331 hargrave 2021-10-25 18:52:28 
TT 567 233.3  44.7 250.0  60.0 6.74E-05 000.7 053.0  87.9 0.069560 0.034786 0.014783 hargrave 2021-10-26 14:56:38 
TT 575 231.4  45.2 247.7  61.0 6.90E-05 000.9 017.9  89.2 0.076647 0.074998 0.016493 hargrave 2021-10-27 12:49:46 
TT 582 232.3  45.3 249.0  60.9 7.09E-05 000.7 052.5  88.9 0.084013 0.039882 0.017754 hargrave 2021-10-27 18:54:41 
TT 589 231.3  45.3 247.7  61.1 7.17E-05 000.7 020.5  89.3 0.073912 0.057662 0.019389 hargrave 2021-10-28 16:38:33 
TT 610 232.2  45.0 248.7  60.6 7.24E-05 000.7 041.0  88.7 0.058210 0.066613 0.020355 hargrave 2021-11-22 17:16:48 
TT 625 230.3  44.8 246.0  60.8 7.17E-05 000.9 338.9  88.7 0.051599 0.097233 0.020178 hargrave 2021-11-23 14:04:14 
TT 640 230.0  44.9 245.5  61.0 7.02E-05 001.1 327.7  88.7 0.072473 0.110920 0.021168 hargrave 2021-11-24 10:30:56 
TT 655 231.2  45.3 247.5  61.1 6.96E-05 001.1 010.8  89.3 0.068521 0.109957 0.019170 hargrave 2021-11-25 15:11:50 
TT 660 230.4  45.2 246.3  61.2 6.91E-05 000.7 331.6  89.1 0.064167 0.057846 0.021787 hargrave 2021-11-27 18:20:21 
TT 665 231.6  45.7 248.4  61.4 6.25E-05 001.0 059.9  89.5 0.053424 0.091276 0.023541 hargrave 2021-11-28 18:30:33 
TT 667 230.5  43.5 245.3  59.6 6.10E-05 000.7 351.8  87.5 0.051988 0.052081 0.006123 hargrave 2021-11-29 14:15:05 
TT 670 229.2  47.0 245.9  63.2 5.05E-05 000.9 231.7  88.4 0.037488 0.067789 0.005893 hargrave 2021-11-30 10:50:06 
TT 672 231.7  57.0 261.0  71.6 2.52E-05 002.2 178.1  79.0 0.032273 0.094287 0.025568 hargrave 2021-11-30 15:59:03 
TT 675 255.8  68.6 312.6  71.6 1.82E-05 001.4 159.5  64.1 0.031100 0.042625 0.024971 hargrave 2021-12-01 14:38:51 
TT 680 269.8 -21.2 264.2 -12.9 6.84E-06 004.4 037.0  14.2 0.038766 0.039530 0.016293 hargrave 2021-12-02 09:41:34 
TT 685 297.9 -19.9 290.5 -20.7 7.18E-06 004.5 059.9  00.7 0.048700 0.022272 0.022289 hargrave 2021-12-02 19:19:28 
TT 690 270.1 -33.9 260.1 -24.9 1.02E-05 002.8 031.7  02.7 0.047723 0.045330 0.016192 hargrave 2021-12-03 19:34:42 
