CB4- 5a mag compass orientation (IGRF corrected)
      0 288.0  15.0 291.7  19.7   1.0
NRM    030.3  27.5 029.4  08.0 4.84E-05 054.6 191.2  12.8 4.950714 0.979855 1.146461 hargrave 2021-09-04 15:24:49 
NRM    026.4  28.5 025.8  08.9 9.66E-05 004.4 187.6  13.6 0.062262 0.717928 0.214680 hargrave 2021-09-04 18:14:34 
NRM    026.9  14.4 026.7 -05.2 7.67E-05 003.0 188.6 -00.4 0.054038 0.362939 0.150057 hargrave 2021-09-05 15:15:53 
TT 200 034.4 -09.8 036.0 -28.9 6.52E-05 004.5 197.7 -24.1 0.186406 0.472479 0.087028 hargrave 2021-09-06 13:53:34 
TT 300 037.7 -23.8 041.7 -42.6 6.67E-05 003.0 202.9 -37.8 0.201606 0.269918 0.094839 hargrave 2021-09-07 12:26:58 
TT 325 046.0 -29.3 053.3 -46.8 7.04E-05 001.7 213.6 -42.2 0.193961 0.079650 0.076595 hargrave 2021-09-08 09:25:56 
TT 350 039.6 -29.6 045.3 -48.0 6.30E-05 005.2 206.1 -43.3 0.310125 0.480608 0.053528 hargrave 2021-09-08 16:37:52 
TT 375 033.3 -27.4 036.7 -46.6 4.67E-05 005.6 198.3 -41.8 0.198699 0.405720 0.061623 hargrave 2021-09-10 08:52:57 
TT 400 016.0 -18.4 014.8 -38.0 2.84E-05 010.1 177.7 -33.4 0.047356 0.507377 0.044205 hargrave 2021-09-13 08:40:57 
TT 400 016.2 -17.3 015.1 -36.9 2.85E-05 006.8 178.0 -32.3 0.075944 0.324202 0.078305 hargrave 2021-09-13 10:23:50 
TT 425 338.4  05.1 337.9 -09.3 1.91E-05 006.6 140.3 -06.5 0.139939 0.172143 0.027477 hargrave 2021-09-27 09:22:37 
TT 450 299.4  29.3 309.3  24.9 2.51E-05 002.4 108.9  25.3 0.095537 0.050269 0.019731 hargrave 2021-09-27 18:48:05 
TT 475 275.8  35.7 290.8  38.6 3.92E-05 003.7 089.0  37.4 0.253166 0.038194 0.024104 hargrave 2021-10-14 16:08:35 
TT 500 267.8  37.2 283.8  42.7 5.10E-05 003.4 081.7  40.9 0.298822 0.018690 0.035492 hargrave 2021-10-16 14:02:42 
TT 510 262.9  37.7 279.3  44.7 5.93E-05 002.6 077.0  42.6 0.272081 0.044160 0.035218 hargrave 2021-10-17 17:25:46 
TT 520 261.2  38.2 277.8  45.8 6.51E-05 005.7 075.4  43.5 0.641729 0.091869 0.046331 hargrave 2021-10-18 16:34:59 
TT 530 258.0  37.9 274.3  46.6 7.02E-05 002.2 072.0  44.1 0.262840 0.046025 0.049688 hargrave 2021-10-19 13:22:39 
TT 535 259.6  39.1 276.7  47.2 7.40E-05 004.4 074.2  44.8 0.563339 0.109306 0.048862 hargrave 2021-10-20 12:33:01 
TT 535 259.5  39.1 276.7  47.2 7.40E-05 004.4 074.1  44.9 0.560419 0.106893 0.048986 hargrave 2021-10-20 14:17:48 
TT 540 254.0  38.0 270.1  47.9 7.77E-05 001.5 067.8  45.1 0.150289 0.129910 0.052758 hargrave 2021-10-22 09:34:36 
TT 545 258.9  39.4 276.2  47.7 7.96E-05 001.4 073.6  45.3 0.190971 0.036708 0.044575 hargrave 2021-10-22 18:44:42 
TT 550 258.1  39.4 275.3  47.8 8.02E-05 005.7 072.7  45.4 0.787450 0.168236 0.060339 hargrave 2021-10-24 11:40:24 
TT 555 255.4  38.9 272.2  48.3 8.41E-05 003.7 069.7  45.7 0.532144 0.134676 0.050165 hargrave 2021-10-25 09:47:19 
TT 560 257.8  39.8 275.3  48.3 8.67E-05 002.4 072.6  45.9 0.365961 0.042770 0.064711 hargrave 2021-10-25 18:55:26 
TT 567 254.5  39.1 271.4  48.8 9.04E-05 004.2 068.8  46.1 0.647669 0.158103 0.057527 hargrave 2021-10-26 14:59:36 
TT 575 251.7  38.5 268.0  49.1 9.33E-05 001.8 065.6  46.1 0.289915 0.029739 0.068800 hargrave 2021-10-27 12:52:43 
TT 582 252.1  39.0 268.7  49.4 9.61E-05 002.2 066.2  46.5 0.368587 0.060608 0.061641 hargrave 2021-10-27 18:57:37 
TT 589 254.3  39.8 271.5  49.4 9.80E-05 001.8 068.9  46.7 0.313419 0.037628 0.063221 hargrave 2021-10-28 16:41:32 
TT 610 253.9  39.9 271.2  49.7 9.81E-05 002.0 068.5  46.9 0.337173 0.044238 0.058824 hargrave 2021-11-22 17:22:00 
TT 625 251.0  38.8 267.3  49.6 9.80E-05 001.2 064.9  46.6 0.203818 0.057096 0.059520 hargrave 2021-11-23 14:09:24 
TT 640 248.5  38.4 264.4  50.0 9.22E-05 004.8 062.1  46.8 0.720671 0.268676 0.064451 hargrave 2021-11-24 10:36:07 
TT 655 252.3  39.9 269.5  50.2 9.14E-05 002.7 066.8  47.3 0.432243 0.094976 0.049229 hargrave 2021-11-25 15:16:55 
TT 660 248.8  38.3 264.6  49.8 9.01E-05 005.6 062.3  46.6 0.824734 0.323351 0.052106 hargrave 2021-11-27 18:25:23 
TT 665 249.6  37.9 265.3  49.2 7.24E-05 003.2 063.1  46.1 0.384886 0.117888 0.039478 hargrave 2021-11-28 18:35:35 
TT 667 252.5  39.2 269.3  49.5 7.16E-05 002.0 066.8  46.7 0.250321 0.047740 0.041911 hargrave 2021-11-29 14:18:06 
TT 670 244.6  34.8 257.9  47.7 5.88E-05 004.3 056.4  44.2 0.405241 0.179543 0.044891 hargrave 2021-11-30 10:53:08 
TT 672 244.9  39.9 261.1  52.4 4.20E-05 002.6 058.7  49.0 0.179197 0.074316 0.029105 hargrave 2021-11-30 16:03:34 
TT 675 255.7  41.8 274.3  50.8 3.96E-05 006.2 071.3  48.3 0.419782 0.095751 0.025061 hargrave 2021-12-01 14:43:24 
TT 680 302.7  30.8 312.9  25.2 1.22E-05 004.6 112.4  26.0 0.081104 0.058931 0.010981 hargrave 2021-12-02 09:46:06 
TT 685 340.0  27.7 344.6  12.4 9.12E-06 006.3 145.5  15.5 0.044772 0.093460 0.015926 hargrave 2021-12-02 19:23:58 
TT 690 246.5 -01.2 247.9  12.7 7.91E-06 004.3 049.2  08.7 0.052855 0.029734 0.011441 hargrave 2021-12-03 19:39:11 
