CB4- 7a mag compass orientation (IGRF corrected)
      0 198.0  62.0 291.7  19.7   1.0
NRM    356.3  20.7 358.1  02.8 9.52E-05 004.7 241.4 -08.0 0.693591 0.362241 0.075499 hargrave 2021-09-04 15:27:46 
NRM    350.5  11.4 351.1 -05.5 6.74E-05 004.7 246.0 -17.8 0.516974 0.212566 0.066259 hargrave 2021-09-05 15:18:49 
TT 200 358.1 -15.3 354.3 -33.1 5.09E-05 002.1 275.0 -24.4 0.182384 0.092231 0.038654 hargrave 2021-09-06 13:56:30 
TT 300 006.6 -27.2 002.2 -46.1 4.92E-05 001.8 290.3 -21.7 0.148686 0.083673 0.039075 hargrave 2021-09-07 12:29:56 
TT 325 012.4 -30.1 009.2 -49.5 4.96E-05 006.1 295.1 -18.1 0.465734 0.259876 0.064215 hargrave 2021-09-08 09:28:52 
TT 350 003.6 -26.6 358.5 -45.1 4.21E-05 001.8 288.6 -24.0 0.128697 0.066547 0.050180 hargrave 2021-09-08 16:40:50 
TT 375 335.3 -17.0 328.7 -29.8 3.19E-05 004.2 266.2 -45.2 0.233004 0.037140 0.018941 hargrave 2021-09-10 08:55:55 
TT 400 300.2  04.7 301.3  01.6 3.51E-05 003.3 201.7 -55.3 0.094887 0.175821 0.030563 hargrave 2021-09-13 08:43:20 
TT 425 279.5  17.6 286.3  20.6 4.96E-05 003.6 168.8 -43.7 0.050585 0.294955 0.091721 hargrave 2021-09-27 09:25:36 
TT 450 269.6  21.9 278.4  28.0 6.45E-05 004.0 158.5 -37.0 0.123952 0.423087 0.103386 hargrave 2021-09-27 18:51:01 
TT 475 263.4  24.4 273.3  32.3 7.95E-05 002.2 153.3 -32.5 0.081011 0.262169 0.126548 hargrave 2021-10-14 16:11:34 
TT 500 262.7  26.8 273.6  34.8 9.02E-05 002.0 153.9 -30.0 0.079380 0.264669 0.150646 hargrave 2021-10-16 14:06:28 
TT 510 261.9  28.1 273.3  36.2 9.90E-05 001.8 153.8 -28.6 0.075113 0.269744 0.139954 hargrave 2021-10-17 17:28:44 
TT 520 258.5  27.8 269.7  37.0 1.05E-04 003.1 150.6 -27.5 0.228526 0.506597 0.161409 hargrave 2021-10-18 16:37:56 
TT 530 257.0  27.7 268.1  37.4 1.10E-04 004.1 149.3 -26.8 0.360430 0.678899 0.170200 hargrave 2021-10-19 13:26:26 
TT 535 258.5  29.4 270.4  38.5 1.14E-04 004.8 151.4 -26.1 0.409721 0.855524 0.176405 hargrave 2021-10-20 12:36:01 
TT 535 259.0  29.6 271.0  38.5 1.14E-04 005.3 152.0 -26.1 0.456534 0.950771 0.181544 hargrave 2021-10-20 14:20:48 
TT 540 254.5  28.0 265.6  38.4 1.19E-04 002.8 147.3 -25.5 0.267323 0.480771 0.193045 hargrave 2021-10-22 09:37:34 
TT 545 258.2  30.5 270.7  39.6 1.20E-04 002.6 151.8 -25.0 0.217813 0.464356 0.196790 hargrave 2021-10-22 18:47:40 
TT 550 257.1  30.1 269.3  39.7 1.19E-04 005.6 150.7 -24.8 0.533706 1.026503 0.194089 hargrave 2021-10-24 11:43:20 
TT 555 256.9  30.6 269.3  40.2 1.22E-04 005.0 150.8 -24.3 0.489300 0.925315 0.198252 hargrave 2021-10-25 09:50:17 
TT 560 257.9  31.4 270.7  40.6 1.23E-04 005.7 152.0 -24.1 0.537038 1.077362 0.191247 hargrave 2021-10-25 18:58:23 
TT 567 255.6  30.8 268.1  40.8 1.25E-04 001.0 149.9 -23.6 0.074958 0.091441 0.191738 hargrave 2021-10-26 15:03:24 
TT 575 255.7  31.0 268.2  40.9 1.26E-04 001.0 150.0 -23.5 0.048991 0.105078 0.193164 hargrave 2021-10-27 12:56:31 
TT 582 255.3  31.1 267.9  41.1 1.26E-04 002.8 149.8 -23.2 0.259631 0.520318 0.200309 hargrave 2021-10-27 19:00:33 
TT 589 254.0  30.2 266.1  40.7 1.26E-04 002.7 148.2 -23.3 0.256466 0.507318 0.197001 hargrave 2021-10-28 16:44:30 
TT 610 250.1  28.6 261.1  40.3 1.21E-04 004.0 144.2 -22.8 0.462951 0.687163 0.150335 hargrave 2021-11-22 17:25:16 
TT 625 253.0  29.9 264.9  40.7 1.17E-04 003.3 147.3 -23.2 0.317468 0.586473 0.156862 hargrave 2021-11-23 14:12:39 
TT 640 252.8  30.1 264.7  40.9 1.09E-04 006.0 147.2 -22.9 0.594196 0.983107 0.153610 hargrave 2021-11-24 10:39:25 
TT 655 255.3  31.6 268.1  41.5 1.10E-04 004.2 150.1 -22.8 0.371981 0.710252 0.158045 hargrave 2021-11-25 15:20:01 
TT 660 252.9  30.3 265.0  41.1 1.05E-04 003.5 147.4 -22.7 0.323818 0.537498 0.132587 hargrave 2021-11-27 18:28:27 
TT 665 255.2  32.9 268.6  42.8 6.91E-05 003.8 150.7 -21.6 0.208788 0.399033 0.099195 hargrave 2021-11-28 18:38:38 
TT 667 258.8  33.2 272.6  42.0 7.09E-05 005.1 153.7 -22.8 0.270334 0.563095 0.094170 hargrave 2021-11-29 14:23:32 
TT 670 251.8  34.5 265.9  45.4 5.60E-05 004.9 149.1 -18.7 0.231175 0.413389 0.058380 hargrave 2021-11-30 10:58:32 
TT 672 251.0  33.9 264.6  45.0 5.72E-05 004.4 148.1 -18.9 0.225573 0.379985 0.071891 hargrave 2021-11-30 16:07:17 
TT 675 254.5  34.4 268.7  44.4 5.32E-05 009.8 151.0 -20.0 0.430086 0.810861 0.068415 hargrave 2021-12-01 14:47:12 
TT 680 246.7  36.1 261.0  48.3 2.21E-05 003.9 146.5 -15.1 0.095738 0.117082 0.025263 hargrave 2021-12-02 09:49:00 
TT 685 249.9  44.5 270.1  55.1 1.45E-05 005.4 153.5 -09.6 0.054206 0.128861 0.026156 hargrave 2021-12-02 19:26:52 
TT 690 177.3 -32.5 180.6 -14.3 9.45E-06 003.8 052.0  00.6 0.052070 0.033421 0.019705 hargrave 2021-12-03 19:42:04 
