CB4- 8a mag compass orientation (IGRF corrected)
      0 300.0  79.0 291.7  19.7   1.0
NRM    226.3  79.6 358.7  78.9 2.06E-04 001.6 176.9  20.9 0.212647 0.423591 0.349860 hargrave 2021-09-04 15:29:29 
NRM    205.8  74.8 008.3  85.3 1.89E-04 002.9 181.2  26.2 0.191563 0.870904 0.336663 hargrave 2021-09-05 15:20:33 
TT 200 212.9  69.5 284.6  86.1 1.81E-04 003.9 178.8  31.5 0.263047 1.160740 0.299770 hargrave 2021-09-06 13:58:15 
TT 300 204.8  67.4 224.3  86.9 1.79E-04 001.3 182.4  33.5 0.248224 0.138923 0.287799 hargrave 2021-09-07 12:31:40 
TT 325 208.8  66.8 241.7  85.6 1.77E-04 004.6 180.6  34.2 0.208466 1.399091 0.291567 hargrave 2021-09-08 09:30:36 
TT 350 208.5  66.3 236.8  85.2 1.81E-04 001.7 180.7  34.7 0.250620 0.413618 0.258951 hargrave 2021-09-08 16:42:34 
TT 375 209.2  65.3 234.7  84.3 1.87E-04 006.3 180.4  35.7 0.240786 2.031005 0.304850 hargrave 2021-09-10 08:57:40 
TT 400 213.5  64.3 244.5  82.5 1.98E-04 004.3 178.1  36.6 0.359369 1.425957 0.311345 hargrave 2021-09-13 08:44:47 
TT 425 205.3  63.2 214.7  82.8 2.11E-04 002.8 182.7  37.7 0.220051 0.954655 0.319743 hargrave 2021-09-27 09:27:20 
TT 450 208.3  62.5 223.4  81.8 2.22E-04 002.1 181.0  38.5 0.283918 0.713224 0.323537 hargrave 2021-09-27 18:53:36 
TT 475 218.4  61.0 246.1  78.5 2.31E-04 002.3 174.7  39.6 0.311399 0.840788 0.299052 hargrave 2021-10-14 16:13:18 
TT 500 217.7  60.4 243.2  78.1 2.36E-04 001.1 175.0  40.3 0.226062 0.267532 0.311155 hargrave 2021-10-16 14:08:13 
TT 510 212.1  60.3 230.0  79.1 2.38E-04 004.7 178.6  40.7 0.366339 1.895689 0.313179 hargrave 2021-10-17 17:30:30 
TT 520 217.9  59.8 242.3  77.5 2.40E-04 001.9 174.8  40.9 0.318967 0.647899 0.315379 hargrave 2021-10-18 16:39:40 
TT 530 216.1  59.9 238.7  78.0 2.40E-04 002.0 176.0  40.9 0.307910 0.708768 0.312303 hargrave 2021-10-19 13:28:11 
TT 535 215.6  59.6 237.0  77.8 2.38E-04 005.1 176.2  41.3 0.421548 2.060739 0.323407 hargrave 2021-10-20 12:37:47 
TT 535 215.5  59.6 236.7  77.8 2.38E-04 005.2 176.3  41.3 0.418215 2.093034 0.325972 hargrave 2021-10-20 14:22:34 
TT 540 217.2  59.3 240.0  77.3 2.36E-04 004.8 175.1  41.4 0.405435 1.926881 0.320600 hargrave 2021-10-22 09:39:18 
TT 545 212.3  59.3 228.8  78.1 2.29E-04 001.9 178.4  41.7 0.275393 0.666643 0.291440 hargrave 2021-10-22 18:49:24 
TT 550 222.4  57.3 246.4  74.3 2.04E-04 003.7 170.9  42.8 0.432714 1.210669 0.265732 hargrave 2021-10-24 11:45:06 
TT 555 219.3  57.6 241.2  75.2 2.04E-04 001.9 173.2  42.9 0.285708 0.568142 0.263136 hargrave 2021-10-25 09:52:02 
TT 560 219.9  57.3 241.8  74.8 2.01E-04 002.4 172.7  43.1 0.321133 0.748567 0.263138 hargrave 2021-10-25 19:00:07 
TT 567 220.5  56.9 242.3  74.3 2.02E-04 002.4 172.1  43.4 0.343778 0.755572 0.257801 hargrave 2021-10-26 15:05:08 
TT 575 219.8  57.1 241.6  74.7 2.03E-04 004.5 172.7  43.2 0.438095 1.514334 0.266566 hargrave 2021-10-27 12:58:15 
TT 582 219.4  57.1 240.7  74.8 2.06E-04 002.0 173.0  43.3 0.306722 0.598683 0.264525 hargrave 2021-10-27 19:02:16 
TT 589 218.0  57.4 238.5  75.3 2.06E-04 002.0 174.1  43.2 0.288554 0.600447 0.268454 hargrave 2021-10-28 16:46:14 
TT 610 227.5  55.0 251.7  71.0 2.03E-04 001.1 166.1  43.9 0.210354 0.278689 0.185597 hargrave 2021-11-22 17:27:00 
TT 625 219.8  56.6 240.6  74.2 1.98E-04 001.1 172.6  43.8 0.165575 0.286286 0.183810 hargrave 2021-11-23 14:14:22 
TT 640 223.7  55.0 245.5  71.9 1.87E-04 003.4 169.0  44.6 0.341289 1.040836 0.189375 hargrave 2021-11-24 10:41:08 
TT 655 221.9  55.7 243.3  73.0 1.86E-04 002.0 170.7  44.3 0.245508 0.567127 0.180211 hargrave 2021-11-25 15:21:39 
TT 660 223.1  54.6 243.8  71.6 1.78E-04 003.6 169.3  45.2 0.350092 1.066711 0.183631 hargrave 2021-11-27 18:30:04 
TT 665 221.9  55.3 242.8  72.5 1.51E-04 000.7 170.4  44.7 0.106581 0.073247 0.146322 hargrave 2021-11-28 18:40:14 
TT 667 225.2  52.8 245.2  69.5 1.52E-04 005.9 166.7  46.5 0.483201 1.496466 0.158096 hargrave 2021-11-29 14:25:03 
TT 670 224.9  53.9 246.0  70.6 1.46E-04 002.1 167.5  45.5 0.214380 0.465909 0.137414 hargrave 2021-11-30 11:00:03 
TT 672 218.8  55.2 237.1  73.1 1.46E-04 000.9 172.8  45.2 0.106060 0.156999 0.128577 hargrave 2021-11-30 16:08:39 
TT 675 219.2  55.6 238.2  73.5 1.44E-04 003.9 172.7  44.8 0.213625 0.957394 0.152138 hargrave 2021-12-01 14:48:36 
TT 680 231.2  56.9 260.2  71.6 8.60E-05 003.1 164.8  41.3 0.148864 0.433270 0.076092 hargrave 2021-12-02 09:50:23 
TT 685 246.3  64.2 293.8  72.2 4.45E-05 004.8 162.5  31.1 0.100556 0.358515 0.053605 hargrave 2021-12-02 19:28:14 
TT 690 205.8 -67.8 204.0 -48.1 9.46E-06 002.3 358.4  11.2 0.015634 0.033847 0.016648 hargrave 2021-12-03 19:43:26 
