CB5- 5a mag compass orientation (IGRF corrected)
      0 231.0  49.0 291.7  19.7   1.0
NRM    351.7  68.5 005.0  50.3 4.98E-03 002.6 191.6  21.9 2.789102 21.37800 7.928039 hargrave 2021-09-04 15:38:25 
NRM    350.3  68.7 004.3  50.6 4.72E-03 004.0 191.0  21.8 4.166620 32.21913 7.449600 hargrave 2021-09-05 15:30:14 
TT 200 339.2  71.3 359.9  54.3 3.21E-03 002.4 186.3  23.0 0.349788 12.48691 5.258237 hargrave 2021-09-06 14:07:57 
TT 300 312.0  71.9 347.1  59.2 2.47E-03 003.9 177.0  23.1 2.184444 16.13428 4.174576 hargrave 2021-09-07 12:44:43 
TT 325 300.6  72.0 341.8  61.5 2.25E-03 004.7 173.2  23.9 3.295237 17.71965 3.734542 hargrave 2021-09-08 09:40:17 
TT 350 296.1  72.0 339.7  62.6 2.07E-03 001.4 171.8  24.4 1.769091 3.320450 3.480503 hargrave 2021-09-08 16:51:29 
TT 375 273.3  68.8 322.8  66.4 1.57E-03 003.2 162.8  25.3 3.499416 7.624401 2.645330 hargrave 2021-09-10 09:10:02 
TT 400 272.4  68.3 321.2  66.3 1.30E-03 003.6 162.1  25.1 3.374880 7.173138 2.082867 hargrave 2021-09-13 08:53:36 
TT 425 259.6  63.7 303.7  67.4 1.12E-03 001.1 154.5  25.3 0.331690 0.982713 1.983265 hargrave 2021-09-27 09:37:57 
TT 450 257.4  63.4 301.5  67.9 9.98E-04 003.8 153.5  25.9 3.325705 5.511871 1.670979 hargrave 2021-09-27 19:04:05 
TT 475 251.8  58.6 287.9  66.4 8.61E-04 001.2 147.5  24.9 0.946234 0.854226 1.347854 hargrave 2021-10-14 16:23:02 
TT 500 250.8  58.8 287.2  66.9 7.86E-04 005.6 147.3  25.4 4.364718 6.226366 1.259848 hargrave 2021-10-16 14:17:56 
TT 510 251.2  59.3 288.4  67.1 7.19E-04 004.8 147.9  25.5 3.443219 4.820510 1.138125 hargrave 2021-10-17 17:41:06 
TT 520 251.0  58.5 287.0  66.6 6.56E-04 001.6 147.2  25.1 0.987398 1.190112 1.027156 hargrave 2021-10-18 16:51:02 
TT 530 251.8  60.1 290.4  67.5 5.91E-04 003.0 148.9  25.8 1.722020 2.462734 0.921385 hargrave 2021-10-19 13:38:45 
TT 535 254.8  61.1 294.8  67.2 5.33E-04 004.7 150.7  25.3 2.226241 3.680798 0.944419 hargrave 2021-10-20 12:47:40 
TT 535 254.8  61.1 295.0  67.2 5.33E-04 004.8 150.8  25.3 2.237329 3.750786 0.938344 hargrave 2021-10-20 14:32:29 
TT 540 252.6  61.0 292.8  67.9 4.73E-04 004.1 149.9  26.0 1.762701 2.783999 0.822819 hargrave 2021-10-22 09:50:06 
TT 545 258.9  62.4 300.8  66.7 3.38E-04 002.0 153.2  24.7 0.493670 0.887766 0.600241 hargrave 2021-10-22 18:59:08 
TT 550 276.8  64.8 317.9  62.8 2.11E-04 001.0 161.4  21.3 0.119439 0.104641 0.406487 hargrave 2021-10-24 11:54:51 
TT 555 266.4  63.2 308.1  64.9 2.09E-04 004.7 156.5  22.9 0.572767 1.588440 0.402924 hargrave 2021-10-25 10:01:46 
TT 560 288.4  72.1 336.5  64.4 1.57E-04 007.8 169.5  25.4 0.332736 2.104350 0.298113 hargrave 2021-10-25 19:09:52 
TT 567 285.0  67.7 327.3  62.4 1.47E-04 002.7 166.1  22.0 0.126313 0.642179 0.292885 hargrave 2021-10-26 15:14:52 
TT 575 320.7  63.5 344.0  50.4 1.07E-04 004.5 179.8  14.5 0.118588 0.817683 0.229386 hargrave 2021-10-27 13:08:01 
TT 582 274.3  75.0 337.2  69.3 6.26E-05 006.7 167.4  30.0 0.073512 0.733123 0.164150 hargrave 2021-10-27 19:11:56 
TT 589 339.4  76.4 003.9  59.0 7.95E-05 003.5 184.8  28.0 0.123694 0.445991 0.216452 hargrave 2021-10-28 16:56:04 
