CB5- 4a mag compass orientation (IGRF corrected)
      0  90.0  51.0 291.7  19.7   1.0
NRM    252.6  39.2 269.4  49.4 2.17E-02 001.8 229.3  12.6 46.72684 44.48735 24.66206 hargrave 2021-09-04 15:36:48 
NRM    252.5  38.4 268.7  48.7 2.13E-02 004.1 229.8  11.9 113.8446 100.9662 23.72102 hargrave 2021-09-05 15:28:39 
TT 200 248.3  37.5 263.6  49.2 2.06E-02 001.2 228.2  08.9 25.03074 28.47817 24.43748 hargrave 2021-09-06 14:06:21 
TT 300 247.5  34.8 261.2  46.9 2.00E-02 002.8 229.8  06.6 70.86110 65.14157 21.99051 hargrave 2021-09-07 12:43:03 
TT 325 247.4  33.8 260.6  46.0 1.93E-02 005.5 230.5  05.8 135.9509 123.0233 22.10158 hargrave 2021-09-08 09:38:42 
TT 350 248.1  32.7 260.8  44.8 1.91E-02 001.5 231.6  05.5 36.06195 31.22509 18.78646 hargrave 2021-09-08 16:49:53 
TT 375 247.9  32.3 260.4  44.4 1.88E-02 004.5 231.9  05.1 112.9296 94.88900 20.81951 hargrave 2021-09-10 09:08:25 
TT 400 250.3  29.8 262.0  41.4 1.85E-02 005.8 235.1  04.9 151.5257 109.8813 17.04953 hargrave 2021-09-13 08:52:17 
TT 425 246.5  31.8 258.6  44.4 1.82E-02 001.3 231.4  03.9 25.45535 26.87026 19.33227 hargrave 2021-09-27 09:36:20 
TT 450 247.4  31.2 259.3  43.5 1.73E-02 003.8 232.3  04.0 88.10651 70.01264 19.30915 hargrave 2021-09-27 19:02:30 
TT 475 244.9  32.4 257.1  45.4 1.58E-02 003.1 230.0  03.4 63.74755 54.56638 15.49451 hargrave 2021-10-14 16:21:26 
TT 500 246.4  31.1 258.2  43.7 1.38E-02 003.3 231.9  03.4 61.69177 50.01448 13.54540 hargrave 2021-10-16 14:16:21 
TT 510 246.6  31.2 258.5  43.7 1.21E-02 002.6 231.9  03.6 41.27393 33.37225 11.31815 hargrave 2021-10-17 17:39:30 
TT 520 247.0  30.2 258.4  42.7 1.10E-02 003.2 232.8  03.1 47.69475 36.88497 10.57182 hargrave 2021-10-18 16:49:25 
TT 530 244.7  33.0 257.2  46.0 9.60E-03 000.7 229.5  03.7 5.067841 3.896890 9.458332 hargrave 2021-10-19 13:37:08 
TT 535 247.8  29.2 258.9  41.5 7.52E-03 001.4 234.0  02.9 14.15627 9.700952 6.857198 hargrave 2021-10-20 12:46:02 
TT 535 247.6  29.4 258.8  41.8 7.52E-03 001.6 233.8  02.9 16.76073 11.53393 6.729211 hargrave 2021-10-20 14:30:51 
TT 540 246.5  31.0 258.3  43.6 5.21E-03 001.2 231.9  03.4 7.028211 7.523907 5.137334 hargrave 2021-10-22 09:48:29 
TT 545 246.2  29.2 257.1  42.0 2.44E-03 000.6 233.0  01.9 1.309085 0.580839 2.339077 hargrave 2021-10-22 18:57:32 
TT 550 243.6  23.3 252.0  37.1 5.53E-04 004.2 235.6 -03.9 3.442134 2.193855 0.589639 hargrave 2021-10-24 11:53:14 
TT 555 238.6  27.3 247.7  42.2 4.41E-04 004.3 229.5 -04.1 2.505396 2.106307 0.485683 hargrave 2021-10-25 10:00:09 
TT 560 248.1  31.4 260.2  43.5 3.98E-04 005.1 232.6  04.6 2.552805 2.449474 0.382508 hargrave 2021-10-25 19:08:15 
TT 567 243.6  34.8 256.7  48.0 2.42E-04 000.7 227.5  04.3 0.256510 0.360232 0.239031 hargrave 2021-10-26 15:13:16 
TT 575 237.3  29.9 247.2  45.0 2.93E-04 002.8 226.9 -02.9 0.795251 1.171442 0.336790 hargrave 2021-10-27 13:06:24 
TT 582 281.8  23.6 290.9  25.5 1.59E-04 003.3 257.9  23.4 0.709729 0.866379 0.115440 hargrave 2021-10-27 19:10:20 
TT 589 252.0  48.7 275.9  58.1 1.88E-04 005.6 221.4  18.3 1.003259 1.517342 0.309309 hargrave 2021-10-28 16:54:27 
