CB5- 2a mag compass orientation (IGRF corrected)
      0 164.0  62.0 291.7  19.7   1.0
NRM    279.4  57.9 310.8  56.7 4.58E-04 002.4 193.2 -01.5 0.424166 1.604755 0.954802 hargrave 2021-09-04 15:33:44 
NRM    277.3  56.9 307.9  56.5 4.41E-04 002.0 192.5 -02.9 0.368016 1.217827 0.936263 hargrave 2021-09-05 15:25:35 
TT 200 267.1  53.8 296.0  57.4 4.08E-04 001.3 187.8 -07.5 0.162778 0.296506 0.879827 hargrave 2021-09-06 14:03:16 
TT 300 260.3  50.4 286.2  56.9 3.84E-04 005.8 184.1 -11.4 0.418038 3.770634 0.771488 hargrave 2021-09-07 12:37:30 
TT 325 257.2  49.6 282.2  57.2 3.72E-04 001.6 182.1 -12.4 0.183401 0.650491 0.795866 hargrave 2021-09-08 09:35:37 
TT 350 259.4  49.3 284.2  56.2 3.46E-04 001.3 183.6 -12.5 0.124588 0.311852 0.709616 hargrave 2021-09-08 16:46:48 
TT 375 256.4  49.3 281.1  57.2 3.01E-04 007.8 181.6 -12.7 0.223186 4.063773 0.599974 hargrave 2021-09-10 09:03:35 
TT 400 257.6  49.3 282.4  56.8 2.71E-04 003.5 182.4 -12.6 0.176985 1.526282 0.575905 hargrave 2021-09-13 08:49:47 
TT 425 253.5  49.3 278.1  58.2 2.53E-04 005.7 179.7 -12.7 0.103255 2.477805 0.555365 hargrave 2021-09-27 09:32:24 
TT 450 254.4  49.3 279.0  57.8 2.40E-04 005.3 180.3 -12.7 0.125468 2.177425 0.509261 hargrave 2021-09-27 18:59:25 
TT 475 254.6  49.0 279.0  57.6 2.26E-04 004.1 180.4 -13.0 0.094199 1.557593 0.455333 hargrave 2021-10-14 16:18:20 
TT 500 258.6  48.7 282.9  56.0 2.15E-04 003.2 183.1 -13.2 0.144486 1.129331 0.410666 hargrave 2021-10-16 14:13:15 
TT 510 254.9  48.7 279.0  57.2 2.04E-04 003.8 180.6 -13.3 0.103488 1.310349 0.379987 hargrave 2021-10-17 17:35:34 
TT 520 258.7  48.3 282.6  55.6 1.97E-04 004.0 183.2 -13.6 0.152361 1.328307 0.389080 hargrave 2021-10-18 16:45:31 
TT 530 255.0  48.5 278.9  57.0 1.91E-04 003.4 180.7 -13.5 0.095793 1.075492 0.390322 hargrave 2021-10-19 13:33:13 
TT 535 255.3  48.4 279.2  56.8 1.84E-04 005.8 180.9 -13.6 0.089634 1.837594 0.377977 hargrave 2021-10-20 12:42:54 
TT 535 255.0  48.4 278.8  56.9 1.84E-04 005.6 180.7 -13.6 0.081929 1.763361 0.378296 hargrave 2021-10-20 14:27:43 
TT 540 261.1  48.1 284.8  54.6 1.81E-04 001.3 184.9 -13.6 0.090715 0.142199 0.362269 hargrave 2021-10-22 09:44:22 
TT 545 258.7  48.0 282.3  55.4 1.76E-04 001.4 183.2 -13.9 0.086482 0.252563 0.345966 hargrave 2021-10-22 18:54:27 
TT 550 256.3  48.2 280.0  56.3 1.63E-04 006.9 181.5 -13.7 0.107917 1.926729 0.328735 hargrave 2021-10-24 11:50:08 
TT 555 258.1  48.6 282.3  56.0 1.51E-04 005.2 182.8 -13.3 0.123653 1.346466 0.302812 hargrave 2021-10-25 09:57:04 
TT 560 259.8  48.8 284.2  55.7 1.38E-04 006.5 183.9 -13.0 0.152545 1.546521 0.278911 hargrave 2021-10-25 19:05:11 
TT 567 254.5  49.3 279.2  57.8 1.28E-04 001.5 180.4 -12.7 0.064907 0.214676 0.251980 hargrave 2021-10-26 15:10:11 
TT 575 253.9  49.4 278.6  58.1 1.12E-04 007.0 180.0 -12.6 0.049797 1.354598 0.242010 hargrave 2021-10-27 13:03:19 
TT 582 261.2  49.3 286.1  55.6 1.05E-04 003.6 184.8 -12.4 0.091802 0.611504 0.220670 hargrave 2021-10-27 19:07:16 
TT 589 258.2  49.9 283.6  57.1 1.01E-04 003.8 182.8 -12.0 0.074403 0.628840 0.212462 hargrave 2021-10-28 16:51:19 
TT 600 255.4  51.0 281.8  59.0 9.32E-05 006.1 180.9 -11.0 0.054427 0.988746 0.154804 hargrave 2021-11-23 09:57:43 
TT 615 257.4  51.4 284.2  58.6 7.76E-05 005.5 182.2 -10.6 0.050757 0.731089 0.125299 hargrave 2021-11-23 17:21:16 
TT 630 255.8  54.0 285.6  61.4 5.68E-05 008.4 181.1 -08.0 0.032035 0.836472 0.097184 hargrave 2021-11-24 16:53:30 
TT 645 274.4  58.8 307.9  59.0 3.65E-05 005.5 190.4 -01.5 0.076996 0.335342 0.070187 hargrave 2021-11-27 14:23:37 
TT 655 278.7  72.9 333.8  67.2 2.10E-05 006.3 187.2  12.3 0.025074 0.228153 0.029887 hargrave 2021-11-28 15:13:37 
TT 665 332.2  64.8 352.0  49.4 1.44E-05 005.9 206.4  20.4 0.056131 0.138369 0.030319 hargrave 2021-11-29 10:36:00 
TT 675 246.4  80.9 355.6  75.4 1.26E-05 007.0 178.7  19.0 0.028201 0.155079 0.017657 hargrave 2021-11-29 17:16:58 
