CB5- 8a mag compass orientation (IGRF corrected)
      0 128.0  29.0 291.7  19.7   1.0
NRM    268.5  57.7 301.7  60.1 9.56E-04 001.2 210.2  35.1 0.129644 1.690855 1.223944 hargrave 2021-09-04 15:42:57 
NRM    268.4  54.5 297.9  57.5 9.31E-04 001.0 211.9  32.1 0.146210 1.275405 1.073615 hargrave 2021-09-05 15:34:46 
TT 200 263.2  52.7 291.2  57.8 8.98E-04 003.2 209.5  29.2 2.824944 4.037775 1.119768 hargrave 2021-09-06 14:12:32 
TT 300 261.2  51.6 288.2  57.6 8.91E-04 001.0 208.7  27.8 0.092426 1.024925 1.229875 hargrave 2021-09-07 12:49:16 
TT 325 258.5  51.9 285.8  58.7 8.38E-04 000.9 206.8  27.4 0.629782 0.304585 1.168759 hargrave 2021-09-08 09:44:53 
TT 350 260.1  51.4 286.9  57.7 7.97E-04 004.0 208.1  27.3 2.200436 4.980248 1.018905 hargrave 2021-09-08 16:56:04 
TT 375 263.7  50.4 289.5  55.7 7.61E-04 005.3 210.9  27.3 3.185674 6.234055 1.046126 hargrave 2021-09-10 09:14:37 
TT 400 264.4  50.0 289.8  55.1 7.44E-04 004.0 211.6  27.1 2.316462 4.590680 0.965916 hargrave 2021-09-13 08:57:18 
TT 425 260.6  50.5 286.6  56.9 7.23E-04 003.3 208.8  26.6 1.691983 3.681433 0.965237 hargrave 2021-09-27 09:42:33 
TT 450 258.7  50.9 285.0  57.8 7.08E-04 001.0 207.4  26.5 0.138593 0.787683 0.894838 hargrave 2021-09-27 19:08:37 
TT 475 260.1  50.6 286.1  57.1 6.85E-04 000.7 208.4  26.6 0.159798 0.361238 0.806950 hargrave 2021-10-14 16:28:25 
TT 500 262.6  50.2 288.2  55.9 6.33E-04 005.0 210.2  26.8 2.584219 4.785266 0.794861 hargrave 2021-10-16 14:22:29 
TT 510 261.0  50.7 287.1  56.8 6.11E-04 000.8 209.0  26.9 0.137874 0.451740 0.764813 hargrave 2021-10-17 17:45:41 
TT 520 256.7  51.8 284.0  59.3 5.76E-04 002.0 205.7  27.0 0.966678 1.593880 0.744279 hargrave 2021-10-18 16:55:36 
TT 530 261.0  51.0 287.4  57.1 5.30E-04 000.9 208.8  27.2 0.163299 0.578295 0.664528 hargrave 2021-10-19 13:43:19 
TT 535 257.2  52.1 284.7  59.3 5.06E-04 002.2 205.9  27.3 0.620268 1.713133 0.718259 hargrave 2021-10-20 12:52:18 
TT 535 257.1  52.1 284.7  59.4 5.06E-04 002.2 205.9  27.3 0.610217 1.687075 0.725667 hargrave 2021-10-20 14:37:08 
TT 540 259.9  51.6 287.0  58.0 4.73E-04 000.8 207.9  27.5 0.060696 0.361966 0.594166 hargrave 2021-10-22 09:54:40 
TT 545 258.5  52.6 286.6  59.3 3.61E-04 001.4 206.6  28.1 0.239699 0.743997 0.468576 hargrave 2021-10-22 19:03:43 
TT 550 260.0  52.1 287.6  58.4 3.58E-04 000.7 207.7  28.0 0.097900 0.148710 0.446267 hargrave 2021-10-24 11:59:24 
TT 555 256.3  53.1 285.0  60.5 3.44E-04 002.5 204.9  28.1 0.521885 1.328476 0.456543 hargrave 2021-10-25 10:06:21 
TT 560 261.9  51.8 289.0  57.5 2.89E-04 001.6 209.1  28.1 0.277923 0.693530 0.380456 hargrave 2021-10-25 19:14:27 
TT 567 256.9  53.0 285.4  60.2 2.13E-04 000.8 205.3  28.1 0.048661 0.154538 0.267492 hargrave 2021-10-26 15:20:15 
TT 575 257.9  52.4 285.8  59.4 1.60E-04 003.8 206.3  27.8 0.398616 0.963887 0.225768 hargrave 2021-10-27 13:12:36 
TT 582 261.3  52.1 288.8  57.9 1.44E-04 002.5 208.6  28.2 0.203012 0.572694 0.184717 hargrave 2021-10-27 19:16:28 
TT 589 256.5  52.5 284.5  59.9 1.39E-04 003.8 205.3  27.6 0.334217 0.834585 0.203295 hargrave 2021-10-28 17:00:40 
TT 600 258.6  52.7 286.8  59.4 1.13E-04 001.7 206.5  28.2 0.109228 0.284876 0.160638 hargrave 2021-11-23 10:02:18 
TT 615 262.2  50.3 287.9  56.1 9.15E-05 004.5 209.9  26.8 0.329030 0.638018 0.103242 hargrave 2021-11-23 17:25:50 
TT 630 258.2  52.8 286.5  59.6 6.96E-05 003.5 206.3  28.2 0.154425 0.394857 0.078941 hargrave 2021-11-24 16:58:04 
TT 645 262.1  49.2 286.8  55.2 5.47E-05 002.0 210.3  25.8 0.098728 0.155677 0.069978 hargrave 2021-11-27 14:28:10 
TT 655 253.2  49.8 278.3  58.8 4.34E-05 004.7 204.1  24.4 0.113761 0.341543 0.039836 hargrave 2021-11-28 15:17:54 
TT 665 269.1  43.9 289.4  48.3 3.82E-05 003.7 217.4  22.8 0.141249 0.210542 0.031708 hargrave 2021-11-29 10:40:17 
TT 675 230.5  53.5 254.1  68.8 2.12E-05 005.8 188.1  24.9 0.054844 0.208508 0.021436 hargrave 2021-11-29 17:21:16 
