CB5- 9a mag compass orientation (IGRF corrected)
      0 326.0  15.0 291.7  19.7   1.0
NRM    256.6  51.8 283.9  59.3 6.12E-04 002.7 031.4  65.4 1.927339 2.096326 0.363943 hargrave 2021-09-04 15:44:28 
NRM    254.6  48.0 278.0  56.7 5.79E-04 002.4 026.9  61.9 1.662303 1.694320 0.420609 hargrave 2021-09-05 15:36:17 
TT 200 249.3  43.6 268.7  54.5 5.54E-04 001.7 018.4  58.1 1.122255 1.113771 0.524944 hargrave 2021-09-06 14:14:04 
TT 300 248.8  42.4 267.3  53.6 5.38E-04 002.3 017.5  56.9 1.227550 1.697129 0.513461 hargrave 2021-09-07 12:50:48 
TT 325 250.4  41.9 268.7  52.6 5.07E-04 002.4 019.5  56.3 1.264277 1.596526 0.545288 hargrave 2021-09-08 09:46:24 
TT 350 247.9  41.6 265.7  53.1 4.73E-04 001.9 016.1  56.2 0.984700 1.083366 0.516757 hargrave 2021-09-08 16:57:36 
TT 375 248.6  41.4 266.3  52.7 4.41E-04 003.6 017.0  55.9 1.334692 2.362250 0.487247 hargrave 2021-09-10 09:16:09 
TT 400 250.4  41.4 268.3  52.1 4.25E-04 004.2 019.3  55.8 1.522212 2.673838 0.491187 hargrave 2021-09-13 08:58:33 
TT 425 246.4  40.7 263.4  52.7 4.20E-04 001.2 014.0  55.3 0.589218 0.544202 0.450930 hargrave 2021-09-27 09:44:05 
TT 450 245.9  40.4 262.7  52.6 4.13E-04 002.2 013.3  55.1 0.781651 1.260088 0.476918 hargrave 2021-09-27 19:10:09 
TT 475 244.6  40.3 261.1  52.9 4.05E-04 001.6 011.5  55.1 0.561871 0.859266 0.421478 hargrave 2021-10-14 16:29:57 
TT 500 246.8  40.1 263.4  52.0 3.89E-04 001.6 014.3  54.8 0.563527 0.819066 0.411264 hargrave 2021-10-16 14:24:01 
TT 510 244.8  40.4 261.3  52.9 3.78E-04 003.6 011.8  55.1 0.960099 2.143999 0.395314 hargrave 2021-10-17 17:47:13 
TT 520 245.9  40.3 262.5  52.5 3.68E-04 001.6 013.2  55.0 0.547762 0.837300 0.380573 hargrave 2021-10-18 16:57:09 
TT 530 247.6  40.2 264.4  51.9 3.57E-04 001.3 015.4  54.8 0.497184 0.532760 0.336616 hargrave 2021-10-19 13:44:50 
TT 535 242.8  40.1 258.7  53.2 3.50E-04 002.4 009.0  54.9 0.548533 1.296501 0.364401 hargrave 2021-10-20 12:53:50 
TT 535 242.9  40.1 258.9  53.2 3.50E-04 002.5 009.2  54.9 0.564494 1.355555 0.363119 hargrave 2021-10-20 14:38:43 
TT 540 245.7  39.9 262.0  52.2 3.44E-04 001.8 012.8  54.6 0.560695 0.899617 0.352925 hargrave 2021-10-22 09:56:11 
TT 545 247.9  40.2 264.8  51.8 3.18E-04 003.3 015.9  54.8 0.811698 1.632040 0.324077 hargrave 2021-10-22 19:05:14 
TT 550 247.1  40.3 263.9  52.1 3.17E-04 002.1 014.8  54.9 0.575402 0.956932 0.323675 hargrave 2021-10-24 12:00:56 
TT 555 247.0  40.3 263.8  52.1 3.14E-04 001.8 014.7  54.9 0.494770 0.778067 0.319699 hargrave 2021-10-25 10:07:53 
TT 560 246.5  40.3 263.3  52.3 2.99E-04 001.0 014.0  55.0 0.347979 0.250525 0.282446 hargrave 2021-10-25 19:15:58 
TT 567 249.1  41.0 266.6  52.2 2.70E-04 002.2 017.5  55.5 0.547005 0.863896 0.262374 hargrave 2021-10-26 15:21:46 
TT 575 244.5  41.0 261.3  53.5 2.41E-04 002.4 011.4  55.8 0.410460 0.884772 0.240401 hargrave 2021-10-27 13:14:07 
TT 582 246.8  40.5 263.7  52.4 2.28E-04 001.9 014.5  55.1 0.394878 0.586549 0.218031 hargrave 2021-10-27 19:17:59 
TT 589 243.7  41.0 260.4  53.8 2.14E-04 000.8 010.3  55.8 0.214003 0.117791 0.186906 hargrave 2021-10-28 17:02:12 
TT 600 249.0  40.9 266.5  52.1 1.82E-04 000.8 017.5  55.4 0.130917 0.188606 0.111936 hargrave 2021-11-23 10:03:54 
TT 615 246.9  41.7 264.6  53.5 1.37E-04 001.2 014.7  56.3 0.150928 0.234662 0.085753 hargrave 2021-11-23 17:27:27 
TT 630 250.9  41.8 269.2  52.3 9.73E-05 001.3 020.1  56.1 0.149310 0.154129 0.066349 hargrave 2021-11-24 16:59:40 
TT 645 248.2  43.1 267.1  54.3 5.90E-05 003.0 016.8  57.6 0.128579 0.273924 0.041118 hargrave 2021-11-27 14:29:47 
TT 655 256.3  43.3 276.1  51.9 3.32E-05 003.2 027.7  57.0 0.122230 0.141947 0.023213 hargrave 2021-11-28 15:19:15 
TT 665 239.8  43.0 257.0  56.7 2.59E-05 002.0 005.2  57.9 0.051750 0.079631 0.017227 hargrave 2021-11-29 10:41:38 
TT 675 288.2  51.7 312.0  48.7 9.46E-06 004.6 071.5  58.9 0.072628 0.028847 0.007651 hargrave 2021-11-29 17:22:36 
