CB6- 2a mag compass orientation (IGRF corrected)
      0 284.0  10.0 319.6  12.8   1.0
NRM    271.1  54.8 287.5  63.2 2.14E-03 003.9 091.6  55.8 14.33847 1.925461 1.169999 hargrave 2021-09-04 15:49:03 
NRM    268.1  53.9 283.2  62.8 2.03E-03 003.8 088.1  55.4 13.26624 1.324837 1.319125 hargrave 2021-09-05 15:41:40 
TT 200 258.1  50.2 268.5  60.9 1.79E-03 003.6 076.1  53.6 11.10882 1.051569 1.397314 hargrave 2021-09-06 14:20:15 
TT 300 258.1  48.6 267.9  59.3 7.16E-04 042.9 075.5  52.1 11.79459 45.55347 60.36767 hargrave 2021-09-07 12:57:52 
TT 300 256.5  48.6 265.8  59.6 1.43E-03 005.1 073.8  52.3 12.19128 3.787021 0.673222 hargrave 2021-09-07 14:41:31 
TT 325 251.3  46.4 258.4  58.0 7.53E-04 001.8 067.4  51.0 2.070202 1.019387 0.384552 hargrave 2021-09-08 09:51:00 
TT 350 251.5  46.1 258.5  57.7 6.70E-04 002.2 067.5  50.7 2.346058 1.049685 0.335955 hargrave 2021-09-08 17:03:50 
TT 375 252.6  46.1 260.0  57.6 6.26E-04 002.4 068.7  50.6 2.357195 1.022960 0.317158 hargrave 2021-09-10 09:21:35 
TT 400 249.4  45.4 255.6  57.2 6.05E-04 001.0 065.0  50.4 0.908724 0.422668 0.307933 hargrave 2021-09-13 09:07:06 
TT 425 248.1  45.8 254.1  57.8 5.92E-04 001.5 063.8  51.0 1.298271 0.790187 0.277661 hargrave 2021-09-27 09:49:29 
TT 450 247.8  45.6 253.6  57.6 5.83E-04 001.1 063.4  50.9 0.894886 0.591501 0.286806 hargrave 2021-09-27 19:16:20 
TT 475 250.6  46.0 257.4  57.7 5.71E-04 002.3 066.5  50.8 2.157649 0.788143 0.302343 hargrave 2021-10-14 16:36:10 
TT 500 250.2  46.1 256.8  57.9 5.38E-04 004.1 066.1  51.0 3.465561 1.628924 0.283481 hargrave 2021-10-16 14:30:15 
TT 510 249.8  45.9 256.3  57.7 5.14E-04 001.3 065.6  50.8 0.980239 0.521498 0.255372 hargrave 2021-10-17 17:52:37 
TT 520 249.2  45.6 255.4  57.4 4.87E-04 002.4 064.9  50.6 1.776551 0.915887 0.244574 hargrave 2021-10-18 17:02:35 
TT 530 250.3  46.2 257.0  57.9 4.51E-04 004.7 066.2  51.0 3.386635 1.550743 0.238037 hargrave 2021-10-19 13:51:02 
TT 535 245.0  45.5 250.0  57.7 4.28E-04 005.4 060.3  51.2 3.508916 2.072002 0.229676 hargrave 2021-10-20 12:59:21 
TT 535 245.1  45.5 250.2  57.7 4.28E-04 005.6 060.5  51.2 3.589245 2.112127 0.227600 hargrave 2021-10-20 14:44:13 
TT 540 250.0  46.1 256.6  57.9 4.03E-04 001.1 066.0  51.0 0.610918 0.489106 0.248968 hargrave 2021-10-22 10:01:36 
TT 545 249.9  45.7 256.4  57.5 3.34E-04 001.9 065.7  50.6 0.972753 0.490750 0.182456 hargrave 2021-10-22 19:10:38 
TT 550 246.1  45.2 251.3  57.3 3.25E-04 003.0 061.4  50.7 1.420934 0.907488 0.168846 hargrave 2021-10-24 12:06:20 
TT 555 251.5  46.7 258.7  58.3 3.19E-04 003.3 067.8  51.3 1.664805 0.824874 0.204717 hargrave 2021-10-25 10:13:17 
TT 560 251.1  46.5 258.1  58.1 3.02E-04 002.4 067.2  51.2 1.087639 0.604664 0.193221 hargrave 2021-10-25 19:21:23 
TT 567 250.7  46.8 257.7  58.5 2.74E-04 000.8 066.9  51.6 0.355910 0.067601 0.169049 hargrave 2021-10-26 15:28:00 
TT 575 250.4  46.6 257.3  58.3 2.54E-04 003.5 066.6  51.4 1.452264 0.594116 0.132946 hargrave 2021-10-27 13:20:20 
TT 582 248.9  45.9 255.2  57.8 2.41E-04 001.6 064.7  51.0 0.597156 0.282551 0.129220 hargrave 2021-10-27 19:23:22 
TT 589 251.3  46.4 258.4  58.0 2.28E-04 003.0 067.4  51.1 1.140219 0.388211 0.120721 hargrave 2021-10-28 17:09:17 
TT 600 248.2  45.8 254.2  57.7 1.93E-04 000.6 063.9  50.9 0.115253 0.116883 0.148974 hargrave 2021-11-23 10:07:01 
TT 615 249.3  47.1 255.9  58.9 1.59E-04 000.9 065.5  52.1 0.214209 0.111708 0.116547 hargrave 2021-11-23 17:30:33 
TT 630 252.1  46.1 259.2  57.6 1.39E-04 001.1 068.1  50.6 0.228157 0.146167 0.111817 hargrave 2021-11-24 17:02:45 
TT 645 243.6  46.1 248.3  58.4 1.13E-04 002.6 059.0  51.9 0.415838 0.292067 0.098832 hargrave 2021-11-27 14:32:52 
TT 655 252.4  47.1 260.1  58.6 8.63E-05 002.5 068.9  51.6 0.364633 0.105597 0.062018 hargrave 2021-11-28 15:22:07 
TT 665 251.8  48.6 259.7  60.2 6.28E-05 001.4 068.8  53.2 0.127326 0.075821 0.077566 hargrave 2021-11-29 10:44:26 
TT 675 270.4  44.2 280.9  53.2 1.88E-05 002.1 086.3  45.8 0.055225 0.090766 0.033578 hargrave 2021-11-29 17:26:17 
