CB6- 8a mag compass orientation (IGRF corrected)
      0 284.0  11.0 319.6  12.8   1.0
NRM    255.9  56.6 269.0  67.4 9.30E-04 004.1 078.9  60.3 6.473816 1.235220 0.352807 hargrave 2021-09-04 15:58:55 
NRM    253.6  51.3 263.1  62.6 8.62E-04 003.2 073.3  55.7 4.694671 1.096890 0.407170 hargrave 2021-09-05 15:51:39 
TT 200 244.2  44.6 248.8  56.8 8.01E-04 003.7 060.2  50.9 4.634181 2.312767 0.509949 hargrave 2021-09-06 14:31:01 
TT 300 245.4  42.9 250.0  55.1 7.53E-04 001.1 060.9  49.1 0.971889 0.968952 0.515388 hargrave 2021-09-07 13:07:46 
TT 325 244.0  42.6 248.1  54.9 7.32E-04 003.9 059.2  49.0 4.427706 2.338231 0.504110 hargrave 2021-09-08 10:00:51 
TT 350 243.3  42.2 247.2  54.6 7.25E-04 001.7 058.4  48.8 1.948316 0.812546 0.509849 hargrave 2021-09-08 17:13:47 
TT 375 246.4  42.8 251.2  55.0 7.17E-04 004.1 061.9  48.9 4.614264 2.139142 0.450627 hargrave 2021-09-10 09:31:35 
TT 400 243.9  42.3 247.9  54.6 7.13E-04 003.9 059.0  48.8 4.381481 2.156973 0.450050 hargrave 2021-09-13 09:33:24 
TT 425 244.2  42.7 248.4  55.0 7.10E-04 006.0 059.5  49.1 6.481990 3.634743 0.467166 hargrave 2021-09-27 09:59:28 
TT 450 241.0  42.0 244.2  54.5 7.10E-04 002.0 055.7  48.9 2.117378 1.163845 0.487348 hargrave 2021-09-27 19:26:13 
TT 475 242.3  42.6 245.9  55.0 7.03E-04 005.0 057.3  49.2 5.303810 3.156889 0.461849 hargrave 2021-10-14 16:46:06 
TT 500 241.2  42.5 244.6  55.0 6.83E-04 004.1 056.2  49.4 4.189077 2.612093 0.439049 hargrave 2021-10-16 14:41:00 
TT 510 242.9  42.9 246.8  55.2 6.70E-04 004.8 058.1  49.4 4.867269 2.704623 0.395441 hargrave 2021-10-17 18:02:33 
TT 520 242.5  42.9 246.2  55.3 6.49E-04 003.7 057.7  49.6 3.602227 2.018357 0.406677 hargrave 2021-10-18 17:12:31 
TT 530 241.7  43.0 245.3  55.5 6.24E-04 004.0 056.9  49.8 3.719406 2.230393 0.394326 hargrave 2021-10-19 14:00:58 
TT 535 247.3  43.9 252.6  55.9 6.12E-04 003.4 063.3  49.7 3.313317 1.439304 0.363483 hargrave 2021-10-20 13:10:09 
TT 535 247.3  43.9 252.6  55.9 6.12E-04 003.4 063.3  49.7 3.317658 1.441050 0.366731 hargrave 2021-10-20 14:54:19 
TT 540 244.7  43.7 249.3  55.9 5.90E-04 004.8 060.4  49.9 4.380806 2.295407 0.350258 hargrave 2021-10-22 10:11:29 
TT 545 242.9  43.5 246.9  55.8 5.56E-04 002.8 058.4  50.0 2.380449 1.220740 0.322017 hargrave 2021-10-22 19:20:32 
TT 550 241.3  43.6 244.8  56.0 5.45E-04 003.4 056.6  50.4 2.805997 1.630217 0.348633 hargrave 2021-10-24 12:17:06 
TT 555 243.1  44.1 247.2  56.4 5.16E-04 003.3 058.7  50.6 2.652134 1.423055 0.300393 hargrave 2021-10-25 10:23:13 
TT 560 240.5  43.6 243.8  56.1 4.95E-04 002.3 055.8  50.5 1.727022 0.958760 0.303220 hargrave 2021-10-25 19:31:17 
TT 567 241.2  43.5 244.7  56.0 4.74E-04 000.8 056.5  50.3 0.449395 0.473456 0.282036 hargrave 2021-10-26 15:38:45 
TT 575 242.9  44.4 247.0  56.7 4.50E-04 004.7 058.6  50.9 3.271639 1.776002 0.274840 hargrave 2021-10-27 13:30:15 
TT 582 241.6  43.7 245.2  56.1 4.37E-04 005.6 057.0  50.5 3.727156 2.092441 0.276519 hargrave 2021-10-27 19:34:02 
TT 589 242.7  44.2 246.7  56.6 4.26E-04 002.3 058.4  50.8 1.544342 0.722686 0.253549 hargrave 2021-10-28 17:19:15 
TT 600 242.1  44.1 245.9  56.5 4.09E-04 004.0 057.7  50.8 2.478584 1.445791 0.227243 hargrave 2021-11-23 10:17:49 
TT 615 242.2  44.5 246.2  56.9 3.74E-04 005.3 058.0  51.1 3.048793 1.714170 0.209544 hargrave 2021-11-23 17:41:21 
TT 630 239.3  43.7 242.3  56.3 3.40E-04 002.6 054.5  50.9 1.312452 0.783172 0.177733 hargrave 2021-11-24 17:14:22 
TT 645 242.4  44.7 246.4  57.1 2.48E-04 005.3 058.3  51.4 2.016097 1.145663 0.135891 hargrave 2021-11-27 14:44:29 
TT 655 242.7  43.6 246.7  56.0 2.56E-04 002.6 058.2  50.2 1.041473 0.489244 0.135766 hargrave 2021-11-28 15:33:34 
TT 665 240.1  45.1 243.5  57.6 2.20E-04 000.9 055.8  52.0 0.315506 0.121267 0.116130 hargrave 2021-11-29 10:56:40 
TT 675 243.3  40.4 247.0  52.7 1.01E-04 002.6 057.8  46.9 0.453044 0.119279 0.056419 hargrave 2021-11-29 17:36:56 
TT 685 267.0  29.7 272.7  39.5 2.12E-05 002.5 079.4  32.3 0.097553 0.050949 0.033522 hargrave 2021-11-30 13:51:13 
