CB6- 1a mag compass orientation (IGRF corrected)
      0  58.0   4.0 319.6  12.8   1.0
NRM    263.0  50.2 274.7  60.2 3.66E-03 001.6 290.4  51.7 8.292882 5.629123 2.673732 hargrave 2021-09-04 15:46:14 
NRM    262.3  48.8 273.2  58.9 3.58E-03 003.5 289.9  50.3 19.56880 9.463982 2.435593 hargrave 2021-09-05 15:38:04 
TT 200 259.7  43.7 268.0  54.3 3.36E-03 001.6 288.0  45.1 7.838797 4.236237 2.358747 hargrave 2021-09-06 14:15:51 
TT 300 255.8  42.1 262.8  53.3 2.93E-03 002.6 284.2  43.2 12.09857 4.493565 2.090279 hargrave 2021-09-07 12:53:28 
TT 325 251.0  41.3 256.6  52.9 2.24E-03 002.3 279.5  42.0 8.401575 2.546290 1.497074 hargrave 2021-09-08 09:48:11 
TT 350 253.5  41.0 259.7  52.4 2.17E-03 002.9 282.1  41.9 10.55652 3.051553 1.500811 hargrave 2021-09-08 16:59:24 
TT 375 252.8  40.8 258.8  52.3 2.13E-03 001.2 281.4  41.7 4.007204 1.795623 1.491986 hargrave 2021-09-10 09:17:56 
TT 400 249.2  41.0 254.4  52.9 2.09E-03 001.5 277.7  41.6 5.191129 1.804719 1.476815 hargrave 2021-09-13 09:00:02 
TT 425 251.2  40.2 256.7  51.9 2.06E-03 004.2 279.8  41.0 14.60586 3.255059 1.371724 hargrave 2021-09-27 09:45:52 
TT 450 249.4  39.9 254.4  51.7 2.04E-03 002.2 278.0  40.5 7.418443 1.916781 1.539799 hargrave 2021-09-27 19:12:45 
TT 475 250.7  39.8 256.0  51.5 2.01E-03 001.3 279.4  40.6 3.938980 1.404829 1.401452 hargrave 2021-10-14 16:31:45 
TT 500 251.9  39.9 257.5  51.5 1.94E-03 005.3 280.5  40.8 17.33424 4.175111 1.452582 hargrave 2021-10-16 14:26:38 
TT 510 253.5  39.6 259.3  51.1 1.89E-03 002.9 282.2  40.6 8.931041 3.038530 1.499403 hargrave 2021-10-17 17:49:00 
TT 520 251.4  39.7 256.9  51.4 1.81E-03 001.3 280.1  40.5 3.729197 1.403745 1.304959 hargrave 2021-10-18 16:58:56 
TT 530 253.0  39.7 258.8  51.2 1.67E-03 004.0 281.7  40.7 11.22238 2.985961 1.241179 hargrave 2021-10-19 13:46:38 
TT 535 262.1  39.1 269.5  49.5 1.56E-03 004.8 291.0  40.7 12.45991 4.115428 1.242986 hargrave 2021-10-20 12:55:39 
TT 535 261.7  39.2 269.1  49.6 1.56E-03 005.1 290.6  40.7 13.25642 4.352445 1.236687 hargrave 2021-10-20 14:40:32 
TT 540 250.7  39.8 256.0  51.5 1.42E-03 002.8 279.4  40.6 6.736397 1.616656 0.989111 hargrave 2021-10-22 09:57:59 
TT 545 252.5  39.8 258.2  51.3 1.07E-03 001.9 281.2  40.6 3.349761 1.016239 0.781778 hargrave 2021-10-22 19:07:01 
TT 550 253.5  39.7 259.4  51.2 1.02E-03 003.0 282.2  40.7 5.060933 1.490301 0.758325 hargrave 2021-10-24 12:02:44 
TT 555 254.1  40.0 260.2  51.4 9.72E-04 006.5 282.8  41.0 10.66070 2.837277 0.740333 hargrave 2021-10-25 10:09:41 
TT 560 251.8  40.0 257.4  51.6 9.26E-04 004.5 280.5  40.8 7.104909 1.679936 0.686618 hargrave 2021-10-25 19:17:46 
TT 567 255.4  39.8 261.7  51.0 8.64E-04 003.7 284.1  40.9 5.272466 1.686686 0.683785 hargrave 2021-10-26 15:24:22 
TT 575 254.4  39.9 260.5  51.3 7.92E-04 005.5 283.1  40.9 7.327802 2.005748 0.636260 hargrave 2021-10-27 13:16:44 
TT 582 254.8  39.6 261.0  50.9 7.23E-04 000.9 283.6  40.6 0.949079 0.479832 0.561189 hargrave 2021-10-27 19:19:47 
TT 589 252.8  39.7 258.6  51.2 6.62E-04 002.3 281.5  40.6 2.526549 0.757731 0.506225 hargrave 2021-10-28 17:05:39 
TT 600 251.6  40.0 257.2  51.6 4.88E-04 002.7 280.3  40.8 2.242856 0.588364 0.360486 hargrave 2021-11-23 10:05:30 
TT 615 249.6  39.5 254.6  51.3 3.83E-04 003.2 278.4  40.2 2.067669 0.409143 0.281706 hargrave 2021-11-23 17:29:03 
TT 630 252.3  40.5 258.1  52.1 3.11E-04 002.9 280.9  41.4 1.487745 0.441996 0.275157 hargrave 2021-11-24 17:01:15 
TT 645 248.6  39.3 253.3  51.2 2.60E-04 000.8 277.3  39.9 0.276631 0.147256 0.182580 hargrave 2021-11-27 14:31:22 
TT 655 248.4  39.8 253.2  51.8 2.46E-04 003.4 277.1  40.4 1.423926 0.206045 0.179819 hargrave 2021-11-28 15:20:38 
TT 665 250.6  38.5 255.6  50.2 2.18E-04 000.5 279.4  39.3 0.041237 0.096626 0.151719 hargrave 2021-11-29 10:43:01 
TT 675 251.5  40.1 257.0  51.7 1.56E-04 000.9 280.1  40.9 0.226576 0.065180 0.120548 hargrave 2021-11-29 17:24:03 
TT 685 239.1  45.1 242.2  57.6 2.90E-05 003.9 267.1  45.0 0.188615 0.062820 0.017355 hargrave 2021-11-30 13:49:44 
