CB7- 2a mag compass orientation (IGRF corrected)
      0 320.0  17.0 319.6  12.8   1.0
NRM    288.8  50.9 304.9  56.0 1.77E-03 003.5 081.1  56.9 10.65656 1.509061 0.771144 hargrave 2021-09-04 16:02:03 
NRM    286.1  48.4 300.5  54.2 1.60E-03 002.1 076.2  55.5 5.616178 0.994428 0.774374 hargrave 2021-09-05 15:54:48 
TT 200 278.7  43.3 290.0  50.8 1.39E-03 002.3 064.7  52.8 5.315183 1.770933 0.934770 hargrave 2021-09-06 14:34:11 
TT 300 272.0  38.3 280.6  47.1 1.29E-03 001.8 054.3  49.7 3.510241 1.199008 1.532028 hargrave 2021-09-07 13:10:56 
TT 325 273.3  38.1 282.0  46.7 1.22E-03 003.6 055.7  49.2 6.857525 3.331572 1.700124 hargrave 2021-09-08 10:04:01 
TT 350 271.8  37.5 280.2  46.4 1.18E-03 004.2 053.7  49.0 7.598562 3.660642 1.612950 hargrave 2021-09-08 17:16:57 
TT 375 271.0  37.2 279.2  46.2 1.15E-03 003.4 052.7  48.9 5.907746 2.942568 1.562876 hargrave 2021-09-10 09:34:45 
TT 400 269.8  36.5 277.6  45.7 1.10E-03 003.9 051.0  48.5 6.400330 3.760391 1.531686 hargrave 2021-09-13 09:36:02 
TT 425 269.7  36.1 277.4  45.4 1.05E-03 003.1 050.7  48.2 4.866106 2.718361 1.339905 hargrave 2021-09-27 10:02:38 
TT 450 264.4  34.5 270.9  44.6 9.97E-04 001.2 043.8  47.8 1.455577 0.274180 1.430249 hargrave 2021-09-27 19:29:22 
TT 475 266.5  34.9 273.5  44.7 9.38E-04 002.7 046.5  47.7 3.733270 2.213784 1.213249 hargrave 2021-10-14 16:49:16 
TT 500 264.4  34.4 271.0  44.5 8.63E-04 004.3 043.9  47.7 4.931444 4.067431 1.162841 hargrave 2021-10-16 14:44:10 
TT 510 266.3  34.5 273.1  44.4 8.19E-04 001.2 046.1  47.4 1.443782 0.222788 1.045888 hargrave 2021-10-17 18:05:43 
TT 520 266.9  34.4 273.7  44.2 7.50E-04 003.3 046.7  47.2 3.603436 2.313127 0.912801 hargrave 2021-10-18 17:15:41 
TT 530 263.4  33.5 269.5  43.8 6.64E-04 001.6 042.3  47.0 1.525716 0.647082 0.819222 hargrave 2021-10-19 14:04:10 
TT 535 267.7  34.3 274.6  43.9 5.97E-04 005.1 047.7  46.9 4.357382 2.967982 0.735012 hargrave 2021-10-20 13:13:18 
TT 535 268.0  34.4 275.1  44.0 5.97E-04 005.4 048.1  46.9 4.616667 3.168267 0.731114 hargrave 2021-10-20 14:57:34 
TT 540 264.0  33.2 270.2  43.4 5.17E-04 002.6 042.9  46.6 1.919245 1.181292 0.603652 hargrave 2021-10-22 10:15:42 
TT 545 268.0  33.6 274.8  43.2 4.90E-04 003.1 047.8  46.2 2.326483 1.106276 0.584303 hargrave 2021-10-22 19:23:41 
TT 550 264.9  32.8 271.1  42.8 3.92E-04 003.7 043.8  46.0 2.011592 1.439468 0.494089 hargrave 2021-10-24 12:20:18 
TT 555 261.7  32.2 267.3  42.7 3.57E-04 003.0 039.9  46.1 1.455414 1.109680 0.481967 hargrave 2021-10-25 10:26:23 
TT 560 262.9  32.5 268.8  42.9 3.20E-04 002.2 041.4  46.1 1.161305 0.360358 0.374801 hargrave 2021-10-25 19:34:27 
TT 567 266.1  32.2 272.3  42.1 3.24E-04 001.7 045.1  45.2 0.152083 0.910413 0.360436 hargrave 2021-10-26 15:41:54 
TT 575 262.1  32.8 268.0  43.2 2.86E-04 001.3 040.6  46.5 0.321957 0.507985 0.333280 hargrave 2021-10-27 13:34:14 
TT 582 263.3  30.8 268.9  41.1 3.01E-04 002.3 041.3  44.4 0.151754 1.247367 0.280552 hargrave 2021-10-27 19:37:11 
TT 589 262.2  32.6 268.0  43.0 2.66E-04 001.6 040.5  46.3 0.739975 0.254390 0.231374 hargrave 2021-10-28 17:22:26 
TT 600 264.9  30.1 270.5  40.2 2.84E-04 001.2 042.9  43.4 0.574361 0.126466 0.208707 hargrave 2021-11-23 10:21:13 
TT 615 260.5  30.3 265.6  41.0 2.38E-04 001.4 037.8  44.4 0.308016 0.600584 0.160219 hargrave 2021-11-23 17:44:44 
TT 630 267.9  31.4 274.2  41.0 2.42E-04 001.8 046.9  44.0 0.854290 0.317169 0.167182 hargrave 2021-11-24 17:17:47 
TT 645 251.3  24.7 254.3  36.5 1.46E-04 000.9 025.6  40.4 0.097322 0.212807 0.098004 hargrave 2021-11-27 14:47:52 
TT 655 275.7  26.4 281.5  34.9 1.68E-04 002.0 053.9  37.5 0.526352 0.410601 0.207716 hargrave 2021-11-28 15:37:19 
TT 665 247.5  47.1 253.6  59.1 1.07E-04 002.0 026.7  62.9 0.217298 0.373711 0.103398 hargrave 2021-11-29 11:00:27 
TT 675 305.4  47.4 319.7  49.0 6.83E-05 004.8 094.6  48.9 0.120195 0.783343 0.061770 hargrave 2021-11-29 17:39:55 
