CB7- 4a mag compass orientation (IGRF corrected)
      0 305.0  24.0 319.6  12.8   1.0
NRM    272.9  40.9 282.6  49.5 1.59E-03 004.6 081.1  49.6 12.53595 1.734211 0.834312 hargrave 2021-09-04 16:08:16 
NRM    269.9  40.5 279.0  49.7 1.49E-03 003.3 077.7  50.5 8.527649 1.521748 0.891366 hargrave 2021-09-05 16:01:03 
TT 200 262.9  34.9 269.3  45.3 1.27E-03 002.6 066.1  48.3 5.366149 1.885977 0.952309 hargrave 2021-09-06 14:39:38 
TT 300 260.4  33.0 266.0  43.7 1.16E-03 002.8 062.1  47.5 5.121263 1.988937 1.024884 hargrave 2021-09-07 13:16:23 
TT 325 257.4  32.0 262.3  43.1 1.10E-03 003.5 058.0  47.6 5.819493 3.061261 1.062488 hargrave 2021-09-08 10:10:18 
TT 350 256.3  31.9 261.1  43.1 1.06E-03 003.8 056.7  47.9 6.136989 3.232826 1.000817 hargrave 2021-09-08 17:24:02 
TT 375 255.7  31.9 260.4  43.2 1.04E-03 004.3 056.1  48.1 6.694582 3.863861 0.964942 hargrave 2021-09-10 09:41:54 
TT 400 253.5  30.9 257.7  42.4 1.01E-03 001.0 052.8  48.0 1.502801 0.250393 1.038415 hargrave 2021-09-13 09:42:14 
TT 425 254.1  31.4 258.5  42.9 9.41E-04 003.3 053.9  48.2 4.546374 2.708161 0.883736 hargrave 2021-09-27 10:08:05 
TT 450 252.0  30.6 255.9  42.2 8.88E-04 001.7 050.9  48.1 2.182728 1.109842 0.992418 hargrave 2021-09-27 19:34:48 
TT 475 253.6  31.9 258.0  43.4 8.36E-04 004.0 053.5  48.8 4.963009 3.117341 0.860250 hargrave 2021-10-14 16:56:22 
TT 500 252.6  31.5 256.8  43.1 7.80E-04 004.7 052.1  48.7 5.202054 3.612812 0.802731 hargrave 2021-10-16 14:50:25 
TT 510 252.5  31.4 256.6  43.0 7.37E-04 003.6 051.9  48.7 3.928731 2.417912 0.717443 hargrave 2021-10-17 18:11:11 
TT 520 251.0  31.1 254.8  42.9 6.75E-04 006.5 050.0  48.9 6.153244 4.497144 0.720905 hargrave 2021-10-18 17:21:09 
TT 530 251.8  30.8 255.7  42.5 5.95E-04 003.2 050.8  48.3 2.766875 1.717158 0.597004 hargrave 2021-10-19 14:10:26 
TT 535 252.4  31.1 256.5  42.8 5.17E-04 004.3 051.7  48.5 3.270047 1.985272 0.480410 hargrave 2021-10-20 13:18:44 
TT 535 252.4  31.2 256.4  42.8 5.16E-04 004.2 051.6  48.5 3.272195 1.908125 0.500396 hargrave 2021-10-20 15:03:07 
TT 540 251.3  30.7 255.1  42.4 4.29E-04 003.3 050.1  48.4 2.154047 1.132020 0.343076 hargrave 2021-10-22 10:21:09 
TT 545 254.2  31.6 258.6  43.0 4.21E-04 003.7 054.0  48.3 2.517396 1.057395 0.387458 hargrave 2021-10-22 19:29:08 
TT 550 252.2  29.9 256.0  41.5 2.87E-04 001.6 050.8  47.4 0.757089 0.153702 0.213311 hargrave 2021-10-24 12:25:47 
TT 555 251.0  30.6 254.7  42.4 2.67E-04 003.9 049.6  48.5 1.604583 0.812330 0.213574 hargrave 2021-10-25 10:31:51 
TT 560 253.8  32.1 258.3  43.6 2.36E-04 003.9 054.0  48.9 1.649702 0.248238 0.161271 hargrave 2021-10-25 19:39:56 
TT 567 255.6  29.0 259.8  40.3 2.50E-04 002.0 054.3  45.5 0.145032 0.949979 0.169030 hargrave 2021-10-26 15:48:12 
TT 575 249.8  29.5 253.3  41.4 2.12E-04 003.5 047.7  47.8 1.316175 0.269034 0.155039 hargrave 2021-10-27 13:40:29 
TT 582 249.0  26.0 251.9  38.0 2.42E-04 003.5 045.1  44.7 1.611898 0.228216 0.169431 hargrave 2021-10-27 19:42:36 
TT 589 246.9  30.2 249.9  42.4 1.91E-04 002.3 044.4  49.3 0.863787 0.519580 0.115738 hargrave 2021-10-28 17:27:53 
TT 600 254.8  28.8 258.8  40.2 2.35E-04 001.4 053.2  45.6 0.585276 0.301070 0.146983 hargrave 2021-11-23 10:24:36 
TT 615 244.1  21.6 245.9  34.0 1.86E-04 004.6 037.4  41.8 0.286695 1.567058 0.125133 hargrave 2021-11-23 17:48:07 
TT 630 260.6  35.0 266.8  45.6 1.71E-04 003.1 063.7  49.2 0.528670 1.151688 0.108056 hargrave 2021-11-24 17:21:10 
TT 645 246.4  26.8 248.9  38.9 5.63E-05 003.7 042.2  46.2 0.200116 0.328414 0.042621 hargrave 2021-11-27 14:51:15 
TT 655 291.3  37.0 301.1  42.1 1.09E-04 004.8 095.3  38.8 0.509351 1.093876 0.079064 hargrave 2021-11-28 15:41:05 
TT 665 168.9  51.0 152.8  55.7 5.51E-05 010.7 280.3  62.6 0.295236 1.050921 0.157819 hargrave 2021-11-29 11:04:14 
TT 675 039.0  56.4 041.5  43.8 5.35E-05 014.7 182.6  32.5 0.196015 1.391283 0.153469 hargrave 2021-11-29 17:42:53 
