CB7- 5a mag compass orientation (IGRF corrected)
      0 305.0  70.0 319.6  12.8   1.0
NRM    273.9  53.1 289.7  61.1 3.21E-03 002.3 141.5  34.4 9.120983 7.930222 5.435594 hargrave 2021-09-04 16:09:57 
NRM    276.0  48.6 289.4  56.4 2.93E-03 001.4 135.8  33.9 2.257176 5.252076 4.529764 hargrave 2021-09-05 16:02:44 
TT 200 266.8  42.3 276.0  51.9 2.51E-03 001.8 129.4  41.3 4.558343 5.906175 3.135674 hargrave 2021-09-06 14:41:20 
TT 300 262.1  38.3 269.3  48.6 2.36E-03 002.5 124.7  45.5 9.153891 4.084335 2.644772 hargrave 2021-09-07 13:18:04 
TT 325 261.3  34.3 267.4  44.8 2.31E-03 002.1 119.2  46.8 7.605696 2.575664 2.148996 hargrave 2021-09-08 10:11:59 
TT 350 260.8  35.6 267.0  46.2 2.28E-03 003.4 121.2  47.1 12.01780 6.132881 1.711409 hargrave 2021-09-08 17:25:43 
TT 375 260.3  33.9 266.1  44.6 2.26E-03 003.8 118.8  47.7 13.78547 5.616511 2.117598 hargrave 2021-09-10 09:44:29 
TT 400 260.3  34.3 266.2  45.0 2.20E-03 004.1 119.4  47.6 14.36102 6.516553 1.823830 hargrave 2021-09-13 09:43:40 
TT 425 259.4  33.6 265.0  44.4 2.12E-03 001.9 118.5  48.5 6.390044 1.989691 2.412283 hargrave 2021-09-27 10:09:47 
TT 450 259.1  32.4 264.5  43.3 2.01E-03 001.2 116.8  48.8 3.752849 0.834330 1.640228 hargrave 2021-09-27 19:36:29 
TT 475 258.1  32.8 263.3  43.8 1.85E-03 002.2 117.5  49.7 6.493396 2.598596 1.553747 hargrave 2021-10-14 16:58:03 
TT 500 258.3  30.5 263.1  41.5 1.65E-03 002.6 114.0  49.7 7.213928 2.048405 1.307361 hargrave 2021-10-16 14:52:06 
TT 510 259.0  32.6 264.4  43.4 1.38E-03 000.7 117.0  48.9 0.615945 0.982283 1.142891 hargrave 2021-10-17 18:12:53 
TT 520 260.5  29.3 265.4  40.1 1.09E-03 003.4 112.0  47.9 6.117159 2.200945 0.969773 hargrave 2021-10-18 17:22:50 
TT 530 261.6  28.9 266.5  39.5 8.02E-04 003.6 111.4  46.9 4.679030 1.846250 0.717546 hargrave 2021-10-19 14:12:07 
TT 535 259.3  25.4 263.3  36.4 5.95E-04 000.6 106.2  49.0 0.553979 0.088629 0.454282 hargrave 2021-10-20 13:20:25 
TT 535 259.2  25.5 263.3  36.4 5.95E-04 000.5 106.2  49.0 0.528814 0.103802 0.468320 hargrave 2021-10-20 15:04:50 
TT 540 261.0  27.9 265.7  38.5 4.20E-04 003.1 109.8  47.5 2.047054 0.993577 0.500631 hargrave 2021-10-22 10:22:50 
TT 545 261.8  32.2 267.5  42.7 4.01E-04 002.8 116.2  46.6 1.473610 1.363483 0.435414 hargrave 2021-10-22 19:30:49 
TT 550 260.4  29.7 265.3  40.5 1.60E-04 000.5 112.6  48.0 0.158888 0.200186 0.289105 hargrave 2021-10-24 12:28:19 
TT 555 248.4  22.9 250.9  34.9 1.44E-04 001.4 101.4  58.8 0.336589 0.072517 0.140251 hargrave 2021-10-25 10:33:32 
TT 560 262.7  32.7 268.6  43.1 1.04E-04 005.1 116.7  45.8 0.370164 1.087597 0.216803 hargrave 2021-10-25 19:41:37 
TT 567 264.5  34.7 271.1  44.7 1.14E-04 002.1 119.3  44.1 0.455684 0.587865 0.167295 hargrave 2021-10-26 15:49:53 
TT 575 247.3  34.0 250.9  46.1 8.59E-05 004.4 122.9  58.2 0.253098 0.704387 0.175647 hargrave 2021-10-27 13:42:58 
TT 582 240.9  21.4 242.3  33.9 9.02E-05 005.5 097.8  65.7 0.165485 1.002125 0.186524 hargrave 2021-10-27 19:44:16 
TT 589 230.0  15.4 230.1  28.2 5.62E-05 006.4 074.8  75.0 0.076115 0.691106 0.174455 hargrave 2021-10-28 17:29:35 
