CB7- 6a mag compass orientation (IGRF corrected)
      0  97.0  79.0 319.6  12.8   1.0
NRM    296.5  50.1 312.3  53.5 2.23E-03 003.4 220.4  20.9 8.116961 9.893293 2.951683 hargrave 2021-09-04 16:11:40 
NRM    287.4  49.0 302.2  54.4 1.99E-03 004.6 222.0  15.1 10.43063 11.87887 2.364235 hargrave 2021-09-05 16:04:28 
TT 200 274.7  36.7 283.2  45.0 1.66E-03 000.7 233.5  04.7 0.583595 0.522194 1.797795 hargrave 2021-09-06 14:43:04 
TT 300 271.2  36.4 279.1  45.4 1.59E-03 006.2 233.2  01.9 13.75044 10.35592 1.742378 hargrave 2021-09-07 13:19:48 
TT 325 271.3  33.3 278.4  42.3 1.56E-03 005.4 236.3  01.4 12.25649 8.272311 1.597232 hargrave 2021-09-08 10:13:43 
TT 350 270.9  34.7 278.3  43.8 1.55E-03 002.6 234.8  01.3 5.400077 3.986839 1.725253 hargrave 2021-09-08 17:27:27 
TT 375 271.8  30.8 278.4  39.8 1.55E-03 002.8 238.8  01.3 6.472345 3.795054 1.591345 hargrave 2021-09-10 09:46:13 
TT 400 272.1  30.5 278.5  39.5 1.49E-03 010.1 239.2  01.4 22.79391 13.72020 1.449275 hargrave 2021-09-13 09:45:06 
TT 400 271.7  31.8 278.4  40.8 1.50E-03 008.3 237.8  01.3 18.47597 11.48930 1.594951 hargrave 2021-09-13 10:30:10 
TT 425 271.4  30.4 277.8  39.5 1.44E-03 008.1 239.2  00.8 17.47677 10.37274 1.567739 hargrave 2021-09-27 10:11:31 
TT 425 270.9  32.0 277.6  41.2 1.44E-03 005.5 237.5  00.7 11.69795 7.496553 1.492271 hargrave 2021-09-27 10:32:58 
TT 450 270.3  34.0 277.5  43.2 1.38E-03 003.8 235.5  00.7 7.280330 5.407342 1.473861 hargrave 2021-09-27 19:38:12 
TT 475 270.2  35.2 277.7  44.3 1.31E-03 003.5 234.3  00.9 6.265105 4.864903 1.426507 hargrave 2021-10-14 16:59:48 
TT 500 271.8  30.2 278.1  39.2 1.22E-03 001.1 239.4  01.1 1.844807 0.933679 1.269640 hargrave 2021-10-16 14:54:40 
TT 510 271.8  30.2 278.1  39.2 1.17E-03 002.4 239.4  01.1 4.002792 2.609024 1.107330 hargrave 2021-10-17 18:14:36 
TT 520 271.9  31.7 278.6  40.7 1.06E-03 002.7 237.9  01.5 3.988419 2.928127 1.102685 hargrave 2021-10-18 17:24:34 
TT 530 271.9  31.3 278.5  40.2 9.55E-04 004.5 238.4  01.4 6.230994 4.049266 0.977775 hargrave 2021-10-19 14:13:52 
TT 535 272.7  30.0 279.0  38.9 8.24E-04 005.6 239.7  01.8 6.735026 4.330559 0.830683 hargrave 2021-10-20 13:22:09 
TT 535 272.7  30.0 279.0  38.8 8.25E-04 005.6 239.8  01.8 6.797395 4.443260 0.820141 hargrave 2021-10-20 15:06:38 
TT 540 271.7  29.9 278.0  38.9 6.89E-04 001.7 239.7  01.0 1.569137 1.029015 0.815114 hargrave 2021-10-22 10:24:34 
TT 545 273.0  28.7 279.1  37.5 6.20E-04 004.5 241.1  01.8 3.984945 2.828954 0.687731 hargrave 2021-10-22 19:32:33 
TT 550 271.2  30.7 277.6  39.8 2.85E-04 004.6 238.8  00.7 1.920253 1.206620 0.352167 hargrave 2021-10-24 12:30:04 
TT 555 274.7  29.2 281.0  37.7 2.44E-04 003.3 240.9  03.3 1.231284 0.616161 0.300342 hargrave 2021-10-25 10:35:16 
TT 560 269.3  26.4 274.5  35.9 1.79E-04 007.4 242.7 -01.9 1.865895 1.453194 0.233064 hargrave 2021-10-25 19:43:21 
TT 567 271.4  40.8 280.9  49.7 1.44E-04 002.8 229.0  03.0 0.232715 0.730997 0.272400 hargrave 2021-10-26 15:51:37 
TT 575 270.7  25.8 275.9  35.1 1.37E-04 005.3 243.5 -00.8 0.984951 0.844740 0.184705 hargrave 2021-10-27 13:44:42 
TT 582 277.3  18.6 281.4  26.9 1.21E-04 007.8 251.8  03.8 1.306597 1.223403 0.198201 hargrave 2021-10-27 19:46:00 
TT 589 269.6  27.4 275.1  36.9 1.36E-04 005.8 241.7 -01.4 0.974448 1.091166 0.246205 hargrave 2021-10-28 17:31:20 
TT 600 277.1  32.0 284.4  40.1 9.79E-05 007.1 238.5  05.9 1.021109 0.679640 0.110464 hargrave 2021-11-23 10:26:13 
TT 615 264.1  37.7 271.4  47.8 1.17E-04 008.9 230.6 -03.3 1.049413 1.585684 0.145143 hargrave 2021-11-23 17:49:44 
TT 630 277.8  39.4 287.5  47.2 8.65E-05 009.3 231.2  07.6 0.704222 1.339832 0.162326 hargrave 2021-11-24 17:22:47 
TT 645 266.2  23.6 270.6  33.6 5.58E-05 008.8 244.7 -05.3 0.881391 0.136536 0.116874 hargrave 2021-11-27 14:52:52 
TT 655 243.8  71.8 271.7  83.5 6.79E-05 009.3 195.1  00.8 0.201385 1.104923 0.072748 hargrave 2021-11-28 15:42:31 
TT 665 277.0  21.0 281.6  29.3 8.23E-05 004.9 249.3  03.9 0.442408 0.748159 0.167372 hargrave 2021-11-29 11:05:42 
TT 675 270.5  58.7 290.0  67.0 6.08E-05 008.6 211.2  06.1 0.374469 0.862283 0.070626 hargrave 2021-11-29 17:44:20 
