CB7- 8a mag compass orientation (IGRF corrected)
      0  24.0  92.0 319.6  12.8   1.0
NRM    263.1  81.4 009.1  82.7 4.90E-03 004.8 184.4  05.4 2.108563 39.55851 11.64253 hargrave 2021-09-04 16:15:16 
NRM    267.7  80.8 003.5  82.1 4.57E-03 004.6 184.1  06.3 1.111994 34.79717 11.07418 hargrave 2021-09-05 16:08:04 
TT 200 256.3  71.6 294.8  81.0 3.69E-03 002.2 191.4  12.5 0.594599 11.35516 8.347046 hargrave 2021-09-06 14:47:31 
TT 300 258.6  62.8 278.5  72.9 3.14E-03 005.0 196.4  20.0 5.240750 25.85097 6.643800 hargrave 2021-09-07 13:23:24 
TT 325 261.2  58.4 277.7  68.3 2.92E-03 002.3 198.1  24.3 0.856741 10.08638 6.122031 hargrave 2021-09-08 10:17:18 
TT 350 261.0  55.7 275.3  65.8 2.79E-03 002.2 200.1  26.4 0.842732 9.399559 5.468024 hargrave 2021-09-08 17:31:03 
TT 375 263.1  54.7 277.4  64.5 2.68E-03 005.2 199.6  27.8 5.755303 23.27400 5.374925 hargrave 2021-09-10 09:49:51 
TT 400 261.2  52.2 273.5  62.4 2.53E-03 007.6 202.4  29.2 10.63769 31.64472 4.731343 hargrave 2021-09-13 09:48:07 
TT 425 261.7  51.3 273.7  61.5 2.37E-03 002.4 202.7  30.0 2.029269 8.474263 4.613415 hargrave 2021-09-27 10:15:08 
TT 450 265.7  51.8 279.0  61.3 2.23E-03 002.8 200.0  31.1 1.746907 9.900718 3.821523 hargrave 2021-09-27 19:41:47 
TT 475 263.4  48.5 274.5  58.5 2.11E-03 002.1 203.6  32.9 1.366296 6.666353 3.434084 hargrave 2021-10-14 17:03:24 
TT 500 264.0  46.4 274.2  56.3 1.99E-03 004.9 204.9  34.8 6.134392 15.73157 3.242833 hargrave 2021-10-16 14:58:17 
TT 510 263.1  45.1 272.7  55.2 1.92E-03 001.7 206.4  35.5 0.426504 4.821152 2.953915 hargrave 2021-10-17 18:18:12 
TT 520 266.0  44.5 275.9  54.1 1.75E-03 004.6 204.9  37.2 4.503982 13.11577 2.736912 hargrave 2021-10-18 17:28:11 
TT 530 261.1  40.6 268.7  51.0 1.47E-03 004.2 211.6  37.9 4.404941 9.582609 2.197608 hargrave 2021-10-19 14:17:28 
TT 535 266.4  41.7 275.4  51.4 1.14E-03 005.6 206.7  39.7 3.785971 10.48786 1.918757 hargrave 2021-10-20 13:25:45 
TT 535 266.9  42.0 276.1  51.6 1.14E-03 005.1 206.0  39.6 3.167872 9.584500 1.940703 hargrave 2021-10-20 15:10:18 
TT 540 263.4  40.3 271.4  50.5 7.71E-04 006.0 210.1  39.3 3.607981 7.191668 1.372694 hargrave 2021-10-22 10:28:12 
TT 545 266.5  41.6 275.4  51.3 4.55E-04 003.5 206.7  39.8 0.523198 2.612557 0.749909 hargrave 2021-10-22 19:36:10 
TT 550 266.0  45.7 276.4  55.4 1.96E-04 003.9 204.0  36.2 0.526089 1.202112 0.368746 hargrave 2021-10-24 12:33:41 
TT 555 263.6  37.8 270.9  48.0 1.73E-04 003.9 212.2  41.3 0.783285 0.895102 0.295577 hargrave 2021-10-25 10:38:53 
TT 560 252.7  51.6 262.1  63.0 1.09E-04 012.4 207.1  26.1 0.706621 2.293702 0.258806 hargrave 2021-10-25 19:46:59 
TT 567 275.5  39.4 285.0  47.6 1.11E-04 009.3 200.3  45.2 0.274708 1.807336 0.206759 hargrave 2021-10-26 15:55:13 
TT 575 261.3  45.8 270.7  56.2 8.46E-05 013.5 207.1  34.1 0.555342 1.955301 0.258146 hargrave 2021-10-27 13:48:19 
TT 582 276.5  15.6 280.0  24.0 7.82E-05 012.2 224.0  65.3 0.227198 1.676262 0.256089 hargrave 2021-10-27 19:49:35 
TT 589 251.5  28.8 255.1  40.5 7.80E-05 012.1 229.6  39.0 0.470674 1.651284 0.342395 hargrave 2021-10-28 17:34:57 
