CB7- 1a mag compass orientation (IGRF corrected)
      0 294.0  21.0 319.6  12.8   1.0
NRM    278.5  50.2 293.1  57.3 1.74E-03 002.1 100.6  51.1 6.163268 0.826849 1.029197 hargrave 2021-09-04 16:00:30 
NRM    281.0  46.8 294.1  53.7 1.65E-03 002.6 100.0  47.4 7.345328 1.034200 0.913861 hargrave 2021-09-05 15:53:15 
TT 200 271.3  38.1 279.8  47.1 1.49E-03 003.2 085.1  43.3 8.229953 0.531555 0.852252 hargrave 2021-09-06 14:32:38 
TT 300 266.2  33.5 272.8  43.4 1.44E-03 001.6 077.4  40.9 3.839870 0.509369 0.955841 hargrave 2021-09-07 13:09:23 
TT 325 268.1  33.0 274.7  42.6 1.41E-03 002.4 079.0  39.8 5.651286 1.015916 1.099547 hargrave 2021-09-08 10:02:28 
TT 350 268.0  32.5 274.6  42.1 1.38E-03 002.5 078.7  39.3 5.899356 0.839794 0.928535 hargrave 2021-09-08 17:15:23 
TT 375 265.3  31.0 271.1  41.0 1.36E-03 005.0 075.1  38.9 11.61502 2.805202 1.006731 hargrave 2021-09-10 09:33:12 
TT 400 264.9  30.2 270.5  40.3 1.33E-03 001.2 074.3  38.3 2.573234 0.461215 1.049748 hargrave 2021-09-13 09:34:47 
TT 425 267.6  31.4 273.8  41.0 1.29E-03 003.8 077.6  38.5 8.474361 1.666371 0.874430 hargrave 2021-09-27 10:01:05 
TT 450 264.7  30.0 270.2  40.1 1.24E-03 002.0 074.0  38.2 4.123531 0.807045 0.979460 hargrave 2021-09-27 19:27:50 
TT 475 264.6  30.2 270.2  40.3 1.18E-03 003.0 074.0  38.4 6.056562 1.333220 0.899109 hargrave 2021-10-14 16:47:43 
TT 500 266.5  30.8 272.5  40.6 1.08E-03 005.5 076.3  38.3 10.08153 2.309756 0.783128 hargrave 2021-10-16 14:42:37 
TT 510 266.3  30.8 272.2  40.7 1.03E-03 002.5 076.0  38.4 4.460732 0.761040 0.768559 hargrave 2021-10-17 18:04:09 
TT 520 265.3  30.1 271.0  40.2 9.35E-04 003.3 074.7  38.1 5.225847 0.976614 0.689853 hargrave 2021-10-18 17:14:08 
TT 530 265.5  30.3 271.2  40.3 8.02E-04 002.4 075.0  38.2 3.298944 0.483016 0.591099 hargrave 2021-10-19 14:02:36 
TT 535 265.3  30.0 270.9  40.0 7.17E-04 005.6 074.6  38.0 6.843579 1.384380 0.522023 hargrave 2021-10-20 13:11:45 
TT 535 265.5  30.1 271.2  40.1 7.16E-04 005.9 074.9  38.0 7.198846 1.411488 0.519873 hargrave 2021-10-20 14:55:58 
TT 540 266.5  30.7 272.5  40.6 5.88E-04 002.8 076.2  38.3 2.813810 0.408686 0.390829 hargrave 2021-10-22 10:14:09 
TT 545 267.4  30.1 273.3  39.8 5.14E-04 002.7 076.8  37.4 2.396990 0.074722 0.357884 hargrave 2021-10-22 19:22:08 
TT 550 266.6  30.9 272.6  40.7 4.30E-04 002.9 076.4  38.4 2.119782 0.210822 0.307826 hargrave 2021-10-24 12:18:43 
TT 555 264.7  31.3 270.5  41.4 3.77E-04 003.3 074.6  39.4 2.133526 0.357209 0.285472 hargrave 2021-10-25 10:24:50 
TT 560 267.6  31.8 273.9  41.4 3.44E-04 002.5 077.9  38.8 1.515688 0.286467 0.224321 hargrave 2021-10-25 19:32:54 
TT 567 269.5  30.0 275.6  39.4 3.56E-04 001.6 078.8  36.6 0.685535 0.834721 0.239829 hargrave 2021-10-26 15:40:21 
TT 575 266.6  31.8 272.7  41.7 3.04E-04 005.2 076.8  39.2 2.797503 0.098143 0.203115 hargrave 2021-10-27 13:32:41 
TT 582 259.9  29.1 264.7  39.9 3.11E-04 005.5 068.7  39.0 3.069760 0.258970 0.221348 hargrave 2021-10-27 19:35:38 
TT 589 264.7  32.7 270.9  42.8 2.73E-04 004.6 075.4  40.7 2.270486 0.372478 0.153878 hargrave 2021-10-28 17:20:52 
TT 600 265.0  27.7 270.1  37.8 3.15E-04 003.6 073.2  36.0 2.042817 0.130300 0.209383 hargrave 2021-11-23 10:19:29 
TT 615 271.1  34.1 278.3  43.2 2.22E-04 004.1 082.5  39.7 1.614391 0.759507 0.183307 hargrave 2021-11-23 17:43:02 
TT 630 265.9  27.0 270.9  37.0 2.52E-04 003.5 073.7  35.1 1.682623 0.517972 0.182723 hargrave 2021-11-24 17:16:02 
TT 645 254.6  35.4 259.8  46.8 1.11E-04 000.6 066.4  46.6 0.136561 0.199875 0.187043 hargrave 2021-11-27 14:46:09 
TT 655 279.4  24.2 284.8  32.0 1.91E-04 002.9 085.6  27.7 0.964325 0.585616 0.135446 hargrave 2021-11-28 15:35:48 
TT 665 267.1  62.4 289.7  71.0 9.66E-05 003.7 106.4  64.5 0.240215 0.698082 0.223908 hargrave 2021-11-29 10:58:56 
TT 675 328.4  53.8 344.2  50.1 6.77E-05 005.1 140.9  39.4 0.203516 0.799498 0.157943 hargrave 2021-11-29 17:38:24 
