CB8- 8a mag compass orientation (IGRF corrected)
      0 329.0  18.0 274.8  10.4   1.0
NRM    278.5  60.7 295.9  58.5 1.42E-05 002.5 074.0  71.1 0.051329 0.040070 0.014629 hargrave 2021-10-29 10:53:19 
TT 100 263.8  47.5 275.3  48.4 1.14E-05 002.5 038.5  62.9 0.043865 0.025535 0.016222 hargrave 2021-10-29 18:24:31 
TT 200 263.1  42.8 273.0  44.1 1.13E-05 002.6 035.1  58.6 0.044053 0.029586 0.016100 hargrave 2021-10-30 15:10:58 
TT 300 253.9  32.4 260.6  35.5 1.03E-05 002.6 019.5  49.6 0.036394 0.034933 0.014523 hargrave 2021-11-01 09:15:46 
TT 325 255.1  32.2 261.8  35.1 9.90E-06 002.6 021.2  49.3 0.040807 0.028796 0.014883 hargrave 2021-11-01 14:58:02 
TT 350 255.4  31.6 261.9  34.5 9.78E-06 003.0 021.3  48.7 0.038987 0.039184 0.014835 hargrave 2021-11-02 10:45:51 
TT 375 255.8  32.9 262.7  35.7 9.68E-06 002.5 022.2  49.9 0.037001 0.029149 0.014301 hargrave 2021-11-02 16:10:39 
TT 400 257.1  35.1 264.5  37.6 9.52E-06 002.9 024.3  51.9 0.037631 0.034681 0.016527 hargrave 2021-11-03 11:22:51 
TT 420 256.2  29.1 262.1  31.9 8.83E-06 002.7 021.8  46.1 0.037512 0.029089 0.016080 hargrave 2021-11-04 12:34:15 
TT 440 255.7  29.2 261.6  32.1 8.52E-06 002.5 021.2  46.2 0.035325 0.020989 0.015527 hargrave 2021-11-05 08:15:09 
TT 460 256.8  29.2 262.7  31.9 7.54E-06 002.7 022.6  46.1 0.032012 0.020150 0.016756 hargrave 2021-11-05 19:19:48 
TT 480 254.0  28.6 259.8  31.8 6.52E-06 003.2 019.0  45.9 0.033149 0.022932 0.015147 hargrave 2021-11-06 14:44:02 
TT 500 257.6  30.7 263.9  33.3 5.24E-06 003.9 023.9  47.6 0.031421 0.019358 0.018817 hargrave 2021-11-07 12:49:14 
TT 520 250.6  29.4 256.6  33.2 3.76E-06 002.1 014.9  47.0 0.005797 0.007117 0.018467 hargrave 2021-11-08 10:39:10 
TT 530 248.7  32.6 255.3  36.6 3.00E-06 001.4 012.8  50.2 0.004366 0.005573 0.003684 hargrave 2021-11-09 10:56:30 
TT 540 244.7  33.6 251.5  38.3 2.57E-06 002.5 007.6  51.5 0.003417 0.010639 0.002800 hargrave 2021-11-09 20:05:53 
TT 550 239.2  41.3 247.8  46.8 1.58E-06 001.3 000.2  59.3 0.001256 0.003432 0.001403 hargrave 2021-11-10 14:02:37 
TT 555 234.9  40.9 243.1  47.0 1.44E-06 001.9 354.0  58.8 0.001920 0.004629 0.001979 hargrave 2021-11-11 08:49:22 
TT 560 236.1  38.9 243.8  44.9 1.22E-06 001.2 355.8  56.9 0.001599 0.002238 0.001583 hargrave 2021-11-12 08:51:52 
TT 565 193.2  47.2 195.4  57.5 5.23E-07 002.0 294.7  57.6 0.001038 0.001903 0.000447 hargrave 2021-11-12 16:39:16 
TT 570 184.0  61.3 183.6  71.7 4.80E-07 003.3 268.7  66.8 0.002460 0.001982 0.002133 hargrave 2021-11-13 13:14:39 
TT 576 152.7  40.3 146.8  48.9 3.80E-07 006.1 258.6  39.1 0.003647 0.001587 0.001081 hargrave 2021-11-14 14:27:37 
TT 581 193.4  33.9 194.8  44.1 2.20E-07 005.9 302.7  45.2 0.001492 0.002094 0.000565 hargrave 2021-11-16 09:31:38 
TT 586 054.4  69.5 038.9  61.7 1.72E-07 006.2 177.4  51.6 0.001578 0.001535 0.000649 hargrave 2021-11-17 09:41:33 
TT 589 116.1  25.5 111.0  28.9 3.62E-07 007.4 231.7  15.0 0.002872 0.004235 0.000564 hargrave 2021-11-17 16:19:38 
TT 600 091.3  08.8 089.7  08.0 3.30E-07 007.3 212.1 -06.5 0.002147 0.003752 0.000979 hargrave 2021-11-18 15:58:56 
