CB8- 3a mag compass orientation (IGRF corrected)
      0  52.0  83.0 274.8  10.4   1.0
NRM    305.9  59.7 318.5  53.4 5.37E-05 045.2 189.9  35.9 4.578978 0.806001 3.364156 hargrave 2021-10-29 10:46:14 
NRM    302.2  60.2 315.6  54.3 1.07E-04 002.1 191.8  34.8 0.054057 0.327085 0.232701 hargrave 2021-10-29 12:29:29 
TT 100 304.3  59.1 316.9  53.0 4.98E-05 066.1 191.2  36.2 4.220027 0.833076 3.146718 hargrave 2021-10-29 18:17:21 
TT 100 299.8  59.1 313.2  53.6 9.98E-05 005.4 193.7  35.2 0.180531 0.909535 0.211201 hargrave 2021-10-30 10:26:56 
TT 200 292.6  56.0 305.6  51.7 8.70E-05 004.3 199.8  35.8 0.109567 0.609145 0.206237 hargrave 2021-10-30 15:03:48 
TT 300 289.7  51.9 301.3  48.2 3.82E-05 080.7 204.7  37.9 2.933771 1.351164 2.510030 hargrave 2021-11-01 09:09:53 
TT 300 287.5  51.5 299.2  48.2 7.66E-05 003.8 206.3  37.2 0.134854 0.471185 0.143029 hargrave 2021-11-01 10:34:24 
TT 325 284.8  49.2 295.9  46.4 7.25E-05 002.7 209.8  37.5 0.097613 0.307838 0.120750 hargrave 2021-11-01 14:52:12 
TT 350 283.3  47.6 293.9  45.1 3.54E-05 042.1 212.3  37.8 2.531478 1.600697 2.320146 hargrave 2021-11-02 10:39:55 
TT 350 280.5  46.3 290.9  44.3 7.07E-05 004.1 215.0  37.0 0.260719 0.432258 0.107397 hargrave 2021-11-02 11:55:08 
TT 375 286.2  51.1 297.9  48.0 6.85E-05 001.6 207.3  36.9 0.059165 0.131387 0.144938 hargrave 2021-11-02 16:04:48 
TT 400 279.5  41.7 288.5  40.0 3.35E-05 074.1 220.3  38.9 2.127497 1.806737 2.250042 hargrave 2021-11-03 11:17:03 
TT 400 280.5  45.3 290.5  43.4 3.37E-05 062.4 216.0  37.5 2.309522 1.678125 2.194703 hargrave 2021-11-03 12:45:57 
TT 400 276.4  41.2 285.4  40.1 6.69E-05 004.3 222.3  37.1 0.321794 0.376106 0.150146 hargrave 2021-11-03 18:52:15 
TT 420 278.4  46.0 288.8  44.4 6.58E-05 001.5 216.2  35.9 0.106089 0.138610 0.099533 hargrave 2021-11-04 12:28:31 
TT 440 278.3  46.8 289.0  45.2 6.55E-05 002.1 215.5  35.5 0.325228 0.126690 0.107754 hargrave 2021-11-05 08:09:20 
TT 460 276.2  43.1 285.7  41.9 6.13E-05 001.2 220.4  36.1 0.083207 0.060044 0.111928 hargrave 2021-11-05 19:14:10 
TT 480 277.3  44.4 287.2  43.1 5.64E-05 002.4 218.4  36.1 0.145389 0.164341 0.107297 hargrave 2021-11-06 14:38:18 
TT 500 281.5  47.3 292.2  45.1 2.40E-05 063.9 213.5  37.0 1.710782 1.130492 1.546287 hargrave 2021-11-07 12:43:28 
TT 500 279.0  44.8 289.0  43.1 4.72E-05 006.8 217.3  37.0 0.301076 0.471495 0.068699 hargrave 2021-11-07 14:44:34 
TT 520 287.5  51.9 299.4  48.6 3.51E-05 001.8 205.9  36.9 0.044299 0.075297 0.073100 hargrave 2021-11-08 10:32:01 
TT 530 290.6  53.8 302.9  49.9 2.77E-05 002.6 202.6  36.8 0.052425 0.110189 0.054367 hargrave 2021-11-09 10:49:24 
TT 540 293.7  56.0 306.6  51.5 2.64E-05 001.8 199.2  36.2 0.032141 0.065254 0.051188 hargrave 2021-11-09 19:58:48 
TT 550 301.3  57.8 313.8  52.2 2.23E-05 005.5 193.6  36.7 0.049470 0.207033 0.047846 hargrave 2021-11-10 13:55:30 
TT 555 302.3  59.4 315.4  53.5 2.11E-05 003.5 192.2  35.5 0.044041 0.121463 0.043821 hargrave 2021-11-11 08:42:16 
TT 560 303.8  60.5 317.1  54.4 1.79E-05 001.7 190.8  34.8 0.030289 0.038596 0.040556 hargrave 2021-11-12 08:44:45 
TT 565 314.2  62.9 326.5  55.4 1.58E-05 005.1 184.3  33.8 0.032602 0.134416 0.043689 hargrave 2021-11-12 16:31:56 
TT 570 312.0  62.3 324.4  55.1 1.50E-05 002.3 185.6  34.2 0.031613 0.052544 0.036697 hargrave 2021-11-13 13:07:29 
TT 576 305.1  62.4 319.1  56.0 1.41E-05 003.9 189.2  33.3 0.026917 0.089459 0.036999 hargrave 2021-11-14 14:20:31 
TT 581 324.8  62.0 334.3  53.4 6.81E-06 062.6 178.4  35.0 0.596607 0.023174 0.418061 hargrave 2021-11-16 09:24:27 
TT 581 315.8  62.2 327.4  54.6 1.35E-05 001.4 183.5  34.6 0.023746 0.027589 0.014309 hargrave 2021-11-16 11:39:20 
TT 586 322.5  63.1 333.0  54.8 6.83E-06 055.2 179.7  33.8 0.606418 0.017232 0.406904 hargrave 2021-11-17 09:34:20 
TT 586 314.9  63.3 327.1  55.7 6.79E-06 063.3 183.8  33.5 0.603941 0.042713 0.400690 hargrave 2021-11-17 11:14:08 
TT 589 311.6  63.1 324.5  55.9 1.30E-05 006.5 185.6  33.4 0.023661 0.143660 0.037967 hargrave 2021-11-17 16:12:29 
TT 600 316.1  62.7 327.9  55.0 1.23E-05 002.0 183.3  34.1 0.021288 0.032740 0.033448 hargrave 2021-11-18 15:51:47 
TT 610 311.1  67.5 326.4  60.2 1.13E-05 002.1 184.8  29.0 0.021398 0.030442 0.032149 hargrave 2021-11-22 16:12:19 
TT 625 283.5  59.0 299.2  56.0 9.01E-06 004.5 201.8  30.3 0.030369 0.065562 0.012678 hargrave 2021-11-23 13:00:38 
TT 640 298.3  61.2 313.0  55.9 3.33E-06 038.6 193.3  33.0 0.290811 0.068807 0.193406 hargrave 2021-11-24 09:28:00 
TT 640 286.5  57.6 301.1  54.1 6.51E-06 006.9 201.7  32.4 0.029956 0.072696 0.008399 hargrave 2021-11-24 11:21:03 
TT 655 270.1  16.6 273.2  17.1 2.31E-06 007.5 254.4  38.4 0.023803 0.005566 0.023987 hargrave 2021-11-25 14:26:23 
TT 655 261.5  34.9 268.9  36.6 4.12E-06 001.4 234.0  28.0 0.011953 0.001307 0.003078 hargrave 2021-11-25 16:22:17 
TT 660 266.4  50.8 279.3  51.1 3.82E-06 004.9 215.7  26.7 0.021966 0.024535 0.006539 hargrave 2021-11-27 17:35:59 
TT 665 054.3  21.8 051.7  14.9 1.21E-06 002.2 111.9  00.5 0.003286 0.005943 0.002557 hargrave 2021-11-28 17:44:37 
