CB8- 5a mag compass orientation (IGRF corrected)
      0 254.0  29.0 274.8  10.4   1.0
NRM    290.8  55.5 303.9  51.4 1.43E-04 002.9 146.9  33.8 0.422120 0.553098 0.200141 hargrave 2021-10-29 10:49:04 
TT 100 283.6  52.2 296.0  49.5 1.29E-04 002.8 140.5  32.9 0.426234 0.438840 0.177495 hargrave 2021-10-29 18:20:16 
TT 200 282.0  49.9 293.6  47.5 1.18E-04 002.2 138.1  31.5 0.316426 0.303672 0.152995 hargrave 2021-10-30 15:06:36 
TT 300 272.6  41.7 281.8  41.2 1.06E-04 001.2 126.9  27.8 0.187316 0.143313 0.100703 hargrave 2021-11-01 09:12:13 
TT 325 272.2  42.0 281.5  41.6 9.93E-05 002.3 126.8  28.2 0.354901 0.170579 0.115006 hargrave 2021-11-01 14:54:35 
TT 350 269.0  40.7 278.1  40.9 9.47E-05 003.8 123.7  28.4 0.570527 0.296354 0.110851 hargrave 2021-11-02 10:42:19 
TT 375 268.5  40.7 277.6  41.0 9.11E-05 003.9 123.3  28.5 0.548684 0.289162 0.103388 hargrave 2021-11-02 16:07:08 
TT 400 276.8  44.3 286.7  43.0 9.08E-05 001.6 131.4  28.5 0.176991 0.095269 0.168490 hargrave 2021-11-03 11:19:23 
TT 420 269.1  40.6 278.1  40.8 9.01E-05 002.4 123.7  28.2 0.349013 0.163919 0.125343 hargrave 2021-11-04 12:30:48 
TT 440 270.2  40.9 279.3  40.9 9.07E-05 001.2 124.7  28.1 0.182685 0.129405 0.115828 hargrave 2021-11-05 08:11:39 
TT 460 272.0  41.7 281.2  41.4 8.94E-05 003.2 126.4  28.0 0.421991 0.279106 0.129950 hargrave 2021-11-05 19:16:26 
TT 480 269.6  41.0 278.7  41.1 8.60E-05 001.8 124.3  28.4 0.251277 0.067328 0.127701 hargrave 2021-11-06 14:40:37 
TT 500 269.7  41.4 278.9  41.5 8.02E-05 003.2 124.6  28.7 0.402443 0.169270 0.117568 hargrave 2021-11-07 12:45:44 
TT 520 269.3  43.4 279.2  43.5 6.66E-05 001.1 125.5  30.6 0.103404 0.044263 0.090094 hargrave 2021-11-08 10:34:52 
TT 530 268.9  43.9 279.0  44.1 5.82E-05 002.8 125.6  31.1 0.236917 0.162564 0.083687 hargrave 2021-11-09 10:52:15 
TT 540 271.3  45.6 281.8  45.3 5.49E-05 002.7 128.3  31.6 0.214958 0.128339 0.081853 hargrave 2021-11-09 20:01:38 
TT 550 270.7  46.1 281.5  45.8 4.97E-05 002.0 128.2  32.2 0.131376 0.103378 0.073225 hargrave 2021-11-10 13:58:22 
TT 555 274.4  47.1 285.5  46.2 4.75E-05 007.4 131.4  31.7 0.612906 0.275745 0.070921 hargrave 2021-11-11 08:45:07 
TT 560 274.5  48.4 286.0  47.4 4.16E-05 003.7 132.3  32.7 0.209069 0.168146 0.068259 hargrave 2021-11-12 08:47:36 
TT 565 278.3  50.3 290.3  48.6 3.59E-05 002.7 136.0  33.1 0.118370 0.121113 0.052441 hargrave 2021-11-12 16:34:51 
TT 570 283.3  54.6 296.8  51.8 3.07E-05 003.1 141.9  35.1 0.112026 0.114505 0.056846 hargrave 2021-11-13 13:10:21 
TT 576 287.4  57.1 301.7  53.6 2.37E-05 002.3 145.9  36.1 0.062596 0.061986 0.051093 hargrave 2021-11-14 14:23:22 
TT 581 298.7  64.1 314.9  58.5 1.72E-05 001.7 156.2  39.6 0.032809 0.037559 0.027927 hargrave 2021-11-16 09:27:19 
TT 586 302.7  61.7 316.8  55.7 1.76E-05 001.5 157.0  36.7 0.031089 0.031437 0.028306 hargrave 2021-11-17 09:37:12 
TT 589 314.0  63.2 326.4  55.8 1.62E-05 002.5 163.8  36.3 0.034790 0.061036 0.025623 hargrave 2021-11-17 16:15:21 
TT 600 307.3  65.0 322.1  58.3 1.42E-05 003.8 161.0  38.9 0.040729 0.085159 0.022400 hargrave 2021-11-18 15:54:39 
TT 610 315.2  60.4 326.3  52.9 1.43E-05 001.5 163.5  33.4 0.025979 0.034749 0.010705 hargrave 2021-11-22 16:15:10 
TT 625 325.2  66.3 336.2  57.7 1.14E-05 001.5 170.5  38.1 0.019506 0.026314 0.007908 hargrave 2021-11-23 13:03:29 
TT 640 310.4  59.0 321.8  52.1 1.06E-05 004.4 160.2  32.8 0.022868 0.080014 0.008250 hargrave 2021-11-24 09:30:52 
TT 655 213.6  44.7 220.0  53.5 3.82E-06 003.6 083.5  56.9 0.022514 0.009396 0.003031 hargrave 2021-11-25 14:29:16 
TT 655 294.5  58.2 308.3  53.5 6.26E-06 001.0 150.6  35.3 0.006194 0.013745 0.004917 hargrave 2021-11-25 16:25:08 
TT 660 301.8  54.4 312.9  48.8 6.04E-06 002.7 153.1  30.2 0.011902 0.027202 0.004635 hargrave 2021-11-27 17:38:50 
TT 665 298.8  40.1 305.9  35.2 3.50E-06 005.9 145.3  17.6 0.018343 0.032320 0.002977 hargrave 2021-11-28 17:47:27 
