CB9- 9a mag compass orientation (IGRF corrected)
      0   1.0  51.0 274.8  10.4   1.0
NRM    298.6  53.2 309.7  48.0 4.50E-04 002.1 136.0  66.4 1.533142 0.125907 0.550292 hargrave 2021-10-29 11:07:08 
TT 100 294.6  52.4 305.9  47.9 4.31E-04 003.2 137.2  68.9 2.183886 0.852295 0.481171 hargrave 2021-10-29 18:38:19 
TT 200 288.5  47.9 298.8  44.5 3.97E-04 002.9 130.9  74.5 1.531332 1.248764 0.116845 hargrave 2021-10-30 15:24:39 
TT 300 286.3  46.4 296.3  43.4 3.17E-04 002.5 128.3  76.6 1.369473 0.196663 0.187913 hargrave 2021-11-01 09:27:59 
TT 325 285.4  46.8 295.6  43.9 2.97E-04 002.3 131.1  76.9 1.142292 0.265753 0.178087 hargrave 2021-11-01 15:09:26 
TT 350 285.3  46.4 295.3  43.6 2.91E-04 002.4 130.0  77.2 1.183973 0.191031 0.173978 hargrave 2021-11-02 10:58:53 
TT 375 284.1  45.4 293.9  42.8 2.89E-04 002.3 127.7  78.4 1.143246 0.239414 0.134918 hargrave 2021-11-02 16:22:29 
TT 400 283.1  45.7 293.1  43.3 2.90E-04 002.4 130.7  78.8 1.163006 0.323288 0.129561 hargrave 2021-11-03 11:34:39 
TT 420 282.3  43.7 291.7  41.5 2.91E-04 001.7 123.0  80.3 0.813428 0.227719 0.078179 hargrave 2021-11-04 12:46:21 
TT 440 282.3  43.9 291.7  41.6 2.91E-04 002.0 123.5  80.3 1.005010 0.240211 0.102040 hargrave 2021-11-05 08:26:42 
TT 460 282.2  44.0 291.7  41.8 2.88E-04 001.4 124.5  80.3 0.670321 0.097703 0.082704 hargrave 2021-11-05 19:31:45 
TT 480 281.3  43.6 290.7  41.6 2.80E-04 001.8 124.2  81.0 0.765170 0.440400 0.044431 hargrave 2021-11-06 14:55:31 
TT 500 281.7  43.2 290.9  41.1 2.70E-04 001.8 121.1  80.9 0.820220 0.250755 0.056130 hargrave 2021-11-07 13:02:09 
TT 520 281.2  43.5 290.6  41.5 2.45E-04 001.7 123.7  81.1 0.529546 0.486387 0.033059 hargrave 2021-11-08 10:53:02 
TT 530 282.5  44.3 292.0  42.1 2.21E-04 001.9 125.5  79.9 0.693485 0.172735 0.076918 hargrave 2021-11-09 11:10:19 
TT 540 282.0  44.4 291.7  42.3 1.96E-04 001.8 127.1  80.2 0.559055 0.261705 0.053628 hargrave 2021-11-09 20:19:41 
TT 550 282.0  45.0 291.9  42.8 1.71E-04 001.9 129.8  79.9 0.568342 0.069886 0.078321 hargrave 2021-11-10 14:16:33 
TT 555 281.3  44.3 290.9  42.3 1.62E-04 001.1 128.1  80.7 0.102694 0.294827 0.020504 hargrave 2021-11-11 09:03:11 
TT 560 282.1  45.0 291.9  42.8 1.55E-04 002.1 129.6  79.8 0.531826 0.217109 0.064618 hargrave 2021-11-12 09:05:41 
TT 565 282.8  44.5 292.4  42.2 1.40E-04 001.9 125.7  79.7 0.468378 0.015294 0.072619 hargrave 2021-11-12 16:53:23 
TT 570 282.8  45.0 292.6  42.7 1.36E-04 002.1 128.2  79.4 0.492400 0.116777 0.062815 hargrave 2021-11-13 13:29:20 
TT 576 281.9  44.8 291.7  42.6 1.31E-04 001.3 129.0  80.0 0.264117 0.105114 0.047283 hargrave 2021-11-14 14:41:27 
TT 581 282.1  45.2 292.0  42.9 1.20E-04 001.4 130.3  79.7 0.285654 0.065925 0.035132 hargrave 2021-11-16 09:46:22 
TT 586 282.7  45.2 292.6  42.9 1.13E-04 002.1 129.2  79.3 0.393178 0.127933 0.052921 hargrave 2021-11-17 09:56:30 
TT 589 283.9  45.4 293.7  42.9 1.08E-04 001.4 128.2  78.5 0.237826 0.103911 0.039149 hargrave 2021-11-17 16:33:35 
TT 600 283.6  46.3 293.7  43.8 9.55E-05 001.9 132.4  78.3 0.282864 0.148616 0.042564 hargrave 2021-11-18 16:12:52 
TT 610 282.3  46.5 292.6  44.2 9.04E-05 002.2 135.6  78.9 0.288637 0.177359 0.047355 hargrave 2021-11-22 16:31:19 
TT 625 282.0  46.3 292.3  44.1 7.75E-05 002.0 135.8  79.1 0.242718 0.109218 0.042676 hargrave 2021-11-23 13:20:15 
TT 640 281.3  47.5 292.0  45.3 5.42E-05 002.2 142.0  78.7 0.174801 0.102748 0.038166 hargrave 2021-11-24 09:47:36 
TT 655 277.7  44.8 287.7  43.4 3.95E-05 001.8 141.9  82.3 0.103203 0.072075 0.030914 hargrave 2021-11-25 14:46:05 
TT 660 277.7  44.2 287.5  42.8 2.97E-05 001.9 138.4  82.8 0.081312 0.056289 0.028713 hargrave 2021-11-27 17:54:44 
TT 665 266.6  43.3 276.5  43.9 1.89E-05 001.4 216.2  84.6 0.009784 0.042127 0.026591 hargrave 2021-11-28 18:04:11 
TT 667 275.9  40.0 284.5  39.0 1.35E-05 001.5 106.7  86.1 0.030145 0.019170 0.024989 hargrave 2021-11-29 13:51:04 
TT 670 251.7  46.6 262.8  49.7 7.91E-06 002.9 235.5  74.0 0.031321 0.023994 0.007147 hargrave 2021-11-30 10:24:36 
