CB9- 3a mag compass orientation (IGRF corrected)
      0 131.0  48.0 274.8  10.4   1.0
NRM    287.8  35.3 294.5  32.4 1.26E-03 001.5 229.3  08.5 2.083004 1.487942 2.102844 hargrave 2021-10-29 11:00:07 
TT 100 290.3  30.2 295.7  26.9 1.24E-03 001.4 234.5  06.3 1.932492 1.618648 1.786236 hargrave 2021-10-29 18:31:20 
TT 200 284.7  24.8 289.2  22.6 1.24E-03 004.5 234.5 -01.0 7.713186 5.542579 1.961040 hargrave 2021-10-30 15:17:41 
TT 300 285.2  23.1 289.3  20.9 9.87E-04 006.0 235.9 -02.0 8.753843 5.573146 1.356304 hargrave 2021-11-01 09:22:13 
TT 325 282.4  25.3 287.1  23.5 7.16E-04 008.4 232.6 -02.0 8.354320 6.370248 1.191048 hargrave 2021-11-01 15:03:41 
TT 350 280.1  27.2 285.3  25.8 6.01E-04 001.1 229.8 -01.9 0.620277 0.531938 0.854379 hargrave 2021-11-02 10:52:23 
TT 375 278.0  28.4 283.5  27.3 5.04E-04 003.1 227.6 -02.2 1.889752 1.791168 0.801461 hargrave 2021-11-02 16:16:29 
TT 400 281.9  25.7 286.6  24.0 3.97E-04 003.5 231.9 -02.0 1.642866 1.394644 1.178092 hargrave 2021-11-03 11:28:43 
TT 420 279.0  27.8 284.3  26.5 3.73E-04 003.7 228.7 -02.1 1.581238 1.428980 1.117367 hargrave 2021-11-04 12:40:41 
TT 440 280.4  27.2 285.5  25.7 3.57E-04 003.3 230.0 -01.8 1.330198 1.155120 1.034609 hargrave 2021-11-05 08:20:53 
TT 460 282.2  25.7 287.0  24.0 3.37E-04 004.1 232.2 -01.8 1.788105 1.281386 1.012460 hargrave 2021-11-05 19:25:26 
TT 480 280.0  27.5 285.2  26.1 3.14E-04 001.9 229.5 -01.7 0.434854 0.294874 0.939489 hargrave 2021-11-06 14:49:46 
TT 500 281.8  26.3 286.7  24.6 2.87E-04 003.2 231.5 -01.6 1.113410 0.789711 0.859854 hargrave 2021-11-07 12:54:54 
TT 520 281.6  26.7 286.6  25.0 2.48E-04 006.0 231.2 -01.4 1.950749 1.575136 0.779005 hargrave 2021-11-08 10:46:00 
TT 530 281.0  27.5 286.2  25.9 2.25E-04 001.8 230.2 -01.2 0.285943 0.240046 0.626597 hargrave 2021-11-09 11:03:18 
TT 540 282.2  26.9 287.2  25.1 2.05E-04 001.7 231.4 -00.9 0.259631 0.230059 0.528874 hargrave 2021-11-09 20:12:42 
TT 550 280.1  29.2 285.7  27.8 1.81E-04 005.2 228.5 -00.4 1.178372 1.070088 0.478611 hargrave 2021-11-10 14:09:29 
TT 555 280.3  28.8 285.8  27.3 1.67E-04 005.2 228.9 -00.6 1.109366 0.953341 0.459033 hargrave 2021-11-11 08:56:11 
TT 560 279.4  29.6 285.2  28.3 1.57E-04 004.6 227.8 -00.4 0.886894 0.798626 0.428172 hargrave 2021-11-12 08:58:42 
TT 565 281.7  28.2 287.1  26.5 1.40E-04 001.5 230.2 -00.2 0.077390 0.076161 0.357778 hargrave 2021-11-12 16:46:16 
TT 570 280.9  29.0 286.4  27.4 1.34E-04 001.9 229.1 -00.1 0.216139 0.197861 0.339454 hargrave 2021-11-13 13:21:29 
TT 576 282.1  28.0 287.4  26.2 1.28E-04 003.3 230.6 -00.1 0.505005 0.419177 0.340567 hargrave 2021-11-14 14:34:26 
TT 581 281.1  29.1 286.7  27.4 1.20E-04 001.7 229.3  00.1 0.144272 0.120113 0.306134 hargrave 2021-11-16 09:38:32 
TT 586 280.6  29.5 286.3  27.9 1.12E-04 002.3 228.7  00.1 0.256819 0.218862 0.296733 hargrave 2021-11-17 09:49:21 
TT 589 282.2  28.7 287.6  26.9 1.09E-04 002.2 230.2  00.4 0.240540 0.207249 0.262590 hargrave 2021-11-17 16:26:33 
TT 600 278.2  31.9 284.5  30.7 9.53E-05 003.1 225.6  00.7 0.313513 0.325523 0.250311 hargrave 2021-11-18 16:05:48 
TT 610 281.3  30.0 287.0  28.3 9.05E-05 004.3 228.8  00.9 0.480449 0.418830 0.257732 hargrave 2021-11-22 16:22:43 
TT 625 283.5  29.4 289.0  27.4 7.48E-05 005.1 230.6  01.7 0.482540 0.403427 0.217012 hargrave 2021-11-23 13:11:50 
TT 640 282.5  30.2 288.2  28.3 6.07E-05 004.3 229.4  01.7 0.323540 0.258515 0.198963 hargrave 2021-11-24 09:39:10 
TT 655 283.6  28.0 288.8  25.9 5.04E-05 007.4 231.6  00.7 0.491955 0.410291 0.150691 hargrave 2021-11-25 14:36:48 
TT 660 278.0  31.3 284.1  30.1 4.40E-05 001.9 225.8  00.1 0.034829 0.043970 0.137493 hargrave 2021-11-27 17:46:19 
TT 665 280.3  28.4 285.7  26.9 3.64E-05 003.3 229.2 -00.9 0.148974 0.122898 0.093234 hargrave 2021-11-28 17:54:57 
