CB9- 4a mag compass orientation (IGRF corrected)
      0 209.0  34.0 274.8  10.4   1.0
NRM    289.2  38.8 296.7  35.5 5.25E-03 003.3 172.3  05.1 4.189009 28.11882 9.427202 hargrave 2021-10-29 11:01:37 
TT 100 286.6  35.9 293.6  33.2 5.07E-03 001.4 170.0  02.5 1.688321 9.032444 8.712357 hargrave 2021-10-29 18:32:49 
TT 200 278.1  31.4 284.3  30.3 4.79E-03 007.1 162.3 -00.8 17.71439 56.53815 8.466294 hargrave 2021-10-30 15:19:08 
TT 300 280.9  30.2 286.8  28.6 4.15E-03 002.2 164.5 -02.4 3.047978 13.93047 6.758849 hargrave 2021-11-01 09:23:26 
TT 325 276.5  28.9 282.2  28.1 3.39E-03 005.5 160.4 -02.9 10.26858 30.34978 5.827170 hargrave 2021-11-01 15:04:52 
TT 350 278.7  29.0 284.3  27.7 3.19E-03 004.2 162.3 -03.3 6.534267 21.64279 5.800227 hargrave 2021-11-02 10:54:24 
TT 375 275.9  28.2 281.4  27.5 3.07E-03 002.5 159.8 -03.5 4.338856 11.72522 5.167124 hargrave 2021-11-02 16:17:43 
TT 400 281.2  28.6 286.6  26.9 2.97E-03 001.5 164.4 -04.1 0.946213 5.520179 5.077425 hargrave 2021-11-03 11:29:56 
TT 420 277.2  27.6 282.5  26.6 2.90E-03 004.5 160.7 -04.4 6.991084 21.19571 5.522745 hargrave 2021-11-04 12:41:52 
TT 440 278.7  27.7 284.0  26.5 2.81E-03 005.3 162.1 -04.5 7.995260 24.36540 5.382994 hargrave 2021-11-05 08:22:07 
TT 460 279.3  28.1 284.7  26.8 2.57E-03 003.5 162.7 -04.2 4.251198 14.40784 4.816746 hargrave 2021-11-05 19:27:17 
TT 480 278.3  28.6 283.8  27.5 2.20E-03 003.6 161.8 -03.6 3.662649 12.63840 3.985962 hargrave 2021-11-06 14:50:58 
TT 500 277.5  28.8 283.1  27.8 1.93E-03 002.2 161.2 -03.2 1.862846 6.493189 3.275911 hargrave 2021-11-07 12:56:06 
TT 520 278.2  29.6 283.9  28.4 1.63E-03 001.5 162.0 -02.6 1.313314 3.238579 2.480308 hargrave 2021-11-08 10:47:29 
TT 530 279.5  29.8 285.2  28.4 1.47E-03 004.1 163.1 -02.6 2.812814 9.859509 2.243601 hargrave 2021-11-09 11:04:47 
TT 540 279.1  29.7 284.8  28.4 1.31E-03 005.9 162.7 -02.6 3.868940 12.82751 1.969508 hargrave 2021-11-09 20:14:11 
TT 550 279.1  29.5 284.9  28.2 1.06E-03 006.2 162.8 -02.8 3.225374 10.93434 1.612059 hargrave 2021-11-10 14:10:59 
TT 555 280.3  29.4 285.9  27.9 9.42E-04 006.6 163.7 -03.1 2.897960 10.50421 1.391275 hargrave 2021-11-11 08:57:40 
TT 560 274.7  28.7 280.4  28.2 8.52E-04 004.4 158.8 -02.8 2.235808 6.016554 1.196353 hargrave 2021-11-12 09:00:10 
TT 565 279.4  29.3 285.0  28.0 6.70E-04 006.2 162.9 -03.1 2.050956 6.921189 1.008948 hargrave 2021-11-12 16:47:45 
TT 570 276.7  28.7 282.3  27.9 6.41E-04 005.8 160.5 -03.2 2.102392 6.133140 0.925081 hargrave 2021-11-13 13:23:47 
TT 576 281.2  29.5 286.8  27.8 6.01E-04 001.0 164.5 -03.1 0.152041 0.677557 0.848347 hargrave 2021-11-14 14:35:54 
TT 581 276.6  28.6 282.2  27.8 5.69E-04 002.3 160.4 -03.2 0.632760 2.063992 0.750958 hargrave 2021-11-16 09:40:01 
TT 586 280.4  28.5 285.8  27.0 5.13E-04 004.9 163.7 -04.0 1.136331 4.161319 0.751940 hargrave 2021-11-17 09:50:50 
TT 589 277.8  28.6 283.3  27.5 4.75E-04 003.0 161.4 -03.5 0.726213 2.314543 0.619473 hargrave 2021-11-17 16:28:02 
TT 600 282.9  29.1 288.4  27.2 3.83E-04 001.0 165.9 -03.8 0.141281 0.449821 0.518705 hargrave 2021-11-18 16:07:17 
TT 610 276.8  27.9 282.2  27.0 3.59E-04 001.5 160.4 -04.0 0.228060 0.805180 0.456225 hargrave 2021-11-22 16:25:33 
TT 625 284.4  28.4 289.7  26.2 3.05E-04 002.2 167.2 -04.7 0.186424 1.076140 0.396509 hargrave 2021-11-23 13:14:37 
TT 640 277.4  27.5 282.7  26.5 2.46E-04 004.4 160.9 -04.5 0.531802 1.766642 0.344990 hargrave 2021-11-24 09:41:57 
TT 655 285.5  28.2 290.7  25.8 2.09E-04 006.6 168.1 -05.0 0.355287 2.379202 0.311342 hargrave 2021-11-25 14:39:35 
TT 660 271.7  26.7 276.9  26.8 1.77E-04 003.0 155.7 -04.1 0.346545 0.847981 0.222048 hargrave 2021-11-27 17:49:05 
TT 665 285.9  27.6 290.9  25.1 1.36E-04 004.6 168.4 -05.7 0.190819 1.064575 0.189660 hargrave 2021-11-28 17:57:43 
