CBS1- 6a mag compass orientation (IGRF corrected)
      0 236.0   2.0 274.8  10.4   1.0
NRM    239.6  65.2 262.6  69.5 9.73E-03 001.2 097.9  65.0 14.57206 13.95783 5.515657 hargrave 2021-09-03 18:13:26 
TT 100 240.4  65.2 263.5  69.3 9.74E-03 001.0 098.7  65.0 12.32323 10.87019 4.754777 hargrave 2021-09-05 11:56:48 
TT 200 238.9  64.8 261.4  69.2 9.78E-03 001.4 097.1  64.6 20.35167 11.78796 4.968922 hargrave 2021-09-06 10:42:31 
TT 300 239.8  64.5 262.0  68.8 9.74E-03 001.0 098.0  64.3 12.42956 10.02848 4.824530 hargrave 2021-09-06 18:55:36 
TT 325 238.0  64.3 259.8  68.9 9.70E-03 002.2 096.2  64.2 34.98349 12.45655 4.993005 hargrave 2021-09-07 17:56:21 
TT 350 239.3  64.2 261.2  68.6 9.66E-03 001.7 097.4  64.0 25.30599 12.00870 4.962567 hargrave 2021-09-08 13:46:14 
TT 375 238.2  64.0 259.7  68.7 9.62E-03 000.8 096.2  63.9 9.679922 9.194621 4.745632 hargrave 2021-09-09 11:09:55 
TT 400 239.5  64.0 261.2  68.4 9.55E-03 001.2 097.6  63.8 17.47095 10.36899 4.721723 hargrave 2021-09-10 19:40:19 
TT 425 239.7  64.2 261.5  68.5 9.44E-03 001.1 097.8  64.0 16.92876 7.169977 4.640526 hargrave 2021-09-26 15:07:39 
TT 450 243.8  64.1 265.9  67.7 9.30E-03 001.3 101.8  63.7 15.95753 13.12117 4.463250 hargrave 2021-09-27 15:31:15 
TT 475 235.8  63.9 256.9  68.9 9.13E-03 001.3 093.8  63.8 17.35470 10.83026 5.126259 hargrave 2021-10-14 12:20:19 
TT 500 240.0  63.9 261.6  68.3 8.97E-03 001.4 098.1  63.7 17.94767 11.19362 4.650873 hargrave 2021-10-15 10:10:06 
TT 510 241.7  64.0 263.5  68.0 8.89E-03 000.6 099.8  63.7 4.795784 8.179790 4.387718 hargrave 2021-10-16 18:21:57 
TT 520 237.9  63.8 259.2  68.5 8.79E-03 001.7 096.0  63.7 22.93134 11.45160 4.834981 hargrave 2021-10-18 11:56:34 
TT 530 240.9  63.8 262.4  68.0 8.74E-03 000.8 098.9  63.6 7.228609 9.311863 4.451941 hargrave 2021-10-19 10:16:13 
TT 535 240.6  63.8 262.1  68.0 8.68E-03 000.7 098.6  63.6 4.752276 8.837109 4.423100 hargrave 2021-10-19 19:49:52 
TT 540 240.0  63.8 261.5  68.1 8.62E-03 001.2 098.1  63.6 13.40447 10.63301 4.369584 hargrave 2021-10-20 19:13:18 
TT 545 237.6  63.6 258.7  68.4 8.54E-03 000.8 095.6  63.5 6.746688 9.040282 4.629067 hargrave 2021-10-22 15:42:07 
TT 550 237.0  63.6 258.0  68.5 8.48E-03 001.3 095.0  63.5 15.75403 10.10687 4.634083 hargrave 2021-10-23 17:29:33 
TT 555 239.0  63.7 260.2  68.2 8.40E-03 000.7 097.0  63.5 4.396673 8.795369 4.483518 hargrave 2021-10-24 16:03:38 
TT 560 242.0  63.7 263.6  67.7 8.37E-03 000.7 100.0  63.5 3.819216 8.448009 4.226392 hargrave 2021-10-25 15:18:31 
TT 565 241.2  63.5 262.4  67.6 8.36E-03 000.8 099.2  63.2 6.218702 9.317104 4.784688 hargrave 2021-10-26 11:07:16 
TT 575 240.3  63.4 261.4  67.7 8.26E-03 001.0 098.3  63.2 7.991579 11.11877 4.780257 hargrave 2021-10-26 20:41:35 
TT 580 240.7  63.4 261.8  67.7 8.22E-03 001.2 098.6  63.2 12.83377 11.54337 4.624616 hargrave 2021-10-27 15:48:48 
TT 589 238.5  63.3 259.4  67.9 8.15E-03 000.7 096.5  63.2 3.877516 9.035376 4.526802 hargrave 2021-10-28 11:44:40 
TT 610 237.3  64.3 259.1  69.0 8.14E-03 001.0 095.5  64.2 14.04642 4.183237 3.738117 hargrave 2021-11-22 16:57:21 
TT 625 238.2  64.3 260.0  68.9 8.05E-03 001.0 096.3  64.2 12.77386 4.019207 4.160514 hargrave 2021-11-23 13:44:55 
TT 640 236.0  64.2 257.4  69.2 7.80E-03 000.4 094.1  64.1 3.847238 2.959824 3.509021 hargrave 2021-11-24 10:11:33 
TT 655 235.9  64.3 257.5  69.3 5.92E-03 001.1 094.1  64.2 10.75364 2.988313 2.676253 hargrave 2021-11-25 14:57:22 
TT 660 239.7  64.0 261.4  68.3 5.06E-03 001.2 097.8  63.8 10.47338 3.049224 1.875092 hargrave 2021-11-27 18:06:46 
TT 665 236.6  64.3 258.3  69.1 4.65E-03 000.9 094.8  64.2 5.915283 3.645263 2.112429 hargrave 2021-11-28 18:16:11 
TT 667 235.5  63.6 256.3  68.7 4.76E-03 001.3 093.5  63.6 9.676687 4.168665 2.785253 hargrave 2021-11-29 13:59:44 
TT 670 235.7  64.1 257.1  69.1 2.36E-03 057.7 093.8  64.0 7.605304 110.2845 227.0062 hargrave 2021-11-30 10:34:51 
TT 670 237.7  63.8 259.0  68.5 4.73E-03 000.5 095.8  63.7 2.474060 3.007530 2.237256 hargrave 2021-11-30 12:40:56 
TT 672 234.3  63.2 254.5  68.6 4.71E-03 000.8 092.3  63.2 2.537324 4.892170 3.629974 hargrave 2021-11-30 15:54:39 
TT 675 238.0  63.3 258.8  68.0 4.61E-03 001.5 096.0  63.1 10.22420 5.408807 3.711690 hargrave 2021-12-01 14:33:40 
TT 680 232.2  63.8 252.7  69.5 1.72E-03 066.9 090.3  63.8 1.289735 81.14812 165.2782 hargrave 2021-12-02 09:37:12 
TT 680 239.4  62.8 259.8  67.3 3.45E-03 001.4 097.2  62.6 1.985269 7.799184 3.040180 hargrave 2021-12-02 10:16:17 
TT 685 238.6  63.3 259.3  67.9 2.28E-03 000.7 096.5  63.1 1.177489 2.435938 1.194233 hargrave 2021-12-02 19:15:08 
TT 690 241.2  60.0 259.3  64.4 2.24E-04 003.1 098.6  59.8 1.130650 0.406218 0.205483 hargrave 2021-12-03 19:30:24 
