CBS1- 1a mag compass orientation (IGRF corrected)
      0 217.0   8.0 274.8  10.4   1.0
NRM    227.7  68.7 254.2  74.7 1.35E-02 003.5 118.9  66.0 77.58630 27.85693 6.456505 hargrave 2021-09-03 18:01:36 
TT 100 228.1  68.5 254.2  74.4 1.36E-02 001.4 119.0  65.7 32.63386 7.665204 6.948088 hargrave 2021-09-05 11:45:53 
TT 200 223.2  67.5 246.4  74.3 1.36E-02 003.1 114.0  65.4 70.15989 23.46627 5.879633 hargrave 2021-09-06 10:32:18 
TT 300 228.2  67.8 253.2  73.8 1.35E-02 001.2 118.5  65.0 27.51790 4.522394 7.056596 hargrave 2021-09-06 18:45:28 
TT 325 226.4  67.7 250.8  74.0 1.33E-02 003.5 116.9  65.1 75.52192 27.36041 6.952225 hargrave 2021-09-07 17:46:11 
TT 350 225.9  67.3 249.6  73.7 1.33E-02 001.9 116.2  64.8 43.19907 11.98179 6.324276 hargrave 2021-09-08 13:35:13 
TT 375 307.9  08.1 308.7  02.4 2.25E-03 078.9 180.9  00.1 6.780924 539.5011 1284.193 hargrave 2021-09-09 10:59:47 
TT 375 225.7  67.2 249.2  73.7 1.32E-02 002.4 116.0  64.8 51.66548 16.51041 6.368719 hargrave 2021-09-09 11:23:06 
TT 400 227.0  67.5 251.2  73.7 1.31E-02 001.8 117.2  64.9 40.32372 11.21879 6.287574 hargrave 2021-09-10 19:29:27 
TT 425 227.9  67.7 252.7  73.8 1.29E-02 001.3 118.2  65.0 27.65129 8.780938 6.369790 hargrave 2021-09-26 14:56:42 
TT 450 228.4  67.9 253.5  73.8 1.27E-02 003.1 118.8  65.1 63.06696 27.17340 6.333008 hargrave 2021-09-27 15:21:04 
TT 475 227.9  67.8 252.8  73.8 1.25E-02 002.2 118.3  65.0 44.42394 16.56434 6.050074 hargrave 2021-10-14 12:07:46 
TT 500 228.1  67.8 253.0  73.8 1.21E-02 002.1 118.4  65.0 40.33712 15.22991 5.814542 hargrave 2021-10-15 09:59:03 
TT 510 229.4  68.2 255.2  73.9 1.19E-02 004.6 119.8  65.3 86.20478 41.33575 6.299481 hargrave 2021-10-16 18:10:59 
TT 520 231.4  68.2 257.6  73.6 1.18E-02 002.0 121.5  65.0 38.07237 16.67132 6.085672 hargrave 2021-10-18 11:46:24 
TT 530 231.1  68.1 257.1  73.5 1.17E-02 002.6 121.2  64.9 48.63125 21.64650 5.993641 hargrave 2021-10-19 10:05:13 
TT 535 229.4  68.1 255.1  73.8 1.15E-02 004.3 119.8  65.2 77.95673 38.43125 6.024090 hargrave 2021-10-19 19:37:17 
TT 540 232.0  68.3 258.5  73.6 1.15E-02 003.4 122.1  65.0 62.65492 28.43180 6.054171 hargrave 2021-10-20 19:03:08 
TT 545 230.1  68.0 255.8  73.7 1.13E-02 003.2 120.3  65.0 57.45511 27.29397 5.869189 hargrave 2021-10-22 15:31:01 
TT 550 229.0  67.8 254.2  73.7 1.12E-02 002.2 119.2  65.0 40.27573 16.68838 5.534979 hargrave 2021-10-23 17:19:19 
TT 555 231.6  68.2 257.7  73.5 1.11E-02 002.8 121.6  65.0 48.02229 23.41277 5.682142 hargrave 2021-10-24 15:52:40 
TT 560 229.6  67.9 255.0  73.6 1.10E-02 002.3 119.8  65.0 39.73400 16.86830 5.501197 hargrave 2021-10-25 15:08:23 
TT 565 225.6  67.5 249.6  74.0 1.09E-02 001.0 116.1  65.1 18.91044 4.053140 5.158401 hargrave 2021-10-26 10:59:50 
TT 575 228.1  67.8 253.0  73.8 1.08E-02 000.5 118.4  65.0 8.992145 2.826984 4.920484 hargrave 2021-10-26 20:34:09 
TT 580 228.1  67.8 253.0  73.8 1.07E-02 001.5 118.4  65.0 26.41489 8.667680 5.120109 hargrave 2021-10-27 15:40:32 
TT 589 227.2  67.7 251.8  73.9 1.06E-02 001.6 117.6  65.1 27.44781 8.432252 5.042270 hargrave 2021-10-28 11:36:21 
TT 610 223.6  67.5 246.9  74.3 1.06E-02 001.4 114.3  65.4 22.93110 9.404820 3.893638 hargrave 2021-11-22 16:48:54 
TT 625 224.8  67.7 248.9  74.3 1.04E-02 002.1 115.6  65.4 36.05175 14.65468 3.848782 hargrave 2021-11-23 13:36:41 
TT 640 229.9  68.3 256.1  74.0 1.02E-02 002.1 120.4  65.4 34.19613 17.02582 4.032675 hargrave 2021-11-24 10:04:05 
TT 655 227.8  67.8 252.7  73.8 9.67E-03 001.7 118.2  65.1 26.39681 10.00982 4.053933 hargrave 2021-11-25 14:47:28 
TT 660 227.9  67.8 252.7  73.8 8.98E-03 002.0 118.2  65.0 28.85457 12.24246 3.695970 hargrave 2021-11-27 17:56:07 
TT 665 224.7  67.6 248.4  74.2 7.29E-03 002.1 115.3  65.3 24.20883 11.25100 2.608280 hargrave 2021-11-28 18:05:33 
TT 667 228.8  68.1 254.3  73.9 5.85E-03 000.3 119.2  65.2 2.509884 1.200389 2.547743 hargrave 2021-11-29 13:52:35 
TT 670 226.7  66.8 249.7  73.1 1.97E-03 000.5 116.4  64.2 1.318454 1.366451 1.078753 hargrave 2021-11-30 10:26:06 
TT 672 229.1  66.9 252.9  72.8 2.09E-03 000.7 118.6  64.1 1.440111 2.216037 1.121456 hargrave 2021-11-30 15:44:51 
TT 675 224.7  66.5 246.9  73.2 2.18E-03 000.4 114.6  64.3 1.012055 1.368905 1.149224 hargrave 2021-12-01 14:24:41 
TT 680 225.9  66.6 248.5  73.1 2.16E-03 001.7 115.6  64.2 6.155438 1.621498 1.206385 hargrave 2021-12-02 09:29:53 
TT 685 230.4  67.5 255.4  73.2 1.75E-03 000.8 120.2  64.5 2.195516 0.430840 0.884454 hargrave 2021-12-02 19:07:53 
TT 690 227.5  67.7 252.1  73.8 1.12E-03 000.7 117.8  65.0 1.054764 0.768699 0.701311 hargrave 2021-12-03 19:23:09 
