CBS1- 5a mag compass orientation (IGRF corrected)
      0 335.0   1.0 274.8  10.4   1.0
NRM    246.0  65.1 269.3  68.3 5.52E-03 001.8 001.0  66.1 9.437674 14.62346 3.656479 hargrave 2021-09-03 18:11:43 
TT 100 247.5  65.1 270.7  67.9 5.51E-03 001.6 002.6  66.1 6.751439 13.74469 3.671376 hargrave 2021-09-05 11:55:05 
TT 200 249.3  64.8 272.2  67.4 5.53E-03 001.3 004.5  65.8 6.643415 9.599726 3.916611 hargrave 2021-09-06 10:40:48 
TT 300 245.1  64.6 267.8  68.0 5.47E-03 002.7 000.1  65.6 6.932985 24.83707 4.023991 hargrave 2021-09-06 18:53:53 
TT 325 248.3  64.6 271.0  67.3 5.42E-03 001.5 003.4  65.6 6.673480 11.93804 3.995740 hargrave 2021-09-07 17:54:39 
TT 350 249.9  64.6 272.6  67.1 5.37E-03 002.3 005.0  65.6 7.895432 19.94428 3.857430 hargrave 2021-09-08 13:44:31 
TT 375 247.1  64.5 269.7  67.5 5.32E-03 001.2 002.2  65.5 5.690231 8.509391 3.674243 hargrave 2021-09-09 11:08:09 
TT 400 250.2  64.5 272.8  66.9 5.22E-03 000.8 005.4  65.5 5.071961 3.948745 3.686226 hargrave 2021-09-10 19:38:37 
TT 425 249.3  64.2 271.7  66.8 5.08E-03 000.6 004.5  65.2 3.887086 2.382884 3.549111 hargrave 2021-09-26 15:05:55 
TT 450 247.6  64.3 269.9  67.2 4.92E-03 002.0 002.7  65.3 4.781448 16.60307 3.476181 hargrave 2021-09-27 15:29:32 
TT 475 248.3  64.3 270.7  67.1 4.75E-03 002.7 003.4  65.3 4.693464 22.14834 3.272049 hargrave 2021-10-14 12:17:47 
TT 500 246.9  64.2 269.2  67.3 4.57E-03 001.6 002.0  65.2 3.223320 12.49869 3.188258 hargrave 2021-10-15 10:08:23 
TT 510 245.1  64.2 267.4  67.6 4.49E-03 002.0 000.1  65.2 2.886010 15.15036 2.972320 hargrave 2021-10-16 18:20:15 
TT 520 246.2  64.2 268.5  67.4 4.40E-03 002.1 001.2  65.2 3.162777 15.32630 2.996167 hargrave 2021-10-18 11:54:51 
TT 530 247.7  64.2 270.0  67.2 4.32E-03 001.1 002.8  65.2 2.998241 7.543394 2.873599 hargrave 2021-10-19 10:14:30 
TT 535 248.4  64.3 270.9  67.1 4.24E-03 002.7 003.5  65.3 3.999462 19.40275 2.858543 hargrave 2021-10-19 19:48:09 
TT 540 247.3  64.2 269.7  67.2 4.15E-03 002.2 002.4  65.2 5.441711 14.80927 2.890910 hargrave 2021-10-20 19:11:35 
TT 545 246.1  64.2 268.4  67.4 4.03E-03 000.5 001.1  65.2 2.429530 1.254927 2.587714 hargrave 2021-10-22 15:39:33 
TT 550 248.3  64.4 270.9  67.2 3.91E-03 003.1 003.4  65.4 3.978697 20.72448 2.571536 hargrave 2021-10-23 17:27:50 
TT 555 247.0  64.4 269.5  67.4 3.83E-03 001.5 002.1  65.4 3.253585 9.243721 2.466457 hargrave 2021-10-24 16:01:07 
TT 560 247.5  64.3 269.9  67.2 3.80E-03 001.0 002.6  65.3 2.595605 5.416280 2.449440 hargrave 2021-10-25 15:16:48 
TT 565 247.5  64.3 269.9  67.2 3.77E-03 000.7 002.6  65.3 2.912356 2.857785 2.354533 hargrave 2021-10-26 11:05:44 
TT 575 247.9  64.4 270.4  67.3 3.66E-03 002.3 003.0  65.4 3.709358 13.77592 2.375414 hargrave 2021-10-26 20:40:05 
TT 580 247.9  64.4 270.4  67.2 3.65E-03 001.3 003.0  65.4 3.376655 7.274778 2.378248 hargrave 2021-10-27 15:47:17 
TT 589 245.4  64.3 267.7  67.6 3.58E-03 000.9 000.4  65.3 2.699049 4.415577 2.302902 hargrave 2021-10-28 11:43:09 
TT 610 248.0  64.4 270.5  67.2 3.57E-03 001.1 003.1  65.4 1.739903 6.174138 1.737884 hargrave 2021-11-22 16:55:50 
TT 625 246.2  64.4 268.6  67.6 3.43E-03 000.4 001.2  65.4 1.545134 1.215873 1.631735 hargrave 2021-11-23 13:43:25 
TT 640 244.6  64.5 267.2  68.0 3.31E-03 001.6 359.6  65.5 1.511635 9.122356 1.673336 hargrave 2021-11-24 10:10:01 
TT 655 247.9  64.6 270.7  67.5 2.84E-03 000.4 003.0  65.6 1.009311 1.655845 1.358092 hargrave 2021-11-25 14:53:43 
TT 660 247.1  64.6 269.8  67.6 2.56E-03 000.8 002.2  65.6 1.242918 3.291328 1.203395 hargrave 2021-11-27 18:02:20 
TT 665 248.1  64.6 270.8  67.4 2.58E-03 001.7 003.2  65.6 1.649138 7.370052 1.365875 hargrave 2021-11-28 18:12:35 
TT 667 244.6  64.4 267.0  67.9 2.60E-03 001.5 359.6  65.4 0.742707 6.514668 1.498063 hargrave 2021-11-29 13:58:16 
TT 670 242.2  64.7 264.9  68.5 2.56E-03 003.1 357.1  65.7 1.141876 13.91817 1.357643 hargrave 2021-11-30 10:33:22 
TT 672 244.7  64.4 267.1  67.8 2.50E-03 001.8 359.6  65.4 0.795172 7.958825 1.387403 hargrave 2021-11-30 15:52:23 
TT 675 244.5  64.3 266.8  67.8 2.42E-03 001.3 359.5  65.3 1.128285 5.241345 1.188870 hargrave 2021-12-01 14:32:15 
TT 680 248.7  64.3 271.1  67.0 1.70E-03 000.5 003.8  65.3 0.642709 1.462920 0.730773 hargrave 2021-12-02 09:35:48 
TT 685 249.6  64.8 272.6  67.3 1.23E-03 000.3 004.8  65.8 0.499900 0.429811 0.671268 hargrave 2021-12-02 19:13:45 
TT 690 248.2  61.6 268.0  64.6 7.50E-05 003.3 003.3  62.6 0.026521 0.431050 0.037152 hargrave 2021-12-03 19:29:00 
