CBS1- 2a mag compass orientation (IGRF corrected)
      0 328.0  86.0 274.8  10.4   1.0
NRM    242.4  61.8 262.1  65.8 7.76E-03 003.3 177.5  32.2 8.839010 41.58608 11.80965 hargrave 2021-09-03 18:05:13 
TT 100 239.6  61.5 258.8  66.1 7.73E-03 005.2 179.1  32.5 6.488352 68.94213 11.96689 hargrave 2021-09-05 11:50:17 
TT 200 244.6  61.1 263.8  64.8 7.77E-03 003.5 176.2  32.7 8.416683 45.58817 12.18298 hargrave 2021-09-06 10:35:57 
TT 300 239.1  60.9 257.7  65.6 7.70E-03 004.3 179.4  33.1 6.188316 56.96493 11.33612 hargrave 2021-09-06 18:49:07 
TT 325 236.7  60.7 254.9  65.9 7.67E-03 002.8 180.8  33.3 4.619213 36.30881 11.00763 hargrave 2021-09-07 17:49:48 
TT 350 240.4  60.5 258.8  65.0 7.60E-03 003.1 178.6  33.5 5.522068 38.90861 10.68378 hargrave 2021-09-08 13:39:41 
TT 375 242.7  60.8 261.5  64.8 7.57E-03 001.3 177.3  33.1 6.207842 9.482185 12.55947 hargrave 2021-09-09 11:03:23 
TT 400 233.2  60.3 250.6  66.1 7.48E-03 002.2 182.8  33.5 2.907751 26.74334 9.436315 hargrave 2021-09-10 19:33:50 
TT 425 238.0  60.6 256.2  65.5 7.38E-03 002.3 180.0  33.4 6.196881 24.62511 14.77118 hargrave 2021-09-26 15:00:18 
TT 450 237.7  60.7 256.0  65.7 7.25E-03 001.7 180.2  33.3 4.280874 18.19035 11.48257 hargrave 2021-09-27 15:24:42 
TT 475 242.3  60.7 261.1  64.9 7.09E-03 003.9 177.5  33.2 4.485687 47.13784 9.091981 hargrave 2021-10-14 12:12:10 
TT 500 237.5  60.0 255.1  65.0 6.89E-03 003.3 180.3  34.0 5.710994 37.20812 13.84650 hargrave 2021-10-15 10:02:42 
TT 510 240.4  60.1 258.4  64.6 6.82E-03 002.3 178.6  33.9 6.216617 23.71087 13.92251 hargrave 2021-10-16 18:14:36 
TT 520 237.3  60.6 255.5  65.6 6.72E-03 004.9 180.4  33.4 6.428017 55.65262 15.47249 hargrave 2021-10-18 11:50:01 
TT 530 233.8  59.7 250.8  65.4 6.67E-03 003.0 182.5  34.2 4.536681 31.64349 13.25710 hargrave 2021-10-19 10:09:40 
TT 535 237.8  59.8 255.3  64.8 6.60E-03 001.5 180.1  34.2 5.780575 10.19147 13.01733 hargrave 2021-10-19 19:41:42 
TT 540 234.9  60.3 252.5  65.7 6.54E-03 002.1 181.8  33.7 9.650024 12.89567 17.36569 hargrave 2021-10-20 19:06:45 
TT 545 238.9  59.3 256.2  64.1 3.23E-03 062.9 179.4  34.7 283.4812 3.446132 196.5947 hargrave 2021-10-22 15:34:40 
TT 545 243.6  59.9 261.7  63.9 6.43E-03 003.0 176.6  33.9 6.208504 31.05603 11.25584 hargrave 2021-10-22 16:05:51 
TT 550 236.3  60.3 254.1  65.6 6.36E-03 002.7 181.0  33.6 9.245260 21.87495 19.14224 hargrave 2021-10-23 17:22:58 
TT 555 237.9  60.0 255.7  65.0 6.24E-03 004.6 180.0  34.0 8.126387 47.07511 16.21629 hargrave 2021-10-24 15:56:17 
TT 560 235.0  59.6 252.0  65.0 6.15E-03 003.0 181.8  34.4 4.658576 29.27967 12.27682 hargrave 2021-10-25 15:12:00 
TT 565 238.4  60.2 256.3  65.1 6.09E-03 002.7 179.8  33.8 7.746239 23.15867 15.30984 hargrave 2021-10-26 11:01:20 
TT 575 240.3  59.8 258.1  64.3 6.01E-03 002.5 178.6  34.2 8.518077 19.85427 15.30056 hargrave 2021-10-26 20:35:40 
TT 580 236.5  60.3 254.2  65.4 5.98E-03 002.2 180.9  33.7 7.841417 15.00556 15.38201 hargrave 2021-10-27 15:42:02 
TT 589 237.1  60.0 254.7  65.1 5.88E-03 002.6 180.6  34.0 6.108497 23.26336 12.77241 hargrave 2021-10-28 11:37:52 
TT 610 242.8  60.1 261.1  64.2 5.68E-03 003.3 177.1  33.8 10.46344 26.17218 16.29896 hargrave 2021-11-22 16:50:24 
TT 625 242.6  59.6 260.4  63.8 5.37E-03 003.6 177.2  34.2 12.05436 26.31773 17.94863 hargrave 2021-11-23 13:38:11 
TT 640 241.0  59.7 258.9  64.2 5.24E-03 004.1 178.2  34.2 10.70567 32.31392 16.61069 hargrave 2021-11-24 10:05:36 
TT 655 241.7  59.4 259.3  63.8 4.96E-03 004.5 177.7  34.5 11.53531 33.01851 17.14133 hargrave 2021-11-25 14:48:54 
TT 660 241.4  59.4 259.0  63.8 4.73E-03 004.5 177.9  34.5 10.61848 32.15756 16.16218 hargrave 2021-11-27 17:57:32 
TT 665 246.0  59.1 263.7  62.7 3.93E-03 003.2 175.0  34.5 8.844272 15.83597 12.70278 hargrave 2021-11-28 18:06:58 
TT 667 238.8  59.5 256.2  64.4 4.01E-03 004.2 179.5  34.5 6.039844 26.18743 11.98697 hargrave 2021-11-29 13:54:03 
TT 670 233.3  59.0 249.7  64.8 2.27E-03 004.9 182.9  34.9 1.821924 18.29165 6.363154 hargrave 2021-11-30 10:28:21 
TT 672 238.0  58.7 254.8  63.7 1.94E-03 004.0 180.0  35.3 1.359649 12.72492 4.754070 hargrave 2021-11-30 15:47:13 
TT 675 231.9  58.7 247.8  64.7 1.76E-03 001.6 183.9  35.1 1.532995 2.265879 4.515449 hargrave 2021-12-01 14:26:15 
TT 680 243.1  58.5 260.2  62.7 8.58E-04 005.3 176.8  35.3 1.318132 7.427156 2.816152 hargrave 2021-12-02 09:31:26 
TT 685 235.4  57.8 251.2  63.3 5.14E-04 002.1 181.7  36.1 0.686527 0.447283 1.822965 hargrave 2021-12-02 19:09:26 
TT 690 255.7  54.3 270.5  56.5 4.05E-05 003.1 167.1  37.7 0.058894 0.183210 0.132846 hargrave 2021-12-03 19:24:41 
