UI1- 8a mag compass orientation (IGRF corrected)
      0 280.0 106.0 285.5  14.0   1.0
NRM    272.6  16.3 277.0  18.9 2.35E-02 003.6 107.7  02.3 137.4830 43.75425 28.55075 hargrave 2021-09-03 16:53:01 
TT 100 272.3  16.4 276.8  19.1 2.35E-02 002.4 107.9  02.6 88.18175 31.17599 27.00917 hargrave 2021-09-05 10:43:37 
TT 200 272.0  14.5 276.0  17.3 2.34E-02 000.8 106.1  03.4 19.22058 8.606794 26.08862 hargrave 2021-09-06 09:32:00 
TT 300 271.7  13.3 275.3  16.2 2.31E-02 000.9 105.1  04.1 28.20686 7.252813 25.29044 hargrave 2021-09-06 17:42:35 
TT 325 271.6  12.5 275.0  15.5 2.30E-02 001.1 104.4  04.4 36.72955 9.262169 25.20010 hargrave 2021-09-07 16:46:06 
TT 350 270.8  14.5 274.8  17.6 2.27E-02 003.1 106.5  04.6 114.0588 31.90828 25.86658 hargrave 2021-09-08 12:40:11 
TT 375 270.6  14.2 274.5  17.3 2.26E-02 002.1 106.3  04.8 75.72746 21.80459 24.33382 hargrave 2021-09-09 10:01:10 
TT 400 270.3  14.6 274.3  17.8 2.24E-02 002.4 106.7  05.0 86.23758 28.23612 24.06608 hargrave 2021-09-10 18:26:39 
TT 425 269.1  16.2 273.5  19.6 2.20E-02 001.2 108.6  05.6 35.41858 18.36066 25.10412 hargrave 2021-09-26 13:58:42 
TT 450 269.6  14.1 273.4  17.5 2.16E-02 001.3 106.5  05.8 39.64469 13.13974 23.39941 hargrave 2021-09-27 14:22:05 
TT 475 269.6  12.8 273.1  16.2 2.12E-02 001.7 105.2  06.2 55.65243 15.26991 22.47384 hargrave 2021-10-14 11:07:29 
TT 500 269.7  11.6 272.9  15.0 1.95E-02 001.0 104.1  06.5 27.75202 6.361220 21.18450 hargrave 2021-10-15 08:58:26 
TT 510 268.8  12.8 272.4  16.4 1.71E-02 002.6 105.5  06.9 71.86463 19.98964 19.02681 hargrave 2021-10-16 17:10:06 
TT 520 269.0  11.8 272.3  15.4 1.50E-02 002.6 104.5  07.0 64.28461 16.71525 16.05544 hargrave 2021-10-18 10:50:53 
TT 530 268.7  11.9 272.0  15.6 1.27E-02 003.3 104.7  07.3 68.64769 17.41917 13.37589 hargrave 2021-10-19 09:07:02 
TT 535 268.6  11.8 271.9  15.5 1.11E-02 003.2 104.6  07.5 60.01291 15.95618 11.84496 hargrave 2021-10-19 18:39:04 
TT 540 267.8  13.5 271.5  17.4 9.87E-03 002.3 106.5  07.7 36.92272 11.35949 10.91212 hargrave 2021-10-20 18:07:53 
TT 545 266.8  14.8 270.9  18.8 8.40E-03 001.5 108.0  08.1 18.63313 5.833938 9.568800 hargrave 2021-10-22 14:31:33 
TT 550 267.8  13.2 271.5  17.0 7.29E-03 003.0 106.2  07.7 35.46747 10.65625 7.982311 hargrave 2021-10-23 16:23:25 
TT 555 268.0  13.7 271.8  17.5 5.13E-03 001.4 106.6  07.4 10.39590 2.853529 5.790830 hargrave 2021-10-24 14:57:02 
TT 560 267.7  11.7 271.0  15.6 4.18E-03 005.0 104.8  08.3 35.31665 8.848847 4.679579 hargrave 2021-10-25 14:12:30 
TT 565 268.4  15.2 272.5  18.9 2.88E-03 000.8 107.9  06.6 2.456899 1.234056 3.283434 hargrave 2021-10-26 10:31:47 
TT 575 265.6  36.6 276.4  40.1 2.02E-04 004.3 128.9  01.6 0.906152 1.171011 0.552942 hargrave 2021-10-26 20:06:05 
TT 580 247.6  40.3 259.2  47.8 1.45E-04 002.7 138.8  12.4 0.119718 0.890663 0.186884 hargrave 2021-10-27 15:12:25 
TT 589 230.6  39.3 239.5  50.2 1.06E-04 002.7 146.8  22.9 0.268987 0.701228 0.477848 hargrave 2021-10-28 11:08:54 
