UI1- 7a mag compass orientation (IGRF corrected)
      0 285.0 109.0 285.5  14.0   1.0
NRM    266.0  16.1 270.4  20.3 6.98E-03 003.4 111.8  11.8 38.21153 15.43537 7.588694 hargrave 2021-09-03 16:51:34 
TT 100 266.9  14.8 271.0  18.8 6.99E-03 004.2 110.3  11.6 48.70530 14.32636 7.341127 hargrave 2021-09-05 10:42:10 
TT 200 265.6  15.2 269.8  19.5 6.82E-03 003.4 111.1  12.6 40.03364 6.217784 6.157116 hargrave 2021-09-06 09:30:33 
TT 300 265.5  12.4 269.0  16.8 6.15E-03 002.0 108.6  13.8 20.06332 4.768193 5.920399 hargrave 2021-09-06 17:41:09 
TT 325 264.0  14.5 268.1  19.2 5.82E-03 000.9 111.2  14.2 6.585095 1.588202 5.833456 hargrave 2021-09-07 16:44:39 
TT 350 265.5  10.8 268.6  15.2 5.54E-03 004.6 107.0  14.4 43.09746 11.37348 5.387367 hargrave 2021-09-08 12:38:41 
TT 375 265.8  10.1 268.8  14.5 5.45E-03 003.7 106.3  14.4 33.61341 9.430481 4.321669 hargrave 2021-09-09 09:59:44 
TT 400 263.5  14.4 267.5  19.2 5.26E-03 002.0 111.2  14.7 17.41075 3.574635 5.330706 hargrave 2021-09-10 18:25:13 
TT 425 264.8  09.9 267.6  14.5 5.07E-03 002.0 106.4  15.5 17.05731 2.778929 4.877561 hargrave 2021-09-26 13:57:15 
TT 450 263.1  13.1 266.8  18.0 4.74E-03 003.5 110.1  15.6 26.93787 8.237073 4.923269 hargrave 2021-09-27 14:20:38 
TT 475 264.2  09.9 267.1  14.6 4.66E-03 002.2 106.7  15.9 17.14047 4.627304 4.587222 hargrave 2021-10-14 11:06:03 
TT 500 263.8  10.6 266.9  15.4 4.26E-03 003.6 107.5  16.0 25.49338 6.631897 3.996939 hargrave 2021-10-15 08:56:59 
TT 510 262.6  13.1 266.3  18.1 4.05E-03 001.2 110.4  16.1 7.171674 2.249521 4.216689 hargrave 2021-10-16 17:08:38 
TT 520 263.7  10.7 266.8  15.5 3.87E-03 003.9 107.6  16.1 24.97303 7.252702 3.977292 hargrave 2021-10-18 10:48:37 
TT 530 263.2  11.7 266.5  16.7 3.61E-03 003.9 108.8  16.1 23.44877 6.830319 3.525676 hargrave 2021-10-19 09:05:36 
TT 535 262.9  12.2 266.3  17.3 3.35E-03 002.2 109.5  16.2 11.89642 3.760649 3.578494 hargrave 2021-10-19 18:37:36 
TT 540 264.4  08.4 266.9  13.2 2.99E-03 003.0 105.2  16.4 14.78972 3.650157 2.824371 hargrave 2021-10-20 18:06:26 
TT 545 260.8  16.5 265.4  21.9 2.42E-03 003.3 114.4  16.2 12.71511 5.375911 2.797905 hargrave 2021-10-22 14:30:03 
TT 550 261.8  13.5 265.6  18.7 2.00E-03 001.9 111.1  16.6 6.039290 2.088901 2.056509 hargrave 2021-10-23 16:21:58 
TT 555 264.1  10.8 267.2  15.5 1.19E-03 001.8 107.6  15.7 3.344804 0.877724 1.254379 hargrave 2021-10-24 14:54:46 
TT 560 262.7  11.8 266.1  16.8 9.05E-04 003.0 109.1  16.5 4.431868 1.332167 0.934202 hargrave 2021-10-25 14:11:02 
TT 565 263.8  11.7 267.2  16.5 4.89E-04 001.7 108.6  15.6 1.323321 0.499753 0.522649 hargrave 2021-10-26 10:30:19 
TT 575 131.3  20.7 125.7  26.2 3.47E-05 004.2 240.8  16.1 0.268280 0.041940 0.091263 hargrave 2021-10-26 20:04:38 
TT 580 247.0  45.0 260.7  52.5 3.73E-05 001.0 145.5  10.4 0.080349 0.061384 0.044944 hargrave 2021-10-27 15:10:58 
TT 589 203.7  36.9 205.9  50.7 2.77E-05 003.0 171.7  33.5 0.050086 0.130914 0.110516 hargrave 2021-10-28 11:07:27 
