UI1- 3a mag compass orientation (IGRF corrected)
      0 345.0  11.0 285.5  14.0   1.0
NRM    274.0  33.6 283.6  35.3 1.59E-02 001.2 022.1  43.9 14.14093 20.76373 24.25709 hargrave 2021-09-03 16:45:07 
TT 100 274.2  32.3 283.4  33.9 1.57E-02 002.4 022.2  42.6 34.62308 50.86071 28.74000 hargrave 2021-09-05 10:35:42 
TT 200 272.0  28.6 280.0  31.0 1.52E-02 004.7 019.4  39.1 44.58032 116.1451 20.61463 hargrave 2021-09-06 09:24:03 
TT 300 270.4  26.2 277.6  29.0 1.49E-02 001.7 017.3  36.7 21.17736 25.73520 29.43366 hargrave 2021-09-06 17:34:44 
TT 325 268.3  25.0 275.2  28.3 1.45E-02 001.2 014.9  35.7 13.37093 5.595994 29.38931 hargrave 2021-09-07 16:39:01 
TT 350 266.8  24.1 273.4  27.9 1.42E-02 001.6 013.1  34.9 16.71851 22.40678 28.45850 hargrave 2021-09-08 12:33:04 
TT 375 265.8  23.7 272.3  27.6 1.37E-02 002.0 012.1  34.4 18.48611 36.59674 27.46777 hargrave 2021-09-09 09:52:28 
TT 400 269.5  23.5 275.9  26.6 1.35E-02 001.5 016.1  34.1 15.64821 15.72817 26.98751 hargrave 2021-09-10 18:19:35 
TT 425 265.6  22.7 271.8  26.8 1.33E-02 002.2 011.7  33.5 14.98329 42.09318 26.72252 hargrave 2021-09-26 13:50:44 
TT 450 266.2  22.6 272.4  26.5 1.30E-02 001.2 012.4  33.4 5.778232 10.50509 25.35582 hargrave 2021-09-27 14:14:57 
TT 475 264.9  22.0 270.9  26.3 1.26E-02 001.8 010.9  32.9 12.37032 29.87285 23.79515 hargrave 2021-10-14 11:00:24 
TT 500 265.8  21.6 271.7  25.6 1.21E-02 001.1 011.9  32.4 5.474710 10.64941 22.95987 hargrave 2021-10-15 08:51:20 
TT 510 266.0  21.3 271.8  25.4 1.08E-02 001.0 012.1  32.1 4.732149 5.814957 20.19416 hargrave 2021-10-16 17:02:56 
TT 520 262.9  21.2 268.7  26.0 9.78E-03 002.7 008.7  32.1 10.75760 41.83293 18.71768 hargrave 2021-10-18 10:42:10 
TT 530 264.8  21.4 270.7  25.7 8.52E-03 002.1 010.8  32.2 6.173126 27.61631 16.09990 hargrave 2021-10-19 08:59:57 
TT 535 263.9  21.3 269.7  25.9 7.95E-03 001.5 009.8  32.2 6.252964 14.91244 15.37608 hargrave 2021-10-19 18:31:54 
TT 535 263.8  21.3 269.7  25.9 7.94E-03 001.5 009.7  32.2 6.317008 14.44115 15.10346 hargrave 2021-10-19 19:59:24 
TT 540 265.6  21.8 271.5  25.9 7.10E-03 001.1 011.7  32.6 4.215990 6.387903 12.71156 hargrave 2021-10-20 17:59:59 
TT 545 267.4  22.7 273.6  26.3 6.54E-03 001.8 013.7  33.4 4.047771 16.67608 12.05239 hargrave 2021-10-22 14:24:16 
TT 550 264.2  22.8 270.4  27.2 5.71E-03 001.5 010.2  33.6 4.228263 11.25737 10.69255 hargrave 2021-10-23 16:16:17 
TT 555 264.5  23.9 271.1  28.2 3.65E-03 004.5 010.6  34.7 6.126771 27.50587 6.756041 hargrave 2021-10-24 14:49:07 
TT 560 264.3  24.7 271.1  29.1 3.38E-03 002.1 010.4  35.6 2.025710 10.95033 6.106417 hargrave 2021-10-25 14:04:35 
TT 565 266.4  26.5 273.7  30.3 3.07E-03 001.3 012.8  37.3 1.982469 4.813536 5.369286 hargrave 2021-10-26 10:24:40 
TT 575 265.1  26.4 272.4  30.4 2.48E-03 002.0 011.4  37.2 1.866668 7.706257 4.199964 hargrave 2021-10-26 19:58:10 
TT 580 267.6  32.5 276.9  35.8 1.40E-03 001.1 014.6  43.2 0.782454 1.955201 2.327810 hargrave 2021-10-27 15:02:54 
TT 589 292.2  39.4 302.9  36.5 3.51E-04 002.2 044.0  47.8 0.752978 1.108114 0.218997 hargrave 2021-10-28 11:00:56 
