UI1- 6a mag compass orientation (IGRF corrected)
      0  91.0  65.0 285.5  14.0   1.0
NRM    280.5  33.3 289.8  33.3 1.65E-02 001.6 242.0  20.9 37.11011 18.63050 24.79448 hargrave 2021-09-03 16:50:10 
TT 100 277.2  36.3 287.7  37.0 1.65E-02 005.5 238.1  19.2 132.1576 87.04767 19.72085 hargrave 2021-09-05 10:40:46 
TT 200 274.5  30.3 282.9  32.0 1.63E-02 001.0 243.2  15.1 19.47511 12.21217 18.08977 hargrave 2021-09-06 09:28:20 
TT 300 271.6  27.6 279.2  30.1 1.57E-02 002.6 244.9  11.8 61.05820 31.21690 17.28119 hargrave 2021-09-06 17:39:46 
TT 325 271.9  23.2 278.2  25.8 1.51E-02 002.2 249.1  10.3 52.76058 18.62225 15.80322 hargrave 2021-09-07 16:43:15 
TT 350 271.3  22.6 277.5  25.3 1.45E-02 000.7 249.5  09.6 7.395810 4.412820 15.17263 hargrave 2021-09-08 12:37:18 
TT 375 270.6  23.5 277.0  26.3 1.40E-02 001.0 248.4  09.3 16.41669 6.072622 15.53421 hargrave 2021-09-09 09:58:21 
TT 400 268.2  27.4 275.8  30.7 1.34E-02 005.7 243.8  08.9 118.8806 59.28156 16.69844 hargrave 2021-09-10 18:23:49 
TT 425 267.7  25.5 274.7  28.9 1.28E-02 003.2 245.5  07.7 62.23113 32.62842 15.75870 hargrave 2021-09-26 13:55:51 
TT 450 267.1  25.6 274.2  29.2 1.24E-02 001.7 245.1  07.3 30.19612 13.10974 14.62711 hargrave 2021-09-27 14:19:13 
TT 475 267.0  24.7 273.8  28.4 1.15E-02 004.0 245.9  06.9 71.22852 33.23213 13.18364 hargrave 2021-10-14 11:04:39 
TT 500 265.7  25.7 272.8  29.6 1.07E-02 004.6 244.5  06.2 76.10222 35.57230 14.29850 hargrave 2021-10-15 08:55:36 
TT 510 266.8  24.0 273.4  27.8 9.55E-03 003.6 246.4  06.4 54.84695 24.10029 10.34390 hargrave 2021-10-16 17:07:13 
TT 520 265.6  26.0 272.8  30.0 8.17E-03 002.1 244.1  06.3 25.60595 13.28830 9.380466 hargrave 2021-10-18 10:46:23 
TT 530 266.5  24.3 273.2  28.1 6.91E-03 000.8 246.1  06.3 4.716383 5.053379 8.250602 hargrave 2021-10-19 09:04:12 
TT 535 267.1  23.3 273.5  27.0 5.99E-03 002.9 247.2  06.4 26.64151 11.70040 7.045650 hargrave 2021-10-19 18:36:11 
TT 540 266.9  23.4 273.3  27.1 5.24E-03 000.8 247.1  06.2 3.464099 1.886345 5.902004 hargrave 2021-10-20 18:05:02 
TT 545 267.6  22.5 273.8  26.1 4.34E-03 000.7 248.1  06.5 2.185197 1.303315 5.042783 hargrave 2021-10-22 14:28:36 
TT 550 268.5  22.2 274.6  25.6 3.69E-03 002.9 248.8  07.1 16.86826 7.185318 4.343613 hargrave 2021-10-23 16:20:32 
TT 555 268.9  19.3 274.1  22.7 2.06E-03 002.9 251.6  06.2 9.422356 3.883461 2.379922 hargrave 2021-10-24 14:53:22 
TT 560 268.2  21.1 274.0  24.6 1.83E-03 001.7 249.7  06.4 4.868791 1.972912 1.779267 hargrave 2021-10-25 14:09:38 
TT 565 266.8  23.7 273.3  27.5 1.16E-03 000.9 246.7  06.3 1.094587 0.679893 1.423992 hargrave 2021-10-26 10:28:55 
TT 575 278.8  24.7 285.4  25.6 4.72E-04 004.1 250.0  16.8 3.137081 0.924677 0.948352 hargrave 2021-10-26 20:03:14 
TT 580 258.3  33.3 267.8  38.6 3.92E-04 001.1 234.8  03.8 0.511085 0.210318 0.617915 hargrave 2021-10-27 15:09:34 
TT 589 265.5  53.4 285.1  55.9 1.66E-04 002.8 218.3  16.7 0.457353 0.382164 0.661993 hargrave 2021-10-28 11:06:02 
