UI2- 2a mag compass orientation (IGRF corrected)
      0 251.0  51.0 235.4  23.9   1.0
NRM    270.4  39.9 281.9  24.0 1.44E-02 003.6 132.3  11.8 63.32724 62.09066 22.40048 hargrave 2021-09-03 16:57:05 
TT 100 274.1  40.0 284.8  23.2 1.42E-02 002.4 134.4  09.9 41.30461 37.14096 20.48276 hargrave 2021-09-05 10:48:31 
TT 200 272.3  37.3 282.4  21.2 1.34E-02 005.4 131.4  09.0 96.74852 80.98305 19.19409 hargrave 2021-09-06 09:35:15 
TT 300 272.0  36.4 281.9  20.4 1.25E-02 001.1 130.6  08.6 13.52500 10.13931 17.86481 hargrave 2021-09-06 17:46:37 
TT 325 269.1  33.3 278.3  18.3 1.19E-02 002.7 126.6  08.3 44.76931 32.35815 15.33336 hargrave 2021-09-07 16:51:00 
TT 350 268.3  32.5 277.4  17.8 1.16E-02 004.7 125.6  08.2 76.90528 54.21467 14.79952 hargrave 2021-09-08 12:43:25 
TT 375 266.5  30.6 275.1  16.6 1.15E-02 002.9 123.1  08.2 47.14089 31.29910 13.86592 hargrave 2021-09-09 10:04:25 
TT 400 267.6  31.7 276.5  17.2 1.12E-02 000.8 124.5  08.1 6.903443 3.500417 14.05482 hargrave 2021-09-10 18:30:40 
TT 425 267.9  32.2 277.0  17.7 1.10E-02 001.5 125.2  08.3 22.20610 13.94595 13.93346 hargrave 2021-09-26 14:02:46 
TT 450 267.8  32.5 276.9  17.9 1.04E-02 002.9 125.3  08.5 41.76287 29.80581 13.39100 hargrave 2021-09-27 14:25:20 
TT 475 266.6  31.8 275.7  17.6 9.28E-03 002.8 124.1  08.8 36.16209 26.03533 10.16638 hargrave 2021-10-14 11:10:43 
TT 500 266.3  31.8 275.4  17.7 7.49E-03 001.1 123.8  09.1 5.929718 2.804184 13.34400 hargrave 2021-10-15 09:03:19 
TT 510 265.5  32.1 274.9  18.3 6.99E-03 002.4 123.7  09.8 22.38327 14.99900 12.23576 hargrave 2021-10-16 17:13:21 
TT 520 265.6  33.5 275.6  19.6 6.30E-03 003.0 124.9  10.6 26.08199 17.66897 11.76346 hargrave 2021-10-18 10:54:07 
TT 530 264.0  30.7 273.1  17.5 5.62E-03 001.6 121.8  09.8 12.07244 6.742251 8.769989 hargrave 2021-10-19 09:10:16 
TT 535 265.1  32.6 274.8  18.9 4.49E-03 000.9 123.9  10.3 2.227615 1.176892 7.229331 hargrave 2021-10-19 18:42:20 
TT 540 268.6  37.4 279.5  22.3 3.52E-03 003.9 129.5  11.3 18.04380 15.04888 5.942033 hargrave 2021-10-20 18:11:07 
TT 545 264.4  37.6 276.2  23.8 1.96E-03 001.1 127.4  14.0 1.926645 1.744484 3.111328 hargrave 2021-10-22 14:36:35 
TT 550 272.0  48.0 286.5  31.2 1.25E-03 001.0 139.4  16.3 0.632992 0.595917 2.233870 hargrave 2021-10-23 16:26:40 
TT 555 298.0  74.1 313.8  51.3 3.41E-04 004.3 167.9  26.7 0.438589 2.478222 0.630458 hargrave 2021-10-24 15:00:16 
TT 560 083.8  35.6 064.7  43.5 3.49E-04 002.0 246.8  30.4 1.072929 0.513048 0.273497 hargrave 2021-10-25 14:15:44 
