UI2- 4a mag compass orientation (IGRF corrected)
      0 214.0  38.0 235.4  23.9   1.0
NRM    256.8  19.7 262.6  09.8 2.15E-02 009.7 135.8 -07.3 255.5710 263.2640 33.63045 hargrave 2021-09-03 17:02:55 
NRM    266.0  23.5 272.2  10.1 2.18E-02 004.7 145.3 -07.5 97.34681 146.5411 32.28103 hargrave 2021-09-04 11:13:26 
TT 100 263.8  21.7 269.5  09.1 2.15E-02 004.2 142.7 -08.4 94.66510 123.6493 34.40258 hargrave 2021-09-05 10:54:24 
TT 200 262.1  18.9 267.0  07.1 2.09E-02 001.4 140.0 -10.3 24.78517 28.38799 33.10924 hargrave 2021-09-06 09:42:00 
TT 300 262.9  18.1 267.5  06.1 1.95E-02 000.9 140.4 -11.3 7.220526 10.45320 30.46733 hargrave 2021-09-06 17:52:32 
TT 325 259.7  16.2 263.8  05.5 1.87E-02 004.0 136.7 -11.7 85.67517 94.05762 28.26471 hargrave 2021-09-07 16:56:04 
TT 350 263.0  17.5 267.3  05.5 1.83E-02 003.5 140.2 -11.9 68.10737 85.90130 28.57487 hargrave 2021-09-08 12:48:28 
TT 375 258.0  15.2 261.9  05.1 1.80E-02 003.6 134.8 -11.9 76.05269 78.78669 26.24116 hargrave 2021-09-09 10:10:14 
TT 400 260.1  16.0 264.2  05.2 1.76E-02 004.3 137.1 -12.0 87.19926 96.13133 27.22496 hargrave 2021-09-10 18:36:29 
TT 425 261.5  17.4 265.9  06.0 1.71E-02 000.9 138.9 -11.4 8.383203 10.11217 25.39611 hargrave 2021-09-26 14:07:48 
TT 450 258.7  16.0 262.9  05.6 1.63E-02 003.1 135.8 -11.5 58.28816 61.44526 24.28404 hargrave 2021-09-27 14:31:14 
TT 475 258.6  16.3 262.9  05.9 1.55E-02 003.5 135.8 -11.2 62.58536 68.06999 21.63778 hargrave 2021-10-14 11:16:33 
TT 500 258.6  16.4 262.9  06.0 1.39E-02 001.3 135.9 -11.1 16.97906 18.86249 19.28355 hargrave 2021-10-15 09:08:23 
TT 510 257.4  15.9 261.7  05.9 1.28E-02 003.3 134.6 -11.1 50.75433 51.99629 17.33236 hargrave 2021-10-16 17:19:15 
TT 520 256.9  15.7 261.1  06.0 1.15E-02 004.6 134.1 -10.9 64.81542 64.67055 15.52533 hargrave 2021-10-18 10:59:09 
TT 530 253.9  14.8 258.1  06.3 9.85E-03 002.9 131.0 -10.4 34.81884 32.88616 12.87430 hargrave 2021-10-19 09:15:19 
TT 535 255.0  16.7 259.9  07.7 6.54E-03 001.6 132.9 -09.2 10.88909 11.96122 8.783605 hargrave 2021-10-19 18:47:26 
TT 540 258.6  20.1 264.4  09.4 4.55E-03 001.9 137.6 -07.8 8.556188 11.00693 6.056438 hargrave 2021-10-20 18:16:07 
TT 545 257.7  25.8 265.7  15.0 1.55E-03 002.6 139.3 -02.3 4.989273 4.652829 2.192001 hargrave 2021-10-22 14:41:44 
TT 550 265.6  33.6 275.5  19.7 9.60E-04 002.7 148.8  02.0 1.876381 3.738762 1.660080 hargrave 2021-10-23 16:31:45 
TT 555 300.8  67.4 312.4  44.6 2.26E-04 004.4 178.6  29.4 0.166774 1.723552 0.403050 hargrave 2021-10-24 15:05:19 
TT 560 016.2  44.5 003.9  27.3 2.89E-04 006.1 228.4  24.8 2.125830 2.213941 0.472952 hargrave 2021-10-25 14:20:46 
