UI2- 1a mag compass orientation (IGRF corrected)
      0  70.0  56.0 235.4  23.9   1.0
NRM    264.0  25.8 271.2  12.9 1.93E-02 002.3 254.7  25.1 72.79765 20.92342 17.37874 hargrave 2021-09-03 16:55:21 
TT 100 262.8  24.4 269.6  12.0 1.91E-02 004.7 255.5  23.5 151.2038 43.60973 14.38411 hargrave 2021-09-05 10:46:48 
TT 200 262.4  18.8 267.2  06.9 1.87E-02 002.0 260.6  20.4 63.24869 16.43334 12.88952 hargrave 2021-09-06 09:33:30 
TT 300 258.4  20.4 264.3  09.8 1.81E-02 000.9 257.1  17.9 23.49964 8.286665 13.35186 hargrave 2021-09-06 17:44:54 
TT 325 258.9  17.5 263.6  06.9 1.75E-02 002.3 260.0  16.8 66.72911 13.68488 13.36686 hargrave 2021-09-07 16:47:36 
TT 350 258.4  17.0 263.0  06.7 1.71E-02 003.7 260.1  16.2 107.9744 20.97017 13.23430 hargrave 2021-09-08 12:41:41 
TT 375 257.6  17.5 262.5  07.4 1.70E-02 004.5 259.3  15.8 129.8982 25.79805 13.11061 hargrave 2021-09-09 10:02:40 
TT 400 257.5  16.5 262.0  06.5 1.67E-02 003.3 260.1  15.2 94.83165 19.50681 12.86400 hargrave 2021-09-10 18:28:57 
TT 425 255.5  18.0 260.8  08.6 1.62E-02 006.1 257.8  14.4 167.1027 40.37864 13.05071 hargrave 2021-09-26 14:01:01 
TT 450 257.5  14.5 261.2  04.7 1.55E-02 004.5 261.8  14.2 118.9138 18.64800 11.76837 hargrave 2021-09-27 14:23:35 
TT 475 256.1  16.6 260.8  07.1 1.40E-02 001.9 259.3  14.1 42.97741 9.116599 10.64801 hargrave 2021-10-14 11:08:59 
TT 500 257.4  14.0 261.0  04.2 1.16E-02 003.4 262.3  13.9 66.52162 10.43101 8.648867 hargrave 2021-10-15 09:00:46 
TT 510 255.9  16.8 260.7  07.3 1.09E-02 002.8 259.1  14.1 51.13869 10.52662 8.500984 hargrave 2021-10-16 17:11:37 
TT 520 255.2  18.3 260.6  09.0 9.60E-03 003.2 257.4  14.2 52.05741 12.35110 7.530931 hargrave 2021-10-18 10:52:23 
TT 530 256.6  15.7 260.9  06.1 8.36E-03 003.3 260.3  14.1 47.04178 7.442307 6.325669 hargrave 2021-10-19 09:08:32 
TT 535 256.1  15.9 260.5  06.5 6.86E-03 006.8 259.9  13.8 79.95747 13.87532 5.208748 hargrave 2021-10-19 18:40:35 
TT 540 254.5  18.6 260.2  09.5 5.51E-03 001.3 256.8  13.9 11.57226 2.967264 4.593818 hargrave 2021-10-20 18:09:23 
TT 545 256.0  21.6 262.6  11.8 2.79E-03 005.1 254.8  16.6 24.19518 6.378761 2.236796 hargrave 2021-10-22 14:34:49 
TT 550 252.3  25.6 261.1  16.8 1.86E-03 001.2 249.4  15.8 3.357517 1.455257 1.679957 hargrave 2021-10-23 16:24:55 
TT 555 254.3  24.4 262.3  15.0 4.10E-04 002.5 251.5  16.8 1.678318 0.568814 0.313315 hargrave 2021-10-24 14:58:32 
TT 560 236.3  55.7 266.7  48.7 3.85E-04 002.2 215.8  20.5 1.030263 1.029390 0.451539 hargrave 2021-10-25 14:14:00 
