UI2- 8a mag compass orientation (IGRF corrected)
      0  42.0  31.0 235.4  23.9   1.0
NRM    248.7  19.6 255.4  12.6 6.53E-02 003.0 282.8  30.4 262.4738 364.5230 47.39768 hargrave 2021-09-03 17:08:25 
TT 100 248.0  18.7 254.4  12.0 6.53E-02 002.8 282.7  29.2 239.4283 306.8687 47.11076 hargrave 2021-09-05 10:59:54 
TT 200 246.3  18.5 252.9  12.5 6.47E-02 002.5 281.2  28.2 213.8280 317.9317 46.15252 hargrave 2021-09-06 09:47:32 
TT 300 247.9  17.2 253.7  10.8 6.32E-02 004.3 283.4  27.9 429.3992 301.2908 48.58209 hargrave 2021-09-06 17:59:44 
TT 325 245.8  18.0 252.2  12.3 6.26E-02 002.4 281.1  27.5 194.9815 288.1878 44.66319 hargrave 2021-09-07 17:02:25 
TT 350 246.8  17.8 253.0  11.7 6.09E-02 003.5 282.1  27.8 316.7570 262.8535 45.57914 hargrave 2021-09-08 12:53:57 
TT 375 248.0  16.2 253.4  09.8 6.12E-02 002.2 284.1  27.2 184.8381 226.8066 45.26563 hargrave 2021-09-09 10:15:43 
TT 400 246.2  17.1 252.2  11.3 5.95E-02 001.8 282.0  27.0 138.4656 194.0768 45.18182 hargrave 2021-09-10 18:42:49 
TT 425 248.2  14.8 253.0  08.4 5.53E-02 001.0 285.1  26.0 52.11587 93.79156 45.98815 hargrave 2021-09-26 14:13:19 
TT 450 245.6  16.3 251.3  10.8 4.78E-02 002.1 281.9  26.0 163.1897 45.81830 33.85169 hargrave 2021-09-27 14:36:45 
TT 475 247.6  15.0 252.5  08.9 3.66E-02 001.8 284.4  25.9 107.8158 36.88444 26.20031 hargrave 2021-10-14 11:22:03 
TT 500 243.6  17.9 250.2  13.1 1.69E-02 002.5 279.1  26.4 71.57754 11.96187 11.69195 hargrave 2021-10-15 09:13:55 
TT 510 244.5  18.3 251.2  13.0 1.16E-02 003.3 279.7  27.2 64.89702 11.14418 8.235836 hargrave 2021-10-16 17:25:38 
TT 520 239.3  22.4 248.3  18.8 5.62E-03 000.6 272.6  27.9 4.019104 1.204543 3.777979 hargrave 2021-10-18 11:04:39 
TT 530 230.0  31.2 244.5  30.4 2.00E-03 002.9 259.0  30.3 9.743709 2.203988 1.267294 hargrave 2021-10-19 09:22:30 
TT 535 197.8  32.2 214.5  44.1 9.44E-04 002.8 233.5  16.2 3.618608 2.724698 1.137715 hargrave 2021-10-19 18:53:49 
TT 540 144.7  26.1 144.4  50.0 8.05E-04 001.9 191.4 -04.3 0.674639 2.339942 1.239674 hargrave 2021-10-20 18:22:23 
TT 545 121.4  24.0 113.6  45.3 7.53E-04 001.3 170.3 -06.5 0.308964 1.299079 1.090015 hargrave 2021-10-22 14:47:29 
TT 550 113.7  09.8 108.9  29.7 6.42E-04 005.6 160.9 -19.7 1.771836 5.933499 0.897734 hargrave 2021-10-23 16:37:17 
TT 555 113.5  19.2 105.7  38.7 7.32E-04 001.6 162.3 -10.3 0.465530 1.682961 1.223596 hargrave 2021-10-24 15:10:51 
TT 560 097.6  09.4 091.8  24.7 8.71E-04 001.9 144.5 -16.2 0.859933 2.680545 1.155295 hargrave 2021-10-25 14:26:19 
