UI2- 5a mag compass orientation (IGRF corrected)
      0 246.0  20.0 235.4  23.9   1.0
NRM    271.1  23.2 276.5  08.2 2.50E-02 011.6 121.1  13.7 443.3252 255.6128 31.32860 hargrave 2021-09-03 17:04:20 
NRM    262.1  20.0 267.4  08.2 2.53E-02 006.1 111.8  13.5 252.8424 95.97706 25.99995 hargrave 2021-09-04 11:14:51 
TT 100 262.1  19.0 267.1  07.2 2.52E-02 002.6 111.5  12.5 106.2158 35.44775 25.65376 hargrave 2021-09-05 10:55:49 
TT 200 260.2  17.0 264.6  06.0 2.46E-02 004.4 109.1  11.2 180.2870 56.36238 24.45459 hargrave 2021-09-06 09:43:26 
TT 300 258.2  15.6 262.3  05.4 2.35E-02 003.7 106.7  10.5 144.4636 39.19670 23.29866 hargrave 2021-09-06 17:54:01 
TT 325 259.3  15.7 263.3  05.1 2.30E-02 002.2 107.8  10.3 80.52024 22.64692 22.98910 hargrave 2021-09-07 16:57:30 
TT 350 260.3  15.9 264.3  04.9 2.26E-02 004.2 108.8  10.1 155.4815 49.75250 22.05594 hargrave 2021-09-08 12:49:54 
TT 375 256.7  14.6 260.6  05.0 2.24E-02 001.0 105.0  10.0 34.41465 10.66686 20.30512 hargrave 2021-09-09 10:11:39 
TT 400 257.3  14.6 261.1  04.8 2.20E-02 003.0 105.6  09.9 111.2006 27.79154 19.89002 hargrave 2021-09-10 18:37:54 
TT 425 259.1  15.8 263.2  05.2 2.15E-02 000.6 107.7  10.4 13.63658 4.234571 18.11535 hargrave 2021-09-26 14:09:14 
TT 450 259.2  15.9 263.3  05.3 2.06E-02 003.1 107.8  10.5 106.6555 31.54206 19.45725 hargrave 2021-09-27 14:32:39 
TT 475 256.9  15.0 260.9  05.4 1.93E-02 005.6 105.3  10.4 182.1983 50.03888 16.93963 hargrave 2021-10-14 11:17:58 
TT 500 254.5  14.7 258.6  06.0 1.59E-02 001.4 103.0  11.0 35.96619 7.235857 13.53925 hargrave 2021-10-15 09:09:48 
TT 510 256.6  16.0 261.0  06.3 1.32E-02 000.6 105.4  11.4 8.985613 2.426690 11.36625 hargrave 2021-10-16 17:20:41 
TT 520 255.8  16.3 260.4  07.0 9.96E-03 002.3 104.8  12.0 37.27525 10.58960 8.295873 hargrave 2021-10-18 11:00:34 
TT 530 255.9  18.4 261.4  08.9 6.80E-03 002.3 105.7  13.9 25.81430 7.857611 5.678545 hargrave 2021-10-19 09:17:34 
TT 535 253.8  21.2 260.6  12.2 3.76E-03 000.9 104.7  17.2 4.734886 2.181872 3.061207 hargrave 2021-10-19 18:48:52 
TT 540 259.8  29.6 269.2  17.8 2.09E-03 001.9 113.4  23.2 6.010851 2.808346 2.005279 hargrave 2021-10-20 18:18:21 
TT 545 201.7  73.9 282.5  70.2 4.57E-04 000.7 126.4  75.7 0.225904 0.535095 0.117724 hargrave 2021-10-22 14:43:14 
TT 550 064.9  55.2 031.7  52.1 4.44E-04 003.8 242.9  50.1 2.277849 1.883843 0.387656 hargrave 2021-10-23 16:33:11 
TT 555 087.8  13.9 080.2  25.5 6.91E-04 001.8 285.9  20.4 2.166198 0.302114 0.537446 hargrave 2021-10-24 15:06:44 
TT 560 069.5  13.4 062.8  17.9 7.03E-04 004.3 268.6  13.8 5.205057 0.873855 0.619129 hargrave 2021-10-25 14:22:13 
