UI2- 6a mag compass orientation (IGRF corrected)
      0 254.0  63.0 235.4  23.9   1.0
NRM    278.8  40.0 288.5  22.0 1.72E-02 001.4 135.9  00.3 20.38876 21.41655 28.84722 hargrave 2021-09-03 17:05:42 
TT 100 274.6  34.4 283.2  17.8 1.71E-02 004.2 129.5 -00.1 95.57581 78.33769 25.10099 hargrave 2021-09-05 10:57:11 
TT 200 270.7  30.6 278.7  15.3 1.66E-02 000.9 124.5  00.6 5.179073 5.749747 25.80938 hargrave 2021-09-06 09:44:49 
TT 300 270.1  30.6 278.2  15.5 1.56E-02 005.4 124.2  01.1 119.8342 81.47814 22.62175 hargrave 2021-09-06 17:57:02 
TT 325 269.7  30.8 277.9  15.7 1.53E-02 001.2 124.2  01.4 16.32411 12.90010 23.10426 hargrave 2021-09-07 16:59:42 
TT 350 267.4  27.4 274.7  13.3 1.52E-02 002.1 120.2  01.4 43.36050 26.86922 20.95773 hargrave 2021-09-08 12:51:16 
TT 375 268.5  29.4 276.3  14.8 1.49E-02 003.0 122.4  01.6 63.47159 38.69670 22.03216 hargrave 2021-09-09 10:13:00 
TT 400 268.6  29.7 276.6  15.0 1.44E-02 001.5 122.7  01.7 27.18328 17.84446 21.30684 hargrave 2021-09-10 18:39:16 
TT 425 265.7  26.4 272.9  12.9 1.34E-02 002.6 118.6  02.3 51.29624 26.39779 16.58257 hargrave 2021-09-26 14:10:36 
TT 450 266.5  28.3 274.3  14.5 1.17E-02 003.5 120.7  02.6 59.80164 35.51014 15.37352 hargrave 2021-09-27 14:34:02 
TT 475 266.9  29.1 274.9  15.0 1.03E-02 005.2 121.5  02.7 79.34453 50.21199 13.06621 hargrave 2021-10-14 11:19:20 
TT 500 266.2  28.7 274.2  14.9 8.77E-03 001.0 120.9  03.0 8.643843 4.410279 11.63942 hargrave 2021-10-15 09:11:11 
TT 510 266.9  30.7 275.5  16.5 7.79E-03 000.9 122.9  03.5 6.674410 4.270381 9.595591 hargrave 2021-10-16 17:22:54 
TT 520 266.4  30.2 274.9  16.2 6.32E-03 000.8 122.2  03.6 3.451043 1.753111 7.887798 hargrave 2021-10-18 11:01:56 
TT 530 267.0  31.3 275.8  17.1 4.20E-03 001.8 123.5  03.8 9.912365 6.624747 5.417344 hargrave 2021-10-19 09:18:57 
TT 535 270.1  36.9 280.5  21.4 2.36E-03 001.6 129.6  04.3 4.068621 4.084033 3.238970 hargrave 2021-10-19 18:50:15 
TT 540 275.2  46.0 288.0  28.5 1.42E-03 002.6 139.4  05.9 3.732814 4.933493 2.176688 hargrave 2021-10-20 18:19:42 
TT 545 281.4  63.0 299.8  43.0 6.44E-04 002.8 155.6  12.6 1.511302 2.555278 1.080781 hargrave 2021-10-22 14:44:41 
TT 550 355.3  73.2 338.5  50.7 4.56E-04 003.6 183.3  10.5 0.433076 2.704827 0.863904 hargrave 2021-10-23 16:34:33 
TT 555 289.4  84.7 318.8  61.6 2.93E-04 000.9 175.3  23.8 0.308598 0.179776 0.525412 hargrave 2021-10-24 15:08:07 
TT 560 070.6  45.5 045.3  46.6 4.26E-04 002.1 226.9  16.7 1.064573 0.948904 0.599325 hargrave 2021-10-25 14:23:35 
