UI3- 8a mag compass orientation (IGRF corrected)
      0   8.0  12.0 352.8  11.3   1.0
NRM    277.7  18.5 279.1  29.4 8.41E-03 032.1 359.7  30.5 774.4029 5.643271 456.3008 hargrave 2021-09-03 17:29:56 
NRM    281.5  19.5 283.2  30.1 1.67E-02 003.1 003.8  31.5 25.23287 82.08478 28.62946 hargrave 2021-09-04 11:22:35 
TT 100 281.8  17.5 283.4  28.2 1.66E-02 003.2 004.1  29.5 18.35630 87.60720 27.95299 hargrave 2021-09-05 11:17:29 
TT 200 279.2  15.7 280.5  26.5 1.65E-02 002.7 001.3  27.7 12.56288 70.25141 28.71143 hargrave 2021-09-06 10:04:25 
TT 300 280.7  14.5 282.0  25.2 1.59E-02 003.6 002.9  26.5 16.23054 94.83490 27.90763 hargrave 2021-09-06 18:13:05 
TT 325 278.5  14.0 279.6  24.8 1.57E-02 001.1 000.5  26.0 10.97745 7.917408 27.59121 hargrave 2021-09-07 17:18:26 
TT 350 280.5  13.9 281.8  24.6 1.55E-02 003.9 002.7  25.9 16.98544 102.0359 27.52871 hargrave 2021-09-08 13:08:17 
TT 375 273.5  13.4 274.2  24.5 1.55E-02 002.5 355.1  25.4 7.614228 61.69640 26.94689 hargrave 2021-09-09 10:30:44 
TT 400 278.7  13.1 279.8  24.0 1.47E-02 003.4 000.7  25.1 12.61405 81.88526 27.28634 hargrave 2021-09-10 18:57:51 
TT 425 281.2  13.3 282.5  24.0 1.20E-02 001.3 003.5  25.3 3.957080 17.28150 20.85286 hargrave 2021-09-26 14:29:10 
TT 450 279.7  12.5 280.8  23.2 1.31E-02 001.4 001.9  24.4 7.717027 22.17024 22.66923 hargrave 2021-09-27 14:52:41 
TT 475 273.9  12.3 274.6  23.4 1.27E-02 001.0 355.6  24.2 6.215603 5.253070 20.07797 hargrave 2021-10-14 11:38:41 
TT 500 276.7  12.5 277.6  23.4 1.11E-02 001.1 358.6  24.5 3.925754 12.26570 17.51029 hargrave 2021-10-15 09:29:00 
TT 510 273.5  13.4 274.3  24.5 8.54E-03 001.5 355.2  25.4 2.855017 18.23011 13.70211 hargrave 2021-10-16 17:40:47 
TT 520 274.6  15.5 275.6  26.5 5.56E-03 001.9 356.3  27.5 1.820383 16.23268 8.738864 hargrave 2021-10-18 11:19:40 
TT 530 276.2  15.5 277.3  26.5 3.87E-03 003.5 358.1  27.5 0.967908 23.10871 6.466819 hargrave 2021-10-19 09:37:32 
TT 535 278.6  18.0 280.0  28.9 2.78E-03 003.5 000.6  30.0 1.684036 16.46983 4.335356 hargrave 2021-10-19 19:08:54 
TT 540 275.8  16.9 276.8  27.9 2.04E-03 001.3 357.5  28.9 1.010963 3.620476 2.984251 hargrave 2021-10-20 18:36:29 
TT 545 263.8  20.3 263.9  31.6 1.64E-03 013.5 344.3  31.9 11.05320 37.95010 2.084230 hargrave 2021-10-22 15:03:03 
TT 545 273.7  19.2 274.7  30.3 1.69E-03 003.0 355.3  31.2 0.520729 8.324672 2.560002 hargrave 2021-10-22 16:04:17 
TT 550 274.9  19.8 276.1  30.9 1.15E-03 001.2 356.5  31.8 0.478480 1.827839 1.646037 hargrave 2021-10-23 16:51:36 
TT 555 297.5  25.6 301.4  34.7 3.04E-04 000.9 022.1  36.8 0.273063 0.244513 0.336004 hargrave 2021-10-24 15:25:54 
TT 560 270.0  22.9 270.8  34.1 1.87E-04 001.4 351.0  34.8 0.277546 0.421201 0.170742 hargrave 2021-10-25 14:40:35 
