UI3- 6a mag compass orientation (IGRF corrected)
      0 110.0   7.0 352.8  11.3   1.0
NRM    265.8  13.5 266.0  24.7 8.63E-03 047.9 244.5  10.5 390.8127 818.5914 168.6233 hargrave 2021-09-03 17:24:38 
NRM    272.9  12.6 273.6  23.7 1.72E-02 005.5 251.6  10.5 155.1294 53.27082 13.14293 hargrave 2021-09-04 11:21:06 
TT 100 270.1  11.0 270.5  22.2 1.71E-02 001.0 249.0  08.6 26.26750 11.24357 12.51455 hargrave 2021-09-05 11:12:57 
TT 200 270.3  09.8 270.7  21.0 1.70E-02 001.9 249.3  07.4 52.29523 21.67354 12.81805 hargrave 2021-09-06 10:01:31 
TT 300 270.4  09.2 270.8  20.4 1.68E-02 001.0 249.4  06.8 26.41003 9.388077 12.61946 hargrave 2021-09-06 18:10:12 
TT 325 265.6  09.7 265.8  20.9 1.67E-02 003.2 244.7  06.7 82.97834 39.22800 13.31536 hargrave 2021-09-07 17:14:41 
TT 350 268.5  09.0 268.8  20.3 1.67E-02 000.6 247.6  06.4 9.538893 4.784606 12.68075 hargrave 2021-09-08 13:05:23 
TT 375 263.1  09.8 263.1  21.1 1.64E-02 004.6 242.2  06.5 117.4362 61.08722 13.72017 hargrave 2021-09-09 10:27:51 
TT 400 268.1  09.1 268.4  20.3 1.62E-02 001.4 247.2  06.4 35.25746 15.07596 12.25945 hargrave 2021-09-10 18:54:59 
TT 425 269.9  08.1 270.3  19.4 1.58E-02 000.5 249.1  05.7 6.596325 7.048474 12.04260 hargrave 2021-09-26 14:26:16 
TT 450 268.1  08.3 268.4  19.6 1.52E-02 000.9 247.4  05.7 18.22871 8.635647 11.52919 hargrave 2021-09-27 14:49:47 
TT 475 268.6  08.2 268.9  19.5 1.20E-02 003.2 247.8  05.6 62.24941 24.79715 8.962711 hargrave 2021-10-14 11:35:48 
TT 500 267.7  08.5 267.9  19.8 8.35E-03 001.1 246.9  05.8 13.52194 5.731096 6.349395 hargrave 2021-10-15 09:26:06 
TT 510 267.7  09.2 268.0  20.4 5.37E-03 000.6 246.8  06.5 2.975771 1.459007 4.156233 hargrave 2021-10-16 17:37:52 
TT 520 262.5  10.8 262.5  22.1 3.27E-03 002.6 241.5  07.5 12.49495 7.914443 2.550319 hargrave 2021-10-18 11:16:47 
TT 530 266.1  10.1 266.3  21.4 1.98E-03 001.6 245.1  07.2 4.187710 3.549389 1.517409 hargrave 2021-10-19 09:34:39 
TT 535 270.1  09.2 270.5  20.4 1.46E-03 000.5 249.2  06.7 0.706141 0.934004 1.147982 hargrave 2021-10-19 19:06:00 
TT 540 267.8  09.4 268.1  20.7 7.87E-04 001.8 246.9  06.8 1.809274 1.763180 0.586442 hargrave 2021-10-20 18:33:37 
TT 545 266.8  15.0 267.1  26.2 5.51E-04 000.7 245.3  12.1 0.241998 0.575862 0.504948 hargrave 2021-10-22 14:59:13 
TT 550 286.3 -01.0 286.6  09.3 2.47E-04 002.6 266.4 -01.5 1.068156 0.693384 0.224933 hargrave 2021-10-23 16:48:42 
TT 555 171.2  25.9 165.9  25.0 1.63E-04 008.7 152.6  19.7 0.804441 2.379937 0.283128 hargrave 2021-10-24 15:23:00 
TT 560 281.9 -07.1 281.8  03.6 9.38E-05 008.7 262.8 -08.0 1.215624 1.548404 0.081688 hargrave 2021-10-25 14:37:40 
