UI3- 2a mag compass orientation (IGRF corrected)
      0  60.0  79.0 352.8  11.3   1.0
NRM    263.2  24.5 263.2  35.8 1.66E-02 002.6 248.0  25.5 66.86501 29.97729 14.25304 hargrave 2021-09-03 17:12:57 
TT 100 262.0  22.6 261.9  33.9 1.63E-02 002.6 250.1  24.4 69.12149 27.74404 11.57825 hargrave 2021-09-05 11:03:39 
TT 200 260.9  15.6 260.8  26.9 1.61E-02 001.6 257.5  22.9 41.87839 12.63824 11.35134 hargrave 2021-09-06 09:50:27 
TT 300 260.1  19.0 259.9  30.3 1.56E-02 002.3 253.9  22.4 58.17685 17.66322 11.22089 hargrave 2021-09-06 18:02:38 
TT 325 260.0  19.0 259.8  30.2 1.53E-02 002.4 253.9  22.3 60.58889 17.72985 10.86588 hargrave 2021-09-07 17:06:10 
TT 350 259.9  16.6 259.7  27.9 1.52E-02 000.4 256.4  22.0 4.835915 2.412189 10.95476 hargrave 2021-09-08 12:57:44 
TT 375 260.1  15.1 259.9  26.4 1.49E-02 000.6 258.1  22.1 11.69943 2.976971 10.40498 hargrave 2021-09-09 10:18:40 
TT 400 259.9  16.5 259.6  27.8 1.45E-02 001.7 256.5  22.0 41.66210 11.32983 10.23770 hargrave 2021-09-10 18:45:43 
TT 425 259.0  17.8 258.6  29.1 1.31E-02 000.5 255.0  21.2 4.562210 4.836402 9.569042 hargrave 2021-09-26 14:17:02 
TT 450 258.9  16.3 258.6  27.5 1.23E-02 001.8 256.7  21.0 36.74315 10.79117 9.027606 hargrave 2021-09-27 14:40:30 
TT 475 258.1  13.1 257.7  24.3 1.25E-02 003.4 259.9  19.9 73.93608 12.71299 8.799229 hargrave 2021-10-14 11:24:57 
TT 500 256.8  13.4 256.4  24.7 1.07E-02 001.9 259.4  18.7 33.47956 7.099559 7.745128 hargrave 2021-10-15 09:16:50 
TT 510 256.3  13.9 255.8  25.2 8.87E-03 000.5 258.8  18.3 4.606696 2.411945 6.460301 hargrave 2021-10-16 17:28:34 
TT 520 255.8  16.8 255.2  28.0 6.13E-03 002.3 255.8  18.1 23.64396 6.340189 4.412754 hargrave 2021-10-18 11:07:34 
TT 530 254.7  16.4 254.0  27.5 3.98E-03 001.4 256.1  17.0 8.886477 1.901885 2.902197 hargrave 2021-10-19 09:25:24 
TT 535 255.5  19.0 254.9  30.2 2.46E-03 001.4 253.4  18.1 5.431073 2.147411 1.817724 hargrave 2021-10-19 18:56:44 
TT 540 254.0  18.3 253.2  29.4 1.70E-03 001.5 254.0  16.6 3.969707 1.985116 1.231470 hargrave 2021-10-20 18:25:17 
TT 545 254.0  21.8 253.0  33.0 9.69E-04 001.6 250.3  16.9 2.181160 1.381831 0.744493 hargrave 2021-10-22 14:50:30 
TT 550 258.7  29.5 258.1  40.8 7.27E-04 006.2 242.4  21.6 6.704378 4.222785 0.653352 hargrave 2021-10-23 16:40:13 
TT 555 256.7  38.6 255.4  49.8 5.15E-04 003.8 232.8  19.9 2.477637 2.350467 0.448390 hargrave 2021-10-24 15:13:45 
TT 560 225.8  34.5 220.0  43.2 3.21E-04 005.2 233.3 -05.2 2.203567 1.927728 0.277234 hargrave 2021-10-25 14:29:13 
