UI3- 7a mag compass orientation (IGRF corrected)
      0  61.0  77.0 352.8  11.3   1.0
NRM    275.9  22.0 277.3  33.0 1.64E-02 006.0 252.1  36.9 165.4049 47.47521 14.39574 hargrave 2021-09-03 17:26:54 
TT 100 274.4  14.2 275.2  25.3 1.61E-02 001.6 261.6  35.1 42.18983 8.184569 10.23921 hargrave 2021-09-05 11:14:23 
TT 200 272.5  10.5 273.1  21.7 1.57E-02 000.6 265.7  32.8 12.38840 3.039671 10.87272 hargrave 2021-09-06 10:02:58 
TT 300 271.3  09.0 271.8  20.1 1.49E-02 002.4 267.3  31.4 61.31394 3.227617 10.97596 hargrave 2021-09-06 18:11:39 
TT 325 270.3  11.5 270.8  22.7 1.44E-02 001.2 264.2  30.8 27.90133 4.688228 10.18907 hargrave 2021-09-07 17:16:09 
TT 350 270.5  08.7 270.9  19.9 1.42E-02 000.4 267.5  30.5 4.957283 2.383386 10.33762 hargrave 2021-09-08 13:06:51 
TT 375 270.3  08.0 270.6  19.2 1.40E-02 000.4 268.2  30.2 5.278076 3.210368 10.14431 hargrave 2021-09-09 10:29:17 
TT 400 269.6  10.1 269.9  21.4 1.37E-02 000.4 265.7  29.9 3.766157 1.709842 9.708167 hargrave 2021-09-10 18:56:25 
TT 425 269.5  05.5 269.8  16.7 1.34E-02 001.5 270.9  29.0 34.04873 4.184988 9.714835 hargrave 2021-09-26 14:27:43 
TT 450 268.5  10.3 268.8  21.5 1.31E-02 000.6 265.3  28.9 10.91860 2.747661 8.753985 hargrave 2021-09-27 14:51:14 
TT 475 267.7  11.3 268.0  22.6 1.10E-02 000.6 264.0  28.3 7.890376 2.772569 7.232642 hargrave 2021-10-14 11:37:14 
TT 500 267.6  09.9 267.9  21.2 8.13E-03 001.6 265.5  28.0 22.77137 1.535298 5.423581 hargrave 2021-10-15 09:27:33 
TT 510 266.0  12.7 266.2  24.0 5.34E-03 004.1 262.1  26.8 37.56677 5.626169 3.652319 hargrave 2021-10-16 17:39:19 
TT 520 267.0  12.4 267.3  23.6 3.14E-03 001.8 262.7  27.7 9.734264 1.948298 2.103467 hargrave 2021-10-18 11:18:14 
TT 530 268.0  10.7 268.3  22.0 1.99E-03 001.4 264.7  28.4 4.452988 0.812076 1.316305 hargrave 2021-10-19 09:36:06 
TT 535 268.9  12.6 269.3  23.8 1.34E-03 002.9 262.7  29.6 6.599461 0.621662 0.860459 hargrave 2021-10-19 19:07:26 
TT 540 265.9  11.4 266.1  22.7 7.06E-04 000.6 263.6  26.5 0.380233 0.795727 0.477946 hargrave 2021-10-20 18:35:03 
TT 545 268.2  19.6 268.7  30.8 5.01E-04 001.0 254.7  29.7 0.695887 0.457693 0.434656 hargrave 2021-10-22 15:00:43 
TT 550 278.3 -06.3 278.3  04.6 2.61E-04 001.4 287.1  34.2 0.664661 0.459699 0.160799 hargrave 2021-10-23 16:50:09 
TT 555 347.1  22.8 351.9  23.4 1.19E-04 003.8 124.9  71.8 0.124186 0.872740 0.305209 hargrave 2021-10-24 15:24:27 
TT 560 261.1  03.3 261.1  14.6 9.09E-05 003.3 271.2  20.3 0.412276 0.968684 0.078949 hargrave 2021-10-25 14:39:07 
