UI3- 3a mag compass orientation (IGRF corrected)
      0  35.0  11.0 352.8  11.3   1.0
NRM    270.3  22.5 271.1  33.7 1.56E-02 000.8 321.9  31.4 8.032997 11.25656 18.59593 hargrave 2021-09-03 17:16:08 
TT 100 268.5  20.2 269.1  31.5 1.55E-02 001.8 320.4  28.9 23.77435 37.13604 18.74468 hargrave 2021-09-05 11:05:12 
TT 200 269.3  16.6 269.8  27.8 1.53E-02 001.8 321.8  25.4 21.76280 37.32507 20.75625 hargrave 2021-09-06 09:52:52 
TT 300 267.9  14.3 268.3  25.6 1.50E-02 001.6 320.6  23.0 27.81319 26.88914 19.75928 hargrave 2021-09-06 18:04:09 
TT 325 263.7  14.1 263.7  25.4 1.48E-02 002.6 316.2  22.2 42.36076 50.40800 17.70320 hargrave 2021-09-07 17:07:43 
TT 350 267.5  13.0 267.8  24.2 1.46E-02 002.6 320.4  21.6 36.25586 51.87636 19.78932 hargrave 2021-09-08 12:59:16 
TT 375 266.5  12.7 266.8  24.0 1.45E-02 001.0 319.4  21.2 14.63790 9.669065 19.03149 hargrave 2021-09-09 10:20:11 
TT 400 264.8  12.5 265.0  23.8 1.43E-02 001.8 317.7  20.8 24.12135 33.44650 18.68648 hargrave 2021-09-10 18:47:17 
TT 425 264.3  11.5 264.4  22.8 1.41E-02 001.1 317.3  19.7 15.08319 14.72156 18.40746 hargrave 2021-09-26 14:18:34 
TT 450 264.9  11.0 265.1  22.3 1.39E-02 002.0 318.0  19.3 31.70942 32.89352 16.37963 hargrave 2021-09-27 14:42:02 
TT 475 263.7  10.4 263.8  21.7 1.25E-02 001.3 316.8  18.5 18.04183 15.41565 14.12304 hargrave 2021-10-14 11:26:28 
TT 500 262.6  10.7 262.6  22.0 9.02E-03 003.2 315.6  18.7 32.54768 36.74899 10.78574 hargrave 2021-10-15 09:18:22 
TT 510 263.3  11.0 263.4  22.3 6.45E-03 000.7 316.3  19.1 2.173563 2.790872 7.462002 hargrave 2021-10-16 17:30:07 
TT 520 261.3  13.3 261.1  24.6 3.94E-03 000.7 313.8  21.1 1.186401 1.351627 4.485617 hargrave 2021-10-18 11:09:54 
TT 530 260.6  10.9 260.5  22.2 2.51E-03 002.4 313.6  18.7 7.626201 6.603074 2.884221 hargrave 2021-10-19 09:26:55 
TT 535 259.4  13.6 259.2  24.9 1.48E-03 000.7 311.9  21.2 1.298556 0.569375 1.593827 hargrave 2021-10-19 18:58:15 
TT 540 265.9  11.5 266.0  22.7 8.86E-04 001.4 318.9  19.9 1.733686 1.090640 1.011029 hargrave 2021-10-20 18:26:47 
TT 545 264.8  14.0 265.0  25.3 3.57E-04 001.8 317.4  22.2 0.153560 1.285573 0.618743 hargrave 2021-10-22 14:52:04 
TT 550 247.8  08.8 247.1  19.7 2.16E-04 002.0 300.9  14.7 0.949281 0.314019 0.201544 hargrave 2021-10-23 16:41:45 
TT 555 231.1  69.3 203.7  77.5 4.17E-05 012.1 256.3  69.6 0.309717 0.887595 0.042205 hargrave 2021-10-24 15:15:16 
TT 560 208.5 -51.1 217.9 -43.8 1.06E-04 007.1 277.2 -51.0 1.250540 0.690694 0.078776 hargrave 2021-10-25 14:30:46 
