UI4- 5a mag compass orientation (IGRF corrected)
      0 334.0  41.0 300.6  28.7   1.0
NRM    316.9  60.5 349.3  44.2 1.61E-03 001.6 134.4  48.7 2.805637 1.989192 2.791380 hargrave 2021-09-03 17:39:48 
TT 100 315.5  57.9 346.4  42.7 1.57E-03 002.3 130.4  48.6 5.801776 2.116076 1.910951 hargrave 2021-09-05 11:24:58 
TT 200 305.9  56.6 339.7  45.1 1.34E-03 002.8 126.0  53.1 6.133829 2.302556 1.149777 hargrave 2021-09-06 10:11:52 
TT 300 298.6  56.5 335.4  47.8 1.20E-03 002.5 124.2  57.1 4.864037 1.495050 1.069725 hargrave 2021-09-06 18:22:03 
TT 325 288.1  53.6 325.8  50.1 9.26E-04 002.3 116.4  62.5 3.581242 0.576642 0.662906 hargrave 2021-09-07 17:26:49 
TT 350 283.8  50.4 319.4  49.8 7.97E-04 002.6 108.3  64.5 3.624218 0.391325 0.497254 hargrave 2021-09-08 13:15:52 
TT 375 282.0  49.6 317.3  50.1 7.32E-04 001.1 105.9  65.5 1.327664 0.287154 0.417531 hargrave 2021-09-09 10:38:06 
TT 400 280.7  49.8 316.6  50.8 6.79E-04 002.5 105.9  66.3 2.977200 0.231545 0.395707 hargrave 2021-09-10 19:05:15 
TT 425 279.8  49.6 315.7  51.1 6.38E-04 001.9 105.1  66.9 2.039562 0.185647 0.349324 hargrave 2021-09-26 14:36:35 
TT 450 278.6  47.9 312.9  50.5 6.01E-04 001.4 100.3  67.2 1.436415 0.176485 0.302855 hargrave 2021-09-27 15:00:07 
TT 475 277.1  47.2 311.0  50.7 5.57E-04 001.1 097.9  68.0 1.029728 0.257130 0.292398 hargrave 2021-10-14 11:46:52 
TT 500 277.6  48.1 312.5  51.1 5.11E-04 001.1 100.6  67.9 0.968119 0.226885 0.246635 hargrave 2021-10-15 09:36:24 
TT 510 275.4  46.3 308.7  50.8 4.59E-04 002.4 094.5  68.8 1.926516 0.128016 0.226369 hargrave 2021-10-16 17:49:05 
TT 520 274.9  44.9 306.8  50.0 4.05E-04 001.6 090.6  68.7 1.116275 0.183057 0.175376 hargrave 2021-10-18 11:27:05 
TT 530 276.0  47.4 310.4  51.4 3.40E-04 002.2 098.0  68.8 1.312947 0.068857 0.164091 hargrave 2021-10-19 09:44:58 
TT 535 273.5  47.2 308.2  52.4 2.98E-04 002.8 096.0  70.4 1.468112 0.083035 0.155246 hargrave 2021-10-19 19:16:19 
TT 540 275.1  48.5 311.0  52.6 2.26E-04 002.8 100.5  69.6 1.083715 0.075116 0.138028 hargrave 2021-10-20 18:43:51 
TT 545 278.9  49.3 314.7  51.3 1.79E-04 001.7 104.1  67.4 0.506480 0.083851 0.121742 hargrave 2021-10-22 15:10:36 
TT 550 279.0  51.2 317.0  52.5 1.45E-04 002.7 108.9  67.6 0.666968 0.180294 0.113896 hargrave 2021-10-23 16:59:03 
TT 555 289.1  48.3 321.0  45.9 7.54E-05 004.8 106.0  60.6 0.598725 0.193513 0.056291 hargrave 2021-10-24 15:33:20 
TT 560 276.9  53.4 318.4  55.0 6.79E-05 003.0 114.6  69.1 0.312919 0.177741 0.037491 hargrave 2021-10-25 14:48:00 
TT 565 296.8  58.2 336.3  49.7 5.68E-05 002.5 127.1  58.2 0.188842 0.156899 0.072623 hargrave 2021-10-26 10:42:19 
TT 575 106.3  74.2 057.5  54.3 1.55E-05 009.3 193.2  36.4 0.066391 0.243636 0.049250 hargrave 2021-10-26 20:14:58 
TT 580 292.3  29.3 308.8  29.3 1.35E-05 002.6 079.8  48.6 0.058235 0.046344 0.019382 hargrave 2021-10-27 15:22:11 
TT 589 284.0  83.7 017.5  62.5 1.08E-05 005.3 173.2  53.6 0.026700 0.100724 0.046434 hargrave 2021-10-28 11:17:53 
