UI4- 4a mag compass orientation (IGRF corrected)
      0 346.0  42.0 300.6  28.7   1.0
NRM    341.4  61.4 003.0  38.3 3.73E-03 001.8 139.4  42.7 9.227067 3.298500 6.412218 hargrave 2021-09-03 17:37:29 
TT 100 342.1  61.6 003.6  38.4 3.66E-03 003.0 140.0  42.5 14.12001 12.09436 3.612783 hargrave 2021-09-05 11:23:28 
TT 200 334.9  60.7 359.2  39.2 2.61E-03 001.7 136.9  45.3 6.439783 3.618978 2.091961 hargrave 2021-09-06 10:10:21 
TT 300 324.7  60.2 353.2  41.6 1.91E-03 001.9 133.9  50.0 5.419426 3.149615 1.466919 hargrave 2021-09-06 18:20:34 
TT 325 304.5  60.4 342.7  48.3 8.71E-04 001.3 132.4  59.9 1.805218 0.639579 0.565484 hargrave 2021-09-07 17:25:19 
TT 350 291.6  57.8 333.0  51.5 5.15E-04 000.9 128.3  66.8 0.771522 0.109761 0.244340 hargrave 2021-09-08 13:14:22 
TT 375 284.8  58.0 329.5  54.4 4.47E-04 001.8 131.2  70.2 1.301573 0.556290 0.219451 hargrave 2021-09-09 10:36:37 
TT 400 284.4  57.9 329.0  54.5 3.92E-04 001.7 130.9  70.5 1.102908 0.447874 0.147747 hargrave 2021-09-10 19:03:45 
TT 425 281.5  57.2 326.4  55.3 3.62E-04 000.4 130.4  72.1 0.255658 0.100187 0.075470 hargrave 2021-09-26 14:35:04 
TT 450 281.7  56.0 324.9  54.5 3.51E-04 000.7 126.6  72.4 0.370921 0.147780 0.074986 hargrave 2021-09-27 14:58:37 
TT 475 275.5  56.8 322.4  57.8 3.35E-04 001.0 134.1  75.3 0.543146 0.264017 0.125935 hargrave 2021-10-14 11:45:22 
TT 500 279.7  56.6 324.6  55.7 2.86E-04 001.2 129.7  73.3 0.506022 0.324710 0.077299 hargrave 2021-10-15 09:34:54 
TT 510 276.0  57.0 322.9  57.6 2.74E-04 001.6 134.0  75.0 0.628148 0.419236 0.089493 hargrave 2021-10-16 17:47:34 
TT 520 275.7  51.6 315.3  54.4 2.55E-04 001.7 113.3  76.8 0.662408 0.328503 0.039307 hargrave 2021-10-18 11:25:36 
TT 530 280.5  56.5 324.9  55.4 1.95E-04 001.1 129.0  72.9 0.257431 0.259945 0.050867 hargrave 2021-10-19 09:43:28 
TT 535 273.6  53.5 316.4  56.6 1.85E-04 001.6 123.2  77.6 0.419461 0.307104 0.068900 hargrave 2021-10-19 19:14:49 
TT 540 273.1  48.9 310.0  53.8 1.66E-04 001.3 101.2  78.6 0.334825 0.172280 0.039981 hargrave 2021-10-20 18:42:22 
TT 545 286.3  47.5 318.2  46.7 1.64E-04 001.6 100.1  69.8 0.336357 0.317011 0.047997 hargrave 2021-10-22 15:09:04 
TT 550 273.3  58.9 324.5  59.8 1.40E-04 002.6 143.3  75.1 0.301726 0.567367 0.111283 hargrave 2021-10-23 16:57:33 
TT 555 282.3  35.9 305.0  39.5 5.69E-05 003.3 067.7  67.1 0.197166 0.290923 0.021447 hargrave 2021-10-24 15:31:50 
TT 560 264.7  35.0 288.2  47.2 5.34E-05 002.6 029.7  75.5 0.060472 0.240599 0.025026 hargrave 2021-10-25 14:46:30 
TT 565 331.8  65.9 001.4  44.4 5.42E-05 003.3 143.6  48.2 0.091579 0.377714 0.092269 hargrave 2021-10-26 10:40:53 
TT 575 102.6  25.3 093.0  13.9 2.60E-05 012.4 204.6 -12.9 0.291070 0.465845 0.178274 hargrave 2021-10-26 20:13:33 
TT 580 299.0 -09.1 294.9 -07.2 3.82E-05 002.0 046.4  21.5 0.162551 0.202904 0.036874 hargrave 2021-10-27 15:20:45 
TT 589 122.6 -11.5 127.9 -09.1 2.75E-05 009.5 242.8 -36.8 0.317723 0.396529 0.164185 hargrave 2021-10-28 11:16:27 
