UI4- 7a mag compass orientation (IGRF corrected)
      0 326.0  15.0 300.6  28.7   1.0
NRM    347.1  64.4 007.8  39.8 2.08E-03 002.9 133.5  56.2 9.362014 3.477782 3.365677 hargrave 2021-09-03 17:41:32 
TT 100 341.1  61.2 002.8  38.2 2.00E-03 001.6 126.8  54.5 5.125473 1.504114 1.736678 hargrave 2021-09-05 11:26:41 
TT 200 328.0  59.7 354.7  40.3 1.43E-03 001.3 115.5  56.1 3.105766 0.523711 0.947799 hargrave 2021-09-06 10:13:37 
TT 300 315.3  58.7 346.9  43.3 1.08E-03 002.6 104.1  58.2 4.831064 0.899892 0.566538 hargrave 2021-09-06 18:23:46 
TT 325 286.6  51.5 322.5  49.3 5.69E-04 000.7 069.5  59.1 0.707278 0.137381 0.236187 hargrave 2021-09-07 17:28:33 
TT 350 276.1  47.2 310.2  51.1 4.70E-04 000.8 054.5  57.5 0.652384 0.125033 0.250491 hargrave 2021-09-08 13:17:36 
TT 375 273.4  44.5 305.1  50.5 4.40E-04 002.3 049.8  55.4 1.511452 0.866990 0.236639 hargrave 2021-09-09 10:39:50 
TT 400 271.7  43.5 302.7  50.6 4.24E-04 002.5 047.3  54.8 1.587996 0.961315 0.272472 hargrave 2021-09-10 19:06:59 
TT 425 270.9  42.7 301.2  50.4 4.12E-04 002.9 045.9  54.2 1.688605 1.137258 0.296400 hargrave 2021-09-26 14:38:19 
TT 450 270.5  41.9 300.1  49.9 3.96E-04 001.8 045.2  53.5 1.048241 0.578640 0.294293 hargrave 2021-09-27 15:01:51 
TT 475 270.5  42.6 300.8  50.5 3.72E-04 002.2 045.5  54.2 1.127668 0.873548 0.215842 hargrave 2021-10-14 11:48:36 
TT 500 268.9  41.4 298.1  50.3 3.53E-04 001.6 043.0  53.3 0.695371 0.672589 0.204102 hargrave 2021-10-15 09:38:08 
TT 510 269.5  42.1 299.4  50.5 3.14E-04 001.6 044.0  53.9 0.719891 0.492190 0.198679 hargrave 2021-10-16 17:50:50 
TT 520 267.2  43.0 298.2  52.3 2.75E-04 002.6 041.6  55.2 1.000856 0.761112 0.184345 hargrave 2021-10-18 11:28:49 
TT 530 271.7  43.1 302.3  50.3 2.42E-04 000.5 047.1  54.5 0.211624 0.103730 0.115352 hargrave 2021-10-19 09:46:42 
TT 535 267.6  45.3 301.1  53.8 1.90E-04 001.0 043.1  57.3 0.318258 0.092971 0.103111 hargrave 2021-10-19 19:18:03 
TT 540 274.6  46.2 308.0  51.2 1.43E-04 002.8 052.1  56.9 0.643310 0.269143 0.064407 hargrave 2021-10-20 18:45:35 
TT 545 271.9  48.0 307.9  53.7 1.22E-04 000.9 049.9  59.1 0.089836 0.172707 0.082731 hargrave 2021-10-22 15:12:21 
TT 550 276.3  52.2 316.4  54.5 1.02E-04 002.1 058.1  62.1 0.381414 0.086601 0.037518 hargrave 2021-10-23 17:00:48 
TT 555 271.4  48.6 308.2  54.3 6.84E-05 002.1 049.5  59.7 0.248803 0.053750 0.041785 hargrave 2021-10-24 15:35:04 
TT 560 282.2  56.8 326.2  54.8 5.34E-05 001.9 069.2  65.0 0.149630 0.123997 0.030256 hargrave 2021-10-25 14:49:46 
TT 565 241.0  50.3 281.2  70.0 3.98E-05 001.2 007.6  65.2 0.058890 0.053629 0.033653 hargrave 2021-10-26 10:43:41 
TT 575 277.2  81.0 011.7  63.7 2.95E-05 002.1 144.0  79.9 0.037967 0.105478 0.038941 hargrave 2021-10-26 20:16:22 
TT 580 286.4  19.6 298.0  23.9 2.27E-05 003.1 055.8  28.7 0.057033 0.131397 0.032029 hargrave 2021-10-27 15:23:34 
TT 589 041.1 -04.5 043.0 -32.7 7.88E-06 009.4 164.2 -19.0 0.065448 0.129641 0.040894 hargrave 2021-10-28 11:19:16 
