UI4- 3a mag compass orientation (IGRF corrected)
      0 283.0  43.0 300.6  28.7   1.0
NRM    333.4  61.5 358.9  40.3 4.28E-03 004.0 160.7  23.0 13.87345 23.32352 11.76510 hargrave 2021-09-03 17:36:02 
TT 100 334.1  59.2 357.7  38.2 4.20E-03 004.8 159.9  20.9 14.70893 31.09449 8.003063 hargrave 2021-09-05 11:22:01 
TT 200 325.8  56.2 350.9  37.9 3.40E-03 005.4 154.1  20.5 16.34984 27.06194 6.606339 hargrave 2021-09-06 10:08:54 
TT 300 322.8  56.6 349.5  39.2 2.80E-03 003.1 152.9  21.8 8.388762 11.27806 6.002970 hargrave 2021-09-06 18:18:18 
TT 325 311.4  51.5 338.6  39.1 2.13E-03 005.7 143.9  21.8 13.57775 15.95018 3.861077 hargrave 2021-09-07 17:23:52 
TT 350 301.0  44.6 326.2  37.8 1.60E-03 002.2 133.4  21.3 4.548698 3.116906 2.557320 hargrave 2021-09-08 13:12:55 
TT 375 298.5  43.8 323.8  38.3 1.39E-03 001.3 131.4  22.0 1.928672 0.701116 2.345245 hargrave 2021-09-09 10:35:11 
TT 400 296.1  39.7 319.0  36.1 1.27E-03 003.4 127.0  20.4 6.144121 3.733315 1.977748 hargrave 2021-09-10 19:02:19 
TT 425 295.0  38.4 317.1  35.6 1.21E-03 002.5 125.3  20.1 4.121197 2.634775 1.962266 hargrave 2021-09-26 14:33:37 
TT 450 295.3  39.0 317.7  35.9 1.16E-03 006.6 125.9  20.3 10.93747 7.675088 1.835238 hargrave 2021-09-27 14:57:09 
TT 475 296.3  40.2 319.4  36.4 1.10E-03 004.5 127.4  20.6 6.902250 5.049547 1.941397 hargrave 2021-10-14 11:43:55 
TT 500 296.5  37.8 317.9  34.4 1.04E-03 004.7 125.7  18.8 6.798593 4.729698 1.771219 hargrave 2021-10-15 09:33:27 
TT 510 293.8  38.6 316.4  36.3 9.31E-04 002.8 124.8  20.9 3.531835 2.373378 1.570605 hargrave 2021-10-16 17:46:06 
TT 520 290.0  35.6 311.1  35.6 8.24E-04 003.5 120.2  21.0 4.266478 2.461908 1.315724 hargrave 2021-10-18 11:24:09 
TT 530 296.0  38.2 317.8  34.9 6.96E-04 004.5 125.7  19.4 4.309406 3.196042 1.305342 hargrave 2021-10-19 09:42:01 
TT 535 291.7  36.7 313.2  35.7 6.09E-04 005.8 122.0  20.7 5.216907 3.275900 1.060479 hargrave 2021-10-19 19:13:21 
TT 540 290.2  36.1 311.6  36.0 4.67E-04 001.1 120.7  21.2 0.592142 0.287115 0.717687 hargrave 2021-10-20 18:40:55 
TT 545 298.2  42.6 322.7  37.5 4.06E-04 002.4 130.3  21.3 1.159908 1.116337 0.776877 hargrave 2021-10-22 15:07:36 
TT 550 302.9  46.4 329.0  38.5 3.10E-04 006.1 135.8  21.7 2.226399 2.385299 0.647106 hargrave 2021-10-23 16:56:05 
TT 555 269.1  39.5 296.4  48.7 5.44E-05 005.9 111.7  36.3 0.446206 0.398996 0.092839 hargrave 2021-10-24 15:30:23 
TT 560 279.5  27.4 296.5  33.9 6.40E-05 002.5 107.2  22.0 0.214330 0.254448 0.098129 hargrave 2021-10-25 14:45:03 
TT 565 315.9  54.4 343.7  39.8 5.14E-05 004.7 148.1  22.3 0.113856 0.437139 0.087167 hargrave 2021-10-26 10:39:24 
TT 575 033.9  38.6 033.2  09.9 2.17E-05 014.0 196.2 -02.4 0.268281 0.477093 0.089358 hargrave 2021-10-26 20:12:05 
TT 580 257.9  04.2 263.3  22.9 2.38E-05 003.5 074.0  20.0 0.155530 0.099829 0.027943 hargrave 2021-10-27 15:19:17 
TT 589 327.9  46.1 346.0  28.6 3.92E-05 003.7 150.0  11.1 0.079977 0.233316 0.177523 hargrave 2021-10-28 11:14:57 
