UI4- 2a mag compass orientation (IGRF corrected)
      0 297.0  49.0 300.6  28.7   1.0
NRM    335.7  62.6 000.9  40.7 2.01E-03 002.1 157.3  21.4 3.784225 3.899690 5.136194 hargrave 2021-09-03 17:33:46 
TT 100 333.7  60.1 358.1  39.1 1.98E-03 006.9 154.8  20.1 11.17940 20.91525 3.625699 hargrave 2021-09-05 11:20:30 
TT 200 330.2  60.2 356.3  40.0 1.61E-03 003.5 153.5  21.4 5.269455 7.770994 3.062985 hargrave 2021-09-06 10:07:26 
TT 300 323.8  60.0 352.6  41.7 1.30E-03 004.1 150.9  23.4 5.178146 7.497694 2.261501 hargrave 2021-09-06 18:16:52 
TT 325 307.6  55.7 339.9  43.8 8.30E-04 003.7 141.3  27.6 3.646782 3.688537 1.318284 hargrave 2021-09-07 17:22:24 
TT 350 300.3  51.3 331.4  43.3 5.64E-04 001.8 134.5  29.0 1.330796 0.913655 0.807624 hargrave 2021-09-08 13:11:25 
TT 375 298.2  49.4 328.2  42.8 4.93E-04 001.8 131.8  29.2 1.162494 0.688272 0.794922 hargrave 2021-09-09 10:33:43 
TT 400 301.4  51.0 331.8  42.7 4.63E-04 001.1 134.6  28.3 0.620169 0.234089 0.695928 hargrave 2021-09-10 19:00:52 
TT 425 298.9  48.1 327.6  41.5 4.40E-04 002.9 130.8  28.1 1.657460 1.196215 0.881696 hargrave 2021-09-26 14:32:10 
TT 450 297.0  45.5 324.1  40.3 4.19E-04 001.1 127.5  27.9 0.335398 0.230320 0.749354 hargrave 2021-09-27 14:55:41 
TT 475 300.6  49.0 329.5  41.4 3.88E-04 001.4 132.3  27.6 0.540180 0.189471 0.802966 hargrave 2021-10-14 11:42:28 
TT 500 299.0  44.3 324.6  38.5 3.64E-04 002.2 127.3  26.0 1.086809 0.537779 0.743652 hargrave 2021-10-15 09:32:00 
TT 510 297.2  46.2 324.8  40.7 3.12E-04 003.8 128.3  28.1 1.656611 1.165992 0.571762 hargrave 2021-10-16 17:44:38 
TT 520 294.2  46.0 322.6  41.9 2.74E-04 002.2 126.9  29.8 0.816791 0.460177 0.498294 hargrave 2021-10-18 11:22:41 
TT 530 294.1  43.4 320.2  39.9 2.36E-04 003.6 124.2  28.5 1.239739 0.709656 0.369358 hargrave 2021-10-19 09:40:33 
TT 535 288.9  42.3 315.4  41.5 1.88E-04 004.7 121.0  31.4 1.342080 0.707925 0.361254 hargrave 2021-10-19 19:11:54 
TT 540 286.8  46.8 317.9  45.8 1.42E-04 004.7 124.9  34.7 0.995259 0.563680 0.218329 hargrave 2021-10-20 18:39:29 
TT 545 291.4  48.2 322.5  44.8 1.38E-04 002.6 128.1  32.5 0.512209 0.277462 0.268464 hargrave 2021-10-22 15:06:07 
TT 550 285.0  53.6 323.9  51.5 1.14E-04 003.4 132.2  38.4 0.516177 0.382597 0.219223 hargrave 2021-10-23 16:54:37 
TT 555 280.0  43.7 309.7  46.7 4.97E-05 005.1 118.9  37.8 0.367060 0.263697 0.062968 hargrave 2021-10-24 15:28:55 
TT 560 287.2  61.2 335.2  55.3 5.20E-05 001.4 142.0  39.6 0.057920 0.108415 0.102312 hargrave 2021-10-25 14:43:36 
TT 565 308.4  57.8 342.3  45.0 4.61E-05 004.3 143.6  28.4 0.178473 0.295330 0.102554 hargrave 2021-10-26 10:35:50 
TT 575 337.2  32.9 346.7  13.7 1.72E-05 007.7 140.0 -03.0 0.075086 0.221868 0.116050 hargrave 2021-10-26 20:09:19 
TT 580 276.2  29.6 295.0  37.3 2.38E-05 004.7 101.8  33.8 0.164608 0.149876 0.053144 hargrave 2021-10-27 15:15:43 
TT 589 166.9  81.4 045.9  66.8 1.05E-05 011.0 188.2  47.3 0.055835 0.188504 0.109580 hargrave 2021-10-28 11:12:10 
