UI4- 1a mag compass orientation (IGRF corrected)
      0 342.0  30.0 300.6  28.7   1.0
NRM    350.0  70.4 012.7  44.8 5.98E-03 005.0 147.0  52.4 35.94234 37.50134 9.426037 hargrave 2021-09-03 17:31:27 
TT 100 348.7  69.0 011.3  43.7 5.94E-03 002.5 144.7  52.0 19.50187 15.96584 5.408225 hargrave 2021-09-05 11:19:00 
TT 200 337.2  69.9 007.0  46.5 4.43E-03 001.7 142.5  55.9 11.79630 6.039917 2.939994 hargrave 2021-09-06 10:05:56 
TT 300 319.5  68.6 358.5  49.5 3.34E-03 001.7 135.7  61.2 8.873337 4.139767 2.204755 hargrave 2021-09-06 18:14:34 
TT 325 311.7  68.8 355.7  51.6 2.57E-03 000.7 134.6  64.0 1.879123 1.899202 1.526666 hargrave 2021-09-07 17:20:54 
TT 350 303.7  60.8 342.8  48.8 1.24E-03 002.3 114.5  65.1 4.686033 1.635538 0.449313 hargrave 2021-09-08 13:09:51 
TT 375 291.3  54.9 329.3  49.7 7.43E-04 000.4 093.6  68.6 0.518189 0.189085 0.209591 hargrave 2021-09-09 10:32:14 
TT 400 292.9  52.9 328.1  47.6 5.73E-04 001.8 090.5  66.7 1.760553 0.219974 0.190887 hargrave 2021-09-10 18:59:22 
TT 425 287.6  49.7 321.3  47.6 4.73E-04 001.0 078.8  67.4 0.539588 0.650106 0.192235 hargrave 2021-09-26 14:30:40 
TT 450 284.3  46.6 315.8  46.9 4.20E-04 001.4 069.1  66.9 0.976517 0.124552 0.152171 hargrave 2021-09-27 14:54:11 
TT 475 281.2  47.2 314.1  48.8 3.79E-04 000.8 066.1  68.7 0.480488 0.105986 0.113511 hargrave 2021-10-14 11:40:12 
TT 500 279.5  43.3 308.9  46.7 3.17E-04 001.0 057.3  66.5 0.491525 0.169389 0.128063 hargrave 2021-10-15 09:30:31 
TT 510 272.6  41.4 301.3  48.5 2.86E-04 001.4 043.5  67.5 0.586227 0.332014 0.130936 hargrave 2021-10-16 17:42:17 
TT 520 273.5  39.2 300.1  46.4 2.52E-04 000.9 042.7  65.2 0.322423 0.136636 0.150275 hargrave 2021-10-18 11:21:11 
TT 530 276.6  36.1 300.2  42.4 2.09E-04 000.6 044.5  61.3 0.157342 0.134362 0.126583 hargrave 2021-10-19 09:39:03 
TT 535 276.8  35.1 299.5  41.5 1.96E-04 001.0 043.9  60.4 0.324413 0.089864 0.112335 hargrave 2021-10-19 19:10:24 
TT 540 275.4  37.1 299.9  43.8 1.77E-04 001.5 043.5  62.7 0.437894 0.141274 0.084669 hargrave 2021-10-20 18:37:59 
TT 545 277.1  35.2 299.9  41.5 1.69E-04 000.9 044.5  60.4 0.229381 0.138712 0.090323 hargrave 2021-10-22 15:04:35 
TT 550 275.3  35.0 298.1  42.1 1.59E-04 000.9 041.6  60.8 0.240829 0.123809 0.076460 hargrave 2021-10-23 16:53:07 
TT 555 287.0  26.6 302.6  29.6 1.21E-04 002.2 051.3  48.9 0.484916 0.053783 0.075034 hargrave 2021-10-24 15:27:25 
TT 560 287.2  44.6 316.1  44.1 1.04E-04 001.9 069.6  64.0 0.321717 0.170677 0.040505 hargrave 2021-10-25 14:42:06 
TT 565 302.7  28.8 317.1  24.0 9.37E-05 002.0 070.5  44.0 0.180070 0.303248 0.064176 hargrave 2021-10-26 10:33:17 
TT 575 131.8  79.7 052.2  61.6 5.02E-05 005.1 195.2  53.8 0.233953 0.395883 0.126563 hargrave 2021-10-26 20:07:35 
TT 580 279.8  41.7 307.7  45.3 7.00E-05 002.4 055.5  65.0 0.110894 0.275184 0.027279 hargrave 2021-10-27 15:13:59 
TT 589 354.3  40.2 002.6  15.6 4.81E-05 003.0 121.9  28.5 0.120692 0.297624 0.137747 hargrave 2021-10-28 11:10:25 
