UI5- 1a mag compass orientation (IGRF corrected)
      0 245.0  96.0 318.7  12.0   1.0
NRM    294.2  45.7 306.7  49.5 2.92E-02 000.9 145.2 -36.9 28.40283 15.63604 38.74539 hargrave 2021-09-03 17:46:33 
TT 100 292.4  44.4 304.3  48.6 2.90E-02 001.4 142.9 -36.6 30.66326 55.97665 35.96554 hargrave 2021-09-05 11:32:32 
TT 200 290.3  42.8 301.5  47.5 2.79E-02 004.6 140.3 -36.2 136.9887 173.5181 34.80887 hargrave 2021-09-06 10:18:41 
TT 300 288.7  41.8 299.4  46.8 2.70E-02 001.1 138.5 -35.6 24.46408 37.29886 32.47525 hargrave 2021-09-06 18:28:46 
TT 325 289.6  43.3 300.9  48.2 2.58E-02 001.9 140.5 -35.4 48.61449 68.00081 30.90961 hargrave 2021-09-07 17:33:37 
TT 350 287.0  39.8 296.8  45.2 2.52E-02 000.8 135.6 -35.3 10.46667 20.49355 29.12714 hargrave 2021-09-08 13:22:41 
TT 375 287.7  41.2 298.1  46.4 2.49E-02 001.4 137.4 -35.2 41.62470 38.15205 28.16216 hargrave 2021-09-09 10:44:50 
TT 400 286.5  39.6 296.3  45.1 2.46E-02 001.5 135.2 -35.1 37.69284 44.89705 28.88368 hargrave 2021-09-10 19:12:48 
TT 425 287.5  42.7 298.5  47.9 2.42E-02 000.8 139.0 -34.4 17.24554 18.24036 26.02620 hargrave 2021-09-26 14:43:20 
TT 450 285.9  40.2 295.8  45.9 2.38E-02 001.6 135.6 -34.4 41.33981 47.03965 25.51261 hargrave 2021-09-27 15:07:42 
TT 475 285.6  40.2 295.6  45.9 2.33E-02 001.4 135.5 -34.2 34.04444 38.35385 23.26936 hargrave 2021-10-14 11:54:25 
TT 500 284.9  38.9 294.4  44.8 2.23E-02 005.2 133.8 -34.2 144.7577 140.2648 23.89137 hargrave 2021-10-15 09:43:59 
TT 510 285.5  40.5 295.6  46.2 2.17E-02 003.8 135.8 -34.0 96.67237 103.5288 22.97146 hargrave 2021-10-16 17:55:54 
TT 520 285.9  41.6 296.4  47.2 2.10E-02 003.6 137.2 -33.8 88.64571 96.49120 21.55221 hargrave 2021-10-18 11:33:51 
TT 530 284.3  39.1 293.8  45.1 1.99E-02 001.8 133.8 -33.7 44.41305 40.81322 19.21236 hargrave 2021-10-19 09:51:45 
TT 535 285.5  41.7 296.0  47.4 1.82E-02 002.4 137.1 -33.5 50.60373 55.86208 19.66468 hargrave 2021-10-19 19:23:56 
TT 540 286.9  44.4 298.6  49.7 1.70E-02 001.9 140.5 -33.2 29.15339 43.05014 19.47936 hargrave 2021-10-20 18:50:36 
TT 545 284.3  41.2 294.5  47.1 1.54E-02 002.5 136.1 -32.9 46.69474 47.05521 15.87395 hargrave 2021-10-22 15:17:27 
TT 550 285.2  43.0 296.1  48.7 1.39E-02 003.1 138.4 -32.7 47.57365 55.79675 15.67917 hargrave 2021-10-23 17:06:41 
TT 555 285.7  44.0 297.1  49.6 1.06E-02 001.3 139.7 -32.6 13.42575 17.57219 12.07889 hargrave 2021-10-24 15:40:07 
TT 560 287.8  47.1 300.7  52.1 8.39E-03 001.1 143.7 -32.4 6.770177 11.50498 9.858463 hargrave 2021-10-25 14:54:48 
TT 565 285.3  43.0 296.3  48.6 4.83E-03 003.1 138.4 -32.8 16.03410 19.94814 5.429709 hargrave 2021-10-26 10:46:24 
TT 575 285.1  43.3 296.1  49.0 2.67E-03 001.9 138.7 -32.5 5.076702 6.505499 2.762086 hargrave 2021-10-26 20:19:04 
TT 580 286.7  36.1 295.3  41.7 4.65E-04 001.6 131.3 -36.6 0.617153 1.131400 0.414480 hargrave 2021-10-27 15:26:16 
TT 589 296.3  61.2 319.0  63.6 2.59E-04 001.6 160.1 -27.7 0.267041 0.483505 0.513282 hargrave 2021-10-28 11:22:00 
