UI5- 2a mag compass orientation (IGRF corrected)
      0  54.0  82.0 318.7  12.0   1.0
NRM    288.8  53.8 305.5  58.3 1.62E-02 002.4 204.9  36.1 11.16791 62.79373 23.39109 hargrave 2021-09-03 17:48:52 
TT 100 291.2  55.5 309.2  59.4 1.57E-02 001.2 202.2  35.9 5.388674 26.14635 21.97658 hargrave 2021-09-05 11:34:02 
TT 200 284.2  51.3 299.0  56.8 1.43E-02 000.9 209.6  35.8 9.465126 11.38623 18.55204 hargrave 2021-09-06 10:20:12 
TT 300 278.9  46.4 290.8  53.2 1.19E-02 000.9 216.9  35.6 13.01701 3.440894 14.61479 hargrave 2021-09-06 18:31:11 
TT 325 277.2  45.4 288.4  52.5 9.45E-03 000.9 218.7  35.1 8.070287 3.632464 11.39645 hargrave 2021-09-07 17:35:08 
TT 350 276.5  44.1 287.1  51.4 8.89E-03 004.4 220.4  35.3 37.78017 56.86143 10.44398 hargrave 2021-09-08 13:24:12 
TT 375 277.2  45.5 288.5  52.6 8.72E-03 002.4 218.6  35.0 16.11999 31.24718 10.92627 hargrave 2021-09-09 10:46:20 
TT 400 274.7  42.1 284.4  49.7 8.58E-03 003.7 223.3  35.0 31.75822 44.77314 10.23831 hargrave 2021-09-10 19:14:17 
TT 425 275.7  45.0 286.6  52.4 8.42E-03 002.9 219.7  34.4 21.88695 35.82301 9.787882 hargrave 2021-09-26 14:44:50 
TT 450 275.9  45.3 286.9  52.7 8.32E-03 002.3 219.3  34.3 16.08700 28.18815 10.20023 hargrave 2021-09-27 15:09:11 
TT 475 276.6  46.1 288.0  53.2 8.11E-03 006.1 218.3  34.4 49.81532 71.00695 10.03455 hargrave 2021-10-14 11:56:44 
TT 500 275.6  45.6 286.8  53.0 7.66E-03 002.3 219.1  34.0 15.59553 25.45001 8.843053 hargrave 2021-10-15 09:46:19 
TT 510 274.6  44.0 285.0  51.6 7.10E-03 001.0 221.2  34.1 2.893894 9.734950 7.682001 hargrave 2021-10-16 17:58:15 
TT 520 276.3  46.4 287.9  53.6 6.52E-03 001.7 218.0  34.1 8.276974 16.25604 7.654391 hargrave 2021-10-18 11:35:21 
TT 530 278.0  48.8 290.8  55.6 5.60E-03 000.8 214.8  33.9 4.241874 2.830760 5.818009 hargrave 2021-10-19 09:53:15 
TT 535 276.2  46.4 287.7  53.6 3.99E-03 001.4 218.1  34.1 6.717428 5.470506 4.442192 hargrave 2021-10-19 19:25:26 
TT 540 273.8  43.3 283.7  51.1 2.78E-03 002.9 222.3  33.8 7.514268 11.33970 3.020132 hargrave 2021-10-20 18:52:06 
TT 545 273.8  45.2 284.5  52.9 2.19E-03 001.1 220.2  33.1 1.127231 3.231148 2.422559 hargrave 2021-10-22 15:18:59 
TT 550 274.7  47.0 286.3  54.5 1.93E-03 003.2 218.0  32.8 5.643208 9.120974 2.354229 hargrave 2021-10-23 17:08:11 
TT 555 272.4  47.4 283.9  55.3 1.26E-03 003.5 218.3  31.3 4.072044 6.428592 1.610865 hargrave 2021-10-24 15:41:37 
TT 560 273.5  45.8 284.4  53.5 8.84E-04 002.3 219.7  32.6 1.669787 3.015729 1.036741 hargrave 2021-10-25 14:56:19 
TT 565 277.6  49.4 290.7  56.2 4.85E-04 002.3 214.4  33.4 0.797784 1.635210 0.597425 hargrave 2021-10-26 10:47:50 
TT 575 279.4  54.8 295.9  61.0 2.51E-04 001.0 208.3  31.3 0.141791 0.222348 0.427464 hargrave 2021-10-26 20:21:19 
TT 580 280.2  40.3 289.8  47.0 1.69E-04 001.2 223.1  39.5 0.191931 0.272496 0.192692 hargrave 2021-10-27 15:27:42 
TT 589 282.3  53.9 298.5  59.6 1.94E-04 001.8 208.0  33.2 0.266221 0.457830 0.380343 hargrave 2021-10-28 11:23:26 
