UI5- 7a mag compass orientation (IGRF corrected)
      0 291.0  18.0 318.7  12.0   1.0
NRM    275.9  36.2 283.8  43.8 1.37E-02 001.0 088.8  38.8 22.20246 3.852430 8.011475 hargrave 2021-09-03 17:57:26 
TT 100 275.5  36.1 283.3  43.7 1.36E-02 003.4 088.3  38.8 81.10738 5.424024 8.234016 hargrave 2021-09-05 11:42:34 
TT 200 277.6  36.7 285.8  43.9 1.36E-02 002.2 090.6  38.7 50.57107 3.388017 8.485824 hargrave 2021-09-06 10:28:02 
TT 300 280.0  37.4 288.6  44.3 1.36E-02 002.8 093.2  38.7 65.93598 2.435558 8.844109 hargrave 2021-09-06 18:41:18 
TT 325 277.4  36.6 285.5  43.9 1.36E-02 001.9 090.3  38.7 44.80265 3.097056 8.514099 hargrave 2021-09-07 17:42:53 
TT 350 277.7  36.7 285.9  43.9 1.35E-02 003.3 090.6  38.7 78.43111 2.786119 8.528780 hargrave 2021-09-08 13:31:54 
TT 375 277.5  36.6 285.7  43.9 1.35E-02 002.3 090.5  38.7 53.61655 3.343948 8.636491 hargrave 2021-09-09 10:55:40 
TT 400 279.1  37.2 287.6  44.2 1.35E-02 002.7 092.3  38.7 63.47462 3.076473 8.338054 hargrave 2021-09-10 19:24:31 
TT 425 276.5  36.8 284.6  44.3 1.34E-02 000.4 089.6  39.2 6.972065 1.853473 8.151919 hargrave 2021-09-26 14:52:34 
TT 450 279.7  37.9 288.4  44.8 1.32E-02 002.0 093.2  39.2 44.97703 4.166973 8.206279 hargrave 2021-09-27 15:17:46 
TT 475 278.9  37.8 287.5  44.8 1.28E-02 001.4 092.4  39.3 30.54951 1.831010 7.773241 hargrave 2021-10-14 12:04:27 
TT 500 280.2  38.4 289.1  45.2 1.10E-02 003.6 093.9  39.5 68.43935 4.248026 6.717514 hargrave 2021-10-15 09:54:53 
TT 510 273.1  36.1 280.6  44.1 9.45E-03 001.5 086.0  39.6 24.50295 4.387853 5.850531 hargrave 2021-10-16 18:07:39 
TT 520 276.3  37.7 284.7  45.1 7.15E-03 003.8 089.9  40.0 47.11281 0.672201 4.292544 hargrave 2021-10-18 11:43:05 
TT 530 276.5  39.9 285.6  47.2 2.42E-03 000.5 091.2  42.0 1.344462 1.246239 1.490142 hargrave 2021-10-19 10:01:51 
TT 535 274.5  45.2 285.3  52.8 6.38E-04 002.4 092.5  47.4 2.621795 0.091003 0.362313 hargrave 2021-10-19 19:33:58 
TT 540 274.9  47.3 286.6  54.8 5.25E-04 003.6 094.2  49.3 3.304156 0.178532 0.282261 hargrave 2021-10-20 18:59:50 
TT 545 269.7  49.3 281.6  57.6 3.45E-04 001.0 090.8  52.6 0.553653 0.067475 0.179238 hargrave 2021-10-22 15:27:40 
TT 550 272.2  46.5 283.2  54.4 2.97E-04 000.5 091.1  49.3 0.212670 0.059534 0.169212 hargrave 2021-10-23 17:16:00 
TT 555 276.3  47.9 288.6  55.1 2.17E-04 004.0 096.0  49.3 1.514453 0.251588 0.138271 hargrave 2021-10-24 15:49:22 
TT 560 250.8  62.5 265.3  73.1 1.23E-04 001.3 088.5  69.3 0.270107 0.080556 0.035294 hargrave 2021-10-25 15:04:05 
TT 565 280.7  65.1 307.7  70.3 1.08E-04 001.3 116.8  62.4 0.196304 0.162471 0.091004 hargrave 2021-10-26 10:56:56 
TT 575 186.1  37.6 178.3  45.9 4.65E-05 001.4 339.3  54.8 0.085592 0.061833 0.043582 hargrave 2021-10-26 20:30:26 
TT 580 202.1  53.9 191.4  64.2 8.70E-05 001.1 002.0  71.9 0.070914 0.148304 0.032449 hargrave 2021-10-27 15:37:37 
TT 589 299.3  42.5 310.6  45.4 3.41E-05 003.6 113.0  37.6 0.130620 0.257642 0.113343 hargrave 2021-10-28 11:33:25 
