UI5- 6a mag compass orientation (IGRF corrected)
      0 115.0  73.0 318.7  12.0   1.0
NRM    323.1  47.1 335.4  44.9 1.42E-02 003.6 224.6  31.4 67.69188 57.09103 17.92358 hargrave 2021-09-03 17:55:58 
TT 100 321.5  47.5 334.1  45.6 1.37E-02 000.7 224.4  30.2 2.984774 7.902182 14.82722 hargrave 2021-09-05 11:41:06 
TT 200 317.7  45.5 329.7  44.5 1.27E-02 002.7 227.0  27.9 45.60338 35.54452 13.68052 hargrave 2021-09-06 10:26:29 
TT 300 314.4  37.7 323.8  37.7 1.05E-02 001.4 235.7  25.5 16.30325 16.98093 10.48150 hargrave 2021-09-06 18:39:02 
TT 325 313.1  40.0 323.2  40.1 9.02E-03 002.0 233.2  24.6 22.88264 20.90473 8.616848 hargrave 2021-09-07 17:41:24 
TT 350 312.4  37.6 321.8  37.9 8.59E-03 000.9 235.8  23.9 4.579893 8.528639 9.955870 hargrave 2021-09-08 13:30:26 
TT 375 312.2  40.7 322.7  41.0 8.42E-03 001.6 232.4  23.9 19.41132 11.53467 8.592297 hargrave 2021-09-09 10:53:23 
TT 400 312.3  40.3 322.5  40.6 8.25E-03 000.8 232.8  23.9 4.585332 6.790723 7.585743 hargrave 2021-09-10 19:23:03 
TT 425 311.4  39.3 321.4  39.8 8.10E-03 000.8 233.9  23.2 4.066233 6.847639 7.223780 hargrave 2021-09-26 14:51:05 
TT 450 311.6  36.7 320.6  37.3 7.95E-03 002.5 236.7  23.2 26.45106 20.63834 7.704351 hargrave 2021-09-27 15:15:28 
TT 475 310.9  40.7 321.4  41.3 7.80E-03 000.6 232.3  22.9 2.465495 3.830685 7.680485 hargrave 2021-10-14 12:02:59 
TT 500 311.1  39.1 321.0  39.7 7.07E-03 000.7 234.0  23.0 3.147491 4.153747 6.837709 hargrave 2021-10-15 09:52:35 
TT 510 310.8  40.0 321.0  40.6 6.60E-03 000.7 233.1  22.8 2.616625 3.983808 6.602965 hargrave 2021-10-16 18:04:32 
TT 520 311.1  41.6 321.9  42.1 5.84E-03 001.1 231.3  23.1 8.686614 5.322182 5.822221 hargrave 2021-10-18 11:41:37 
TT 530 311.3  41.5 322.1  41.9 4.29E-03 000.6 231.5  23.3 1.808733 1.539818 4.201709 hargrave 2021-10-19 09:59:32 
TT 535 311.7  39.1 321.6  39.6 3.19E-03 000.7 234.1  23.4 1.190320 1.978585 3.074192 hargrave 2021-10-19 19:32:30 
TT 540 312.6  37.7 322.0  38.0 2.71E-03 003.1 235.6  24.0 11.18305 9.091612 2.453302 hargrave 2021-10-20 18:58:20 
TT 545 313.3  37.9 322.8  38.0 1.77E-03 002.4 235.5  24.7 6.352230 3.538484 1.673340 hargrave 2021-10-22 15:26:10 
TT 550 314.0  41.4 324.6  41.3 1.30E-03 001.0 231.7  25.3 0.974561 1.655275 1.352320 hargrave 2021-10-23 17:14:30 
TT 555 317.1  47.8 330.1  46.7 7.23E-04 000.8 224.5  27.3 0.440183 0.486330 0.767862 hargrave 2021-10-24 15:47:53 
TT 560 314.6  41.0 325.1  40.8 3.98E-04 001.6 232.1  25.7 0.586195 0.849169 0.469334 hargrave 2021-10-25 15:02:36 
TT 565 319.8  50.5 333.9  48.8 2.67E-04 000.9 221.2  28.7 0.173697 0.177593 0.357612 hargrave 2021-10-26 10:55:26 
TT 575 316.9  35.0 325.3  34.5 1.53E-04 003.2 238.8  27.4 0.611966 0.579279 0.250651 hargrave 2021-10-26 20:28:56 
TT 580 349.2  23.3 352.9  16.9 9.82E-05 003.2 253.3  55.9 0.138845 0.570617 0.081328 hargrave 2021-10-27 15:36:07 
TT 589 010.1  56.2 018.6  46.3 9.28E-05 004.3 192.6  49.2 0.194316 0.651259 0.274848 hargrave 2021-10-28 11:31:55 
