UI5- 4a mag compass orientation (IGRF corrected)
      0 270.0  31.0 318.7  12.0   1.0
NRM    286.5  47.8 299.6  53.1 1.17E-02 005.8 130.2  32.5 94.37313 67.90819 17.79355 hargrave 2021-09-03 17:52:04 
TT 100 282.7  45.1 294.3  51.1 1.16E-02 002.1 125.9  31.8 35.12832 18.81273 14.44622 hargrave 2021-09-05 11:37:12 
TT 200 283.1  44.7 294.5  50.7 1.13E-02 002.4 125.8  31.3 39.85789 22.88477 13.95163 hargrave 2021-09-06 10:23:24 
TT 300 280.1  43.2 290.8  49.8 1.12E-02 002.1 122.8  31.3 35.79687 17.48196 13.20418 hargrave 2021-09-06 18:34:20 
TT 325 279.9  43.0 290.4  49.6 1.11E-02 003.7 122.5  31.3 61.84467 34.82303 13.41421 hargrave 2021-09-07 17:38:19 
TT 350 278.6  42.3 288.7  49.2 1.10E-02 001.3 121.1  31.3 20.82200 7.928797 12.93208 hargrave 2021-09-08 13:27:22 
TT 375 277.4  41.6 287.2  48.7 1.09E-02 001.0 119.8  31.3 14.94579 4.765774 12.19255 hargrave 2021-09-09 10:49:30 
TT 400 280.9  43.5 291.7  50.0 1.09E-02 002.3 123.5  31.3 37.05400 19.89061 12.86078 hargrave 2021-09-10 19:19:10 
TT 425 278.5  42.8 288.9  49.8 1.08E-02 001.1 121.5  31.8 15.06483 5.175727 12.76872 hargrave 2021-09-26 14:48:01 
TT 450 277.1  42.1 287.0  49.3 1.06E-02 001.5 119.9  31.8 23.83597 10.27179 12.64366 hargrave 2021-09-27 15:12:23 
TT 475 277.5  42.4 287.5  49.6 1.03E-02 002.9 120.4  31.9 46.13845 24.25683 12.22861 hargrave 2021-10-14 11:59:55 
TT 500 273.9  40.6 282.9  48.4 9.36E-03 002.3 116.6  32.1 33.44034 13.81061 10.39133 hargrave 2021-10-15 09:49:30 
TT 510 277.3  42.6 287.4  49.8 8.45E-03 002.6 120.4  32.1 33.60965 16.69003 10.07598 hargrave 2021-10-16 18:01:27 
TT 520 280.2  44.1 291.1  50.6 7.46E-03 004.1 123.4  32.1 44.50695 27.11915 9.768453 hargrave 2021-10-18 11:38:31 
TT 530 280.0  43.6 290.7  50.2 5.57E-03 002.7 123.0  31.7 22.10170 11.67909 6.762657 hargrave 2021-10-19 09:56:26 
TT 535 278.3  40.1 287.6  47.2 2.34E-03 000.7 119.4  29.7 1.161479 0.614737 2.791602 hargrave 2021-10-19 19:29:25 
TT 540 281.8  40.1 291.4  46.5 1.60E-03 000.7 121.9  28.1 0.661390 0.777192 1.870968 hargrave 2021-10-20 18:55:16 
TT 545 278.3  38.6 287.1  45.7 1.32E-03 000.7 118.4  28.5 0.704676 0.189320 1.588490 hargrave 2021-10-22 15:22:12 
TT 550 282.0  39.7 291.5  46.1 1.18E-03 002.0 121.8  27.7 3.375163 1.919117 1.632744 hargrave 2021-10-23 17:11:23 
TT 555 280.8  40.0 290.3  46.6 8.58E-04 002.2 121.1  28.5 2.493503 1.898325 1.209668 hargrave 2021-10-24 15:44:49 
TT 560 276.3  40.8 285.7  48.2 5.15E-04 004.1 118.5  31.2 2.977365 2.144101 0.780194 hargrave 2021-10-25 14:59:31 
TT 565 290.6  43.4 302.0  48.0 2.58E-04 000.6 130.1  27.2 0.340849 0.180446 0.327439 hargrave 2021-10-26 10:50:50 
TT 575 013.9  58.0 022.1  47.6 2.46E-05 011.0 188.3  27.5 0.282209 0.438779 0.157868 hargrave 2021-10-26 20:24:19 
TT 580 114.6 -05.0 116.0 -09.7 3.47E-05 002.6 293.8  08.0 0.241375 0.542517 0.066342 hargrave 2021-10-27 15:30:42 
TT 589 314.9  64.5 339.2  62.7 3.78E-05 005.5 157.2  38.1 0.192055 0.429009 0.171181 hargrave 2021-10-28 11:26:29 
