CS1- 8 mag compass orientation (IGRF corrected)
    1.2 182.3  78.0  41.0  23.8   1.0
NRM    334.8  52.0 002.5  71.4 2.36E-04 004.8 213.4 -06.6 1.098527 1.642821 0.181657 hargrave 2021-07-08 14:25:50 
TT 100 301.8  66.9 205.9  86.3 2.13E-04 017.4 191.3 -08.2 1.232238 6.579663 0.208189 hargrave 2021-07-09 13:43:39 
TT 100 327.0  56.5 356.6  77.7 2.22E-04 001.7 207.1 -08.0 0.246178 0.597371 0.190686 hargrave 2021-07-09 16:57:30 
TT 150 320.9  55.4 339.4  78.2 1.89E-04 003.0 205.8 -11.3 0.419375 0.908988 0.143897 hargrave 2021-07-19 14:32:55 
TT 200 319.6  53.3 333.4  76.4 1.75E-04 002.9 206.8 -13.3 0.412988 0.789630 0.137630 hargrave 2021-07-20 10:30:59 
TT 250 319.6  51.8 331.9  75.0 1.61E-04 002.1 208.0 -14.3 0.301917 0.493144 0.128563 hargrave 2021-07-20 16:31:41 
TT 300 308.4  53.4 304.0  77.1 1.29E-04 001.1 201.7 -17.7 0.153960 0.219927 0.098060 hargrave 2021-07-21 13:46:18 
TT 350 304.7  51.8 295.6  75.3 1.17E-04 001.0 200.7 -20.3 0.063502 0.169348 0.091039 hargrave 2021-07-22 12:08:43 
TT 375 304.2  51.2 294.7  74.6 1.13E-04 003.4 200.8 -21.0 0.240378 0.615401 0.087759 hargrave 2021-07-22 17:57:32 
TT 400 301.0  51.7 287.0  74.7 1.08E-04 003.9 198.7 -21.6 0.277581 0.680952 0.091165 hargrave 2021-07-23 19:52:37 
TT 425 302.1  50.7 290.4  73.8 1.03E-04 002.4 199.9 -22.2 0.164550 0.408627 0.096959 hargrave 2021-07-25 10:05:17 
TT 450 293.4  52.0 270.6  73.3 9.70E-05 001.3 194.0 -23.4 0.091814 0.215614 0.100826 hargrave 2021-07-27 10:02:12 
TT 475 297.9  50.0 282.0  72.4 9.35E-05 001.1 197.7 -24.1 0.044080 0.172977 0.086498 hargrave 2021-07-28 16:39:12 
TT 500 301.8  48.7 291.2  71.8 9.14E-05 001.1 200.8 -24.0 0.057041 0.162509 0.076304 hargrave 2021-08-03 12:28:00 
TT 515 300.4  49.9 287.3  72.8 9.08E-05 004.1 199.3 -23.4 0.203615 0.623292 0.083789 hargrave 2021-08-04 12:21:01 
TT 530 299.0  50.0 284.3  72.7 8.74E-05 005.1 198.4 -23.7 0.220271 0.746592 0.073922 hargrave 2021-08-06 15:18:26 
TT 540 289.8  52.3 263.5  72.5 8.30E-05 002.7 191.6 -24.0 0.071263 0.366655 0.109214 hargrave 2021-08-09 16:01:23 
TT 550 292.9  50.8 271.3  72.1 8.06E-05 001.9 194.1 -24.7 0.114124 0.242883 0.073574 hargrave 2021-08-10 17:48:25 
TT 560 291.2  48.8 270.6  69.8 7.02E-05 003.0 193.8 -26.9 0.101637 0.346561 0.061869 hargrave 2021-08-11 14:37:13 
TT 566 297.1  49.1 281.3  71.4 7.22E-05 002.6 197.6 -25.1 0.088864 0.320748 0.061095 hargrave 2021-08-12 14:40:19 
TT 570 288.1  51.2 262.3  71.1 6.53E-05 000.7 190.9 -25.3 0.045930 0.046582 0.066801 hargrave 2021-08-13 13:00:31 
TT 573 294.2  47.5 277.5  69.3 6.19E-05 001.5 196.5 -27.4 0.095382 0.117074 0.065130 hargrave 2021-08-16 11:14:02 
TT 577 284.4  48.1 260.3  67.2 5.36E-05 001.7 189.2 -28.9 0.076521 0.139452 0.065105 hargrave 2021-08-17 10:25:21 
TT 580 295.5  47.9 279.5  69.9 4.97E-05 001.1 197.2 -26.7 0.052383 0.092946 0.057622 hargrave 2021-08-18 14:57:11 
TT 583 290.7  49.5 268.9  70.3 4.64E-05 001.0 193.2 -26.4 0.048547 0.061804 0.045185 hargrave 2021-08-19 17:03:19 
TT 586 304.0  46.0 297.0  69.5 3.23E-05 001.3 203.8 -25.4 0.107462 0.037561 0.027410 hargrave 2021-08-25 13:11:43 
TT 589 286.5  52.7 257.2  71.9 2.46E-05 003.3 189.4 -24.2 0.100308 0.131583 0.032391 hargrave 2021-08-26 11:17:27 
TT 600 306.9  52.4 300.7  76.0 2.48E-05 002.2 201.5 -19.1 0.144301 0.058531 0.022775 hargrave 2021-08-27 15:09:02 
TT 609 296.1  50.0 278.4  72.1 2.23E-05 003.0 196.5 -24.6 0.064255 0.110137 0.019929 hargrave 2021-08-31 13:43:01 
TT 619 333.4  53.0 001.9  72.8 1.63E-05 002.4 212.0 -06.8 0.032968 0.065190 0.014233 hargrave 2021-09-01 13:03:07 
TT 630 351.9  64.6 054.7  73.2 1.31E-05 002.0 205.1  06.4 0.016952 0.048638 0.017417 hargrave 2021-09-02 08:18:37 
TT 640 057.7  66.8 092.5  52.7 9.15E-06 001.8 195.0  30.6 0.016093 0.030093 0.007804 hargrave 2021-09-02 17:07:54 
TT 650 203.4  57.0 177.8  44.5 7.76E-06 003.7 149.4 -01.0 0.043378 0.067642 0.010715 hargrave 2021-09-24 12:46:44 
TT 660 338.3  63.3 039.5  78.1 1.44E-05 005.2 204.3  00.4 0.074313 0.110121 0.022954 hargrave 2021-09-24 17:54:50 
TT 664 316.6  52.4 325.3  75.9 1.30E-05 002.6 206.2 -15.2 0.064516 0.034583 0.014504 hargrave 2021-09-25 17:46:30 
