CS1- 6 mag compass orientation (IGRF corrected)
    1.1  84.3  12.0  41.0  23.8   1.0
NRM    329.6  55.0 358.7  75.7 2.66E-04 001.3 324.7  65.5 0.162701 0.580582 0.178011 hargrave 2021-07-08 14:23:21 
TT 100 334.4  54.6 006.6  73.8 2.52E-04 004.4 331.5  65.6 1.139380 1.547965 0.163754 hargrave 2021-07-09 13:40:29 
TT 150 323.5  53.5 342.8  75.9 2.27E-04 000.9 317.5  63.1 0.182845 0.290895 0.141679 hargrave 2021-07-19 14:29:39 
TT 200 318.7  53.4 331.3  76.7 2.10E-04 002.5 311.5  62.4 0.757748 0.480313 0.128604 hargrave 2021-07-20 10:27:55 
TT 250 312.5  53.5 314.9  77.2 2.02E-04 001.4 303.9  61.4 0.460466 0.121176 0.122931 hargrave 2021-07-20 16:27:48 
TT 300 313.2  51.4 316.3  75.2 1.79E-04 000.7 305.9  59.6 0.156805 0.154275 0.112562 hargrave 2021-07-21 13:43:00 
TT 350 308.3  49.5 304.9  73.3 1.60E-04 000.6 301.2  56.9 0.142774 0.091349 0.100194 hargrave 2021-07-22 12:06:10 
TT 375 304.2  49.8 295.7  73.2 1.54E-04 001.2 296.5  56.4 0.279350 0.112237 0.087014 hargrave 2021-07-22 17:54:59 
TT 400 301.5  49.7 289.9  72.8 1.48E-04 001.3 293.5  55.8 0.280563 0.160804 0.077886 hargrave 2021-07-23 19:50:08 
TT 425 301.9  49.3 290.9  72.4 1.44E-04 000.9 294.1  55.5 0.177630 0.129120 0.072878 hargrave 2021-07-25 10:02:41 
TT 450 296.3  50.0 278.9  72.2 1.38E-04 001.0 287.7  55.1 0.221950 0.100744 0.071446 hargrave 2021-07-27 09:59:01 
TT 475 294.5  50.1 275.2  71.8 1.34E-04 000.7 285.7  54.8 0.146974 0.086779 0.061674 hargrave 2021-07-28 16:36:43 
TT 500 294.1  49.1 275.6  70.8 1.33E-04 000.8 285.8  53.8 0.143162 0.106664 0.063322 hargrave 2021-08-03 12:24:48 
TT 515 293.1  49.9 273.0  71.3 1.29E-04 001.8 284.4  54.4 0.374428 0.136941 0.062958 hargrave 2021-08-04 12:17:50 
TT 530 293.4  49.2 274.3  70.7 1.23E-04 000.8 285.1  53.7 0.164895 0.086676 0.059265 hargrave 2021-08-06 15:15:09 
TT 540 293.6  51.1 272.3  72.5 1.16E-04 000.6 284.2  55.6 0.089494 0.058797 0.052001 hargrave 2021-08-09 15:58:54 
TT 550 290.9  50.6 267.9  71.4 1.13E-04 000.6 281.6  54.6 0.080728 0.067192 0.053207 hargrave 2021-08-10 17:45:53 
TT 560 290.8  51.2 267.0  71.8 1.09E-04 002.3 281.3  55.1 0.413525 0.109781 0.049433 hargrave 2021-08-11 14:34:37 
TT 566 289.5  49.0 267.5  69.5 1.08E-04 000.8 281.1  52.8 0.134109 0.060662 0.052345 hargrave 2021-08-12 14:37:06 
TT 570 292.5  49.8 271.9  71.0 1.00E-04 000.8 283.8  54.1 0.117615 0.063985 0.047840 hargrave 2021-08-13 12:57:12 
TT 573 290.1  48.2 269.5  68.9 9.15E-05 001.3 282.1  52.1 0.183183 0.084592 0.059741 hargrave 2021-08-16 11:10:48 
TT 577 286.2  50.4 260.2  69.8 8.13E-05 001.0 277.0  53.5 0.112865 0.103336 0.044434 hargrave 2021-08-17 10:22:02 
TT 580 288.5  47.3 267.8  67.7 6.97E-05 002.2 280.9  50.9 0.244348 0.110509 0.035958 hargrave 2021-08-18 14:54:36 
TT 583 290.5  48.9 269.4  69.8 6.37E-05 001.1 282.2  52.9 0.103978 0.053513 0.036556 hargrave 2021-08-19 17:00:46 
TT 586 290.4  46.3 272.0  67.3 5.03E-05 001.1 283.3  50.4 0.081464 0.058901 0.024279 hargrave 2021-08-25 13:09:13 
TT 589 290.1  53.6 261.8  73.8 3.25E-05 001.4 279.1  57.3 0.077279 0.014266 0.016719 hargrave 2021-08-26 11:14:57 
TT 600 277.5  49.9 248.2  66.4 3.03E-05 001.1 268.6  51.1 0.052959 0.021764 0.017777 hargrave 2021-08-27 15:06:32 
TT 609 277.0  54.2 240.6  69.7 2.51E-05 002.1 265.7  55.1 0.086164 0.030073 0.013001 hargrave 2021-08-31 13:40:28 
TT 619 269.8  52.3 235.2  65.4 2.28E-05 001.2 260.0  51.8 0.041476 0.028350 0.014436 hargrave 2021-09-01 13:00:38 
TT 630 250.1  51.5 216.9  56.9 1.75E-05 002.5 242.6  47.2 0.047765 0.061782 0.016456 hargrave 2021-09-02 08:16:11 
TT 640 171.5  40.8 162.9  21.5 8.64E-06 001.8 177.6  28.8 0.029101 0.025928 0.010996 hargrave 2021-09-02 17:05:37 
TT 650 130.5  20.1 130.5 -03.7 1.44E-05 004.4 138.5  11.3 0.039970 0.125936 0.019184 hargrave 2021-09-24 12:43:53 
TT 660 196.0  23.1 189.4  11.7 1.64E-05 004.4 200.3  11.9 0.071667 0.104896 0.054236 hargrave 2021-09-24 17:52:00 
TT 664 087.8  11.2 088.5 -06.4 1.82E-05 001.3 095.8  10.2 0.042240 0.058371 0.019163 hargrave 2021-09-25 17:43:39 
