CS1- 7 mag compass orientation (IGRF corrected)
    1.6 197.3  75.0  41.0  23.8   1.0
NRM    346.5  51.1 018.2  66.7 2.07E-04 002.8 212.9 -06.3 0.442536 0.795428 0.448824 hargrave 2021-07-08 14:24:37 
TT 100 351.1  42.1 013.5  57.4 1.89E-04 008.7 222.3 -08.2 1.832163 2.230324 0.266492 hargrave 2021-07-09 13:42:26 
TT 100 345.0  49.4 013.8  65.9 1.90E-04 007.5 213.7 -08.0 1.393338 2.056837 0.389095 hargrave 2021-07-09 16:56:13 
TT 150 340.7  47.7 005.6  65.8 1.61E-04 003.8 213.5 -11.4 0.607808 0.860562 0.235979 hargrave 2021-07-19 14:31:41 
TT 200 336.6  47.7 359.5  67.2 1.46E-04 002.6 211.6 -13.4 0.398164 0.467017 0.274356 hargrave 2021-07-20 10:29:28 
TT 250 335.0  47.2 356.5  67.2 1.37E-04 004.7 211.2 -14.6 0.636892 0.914736 0.217843 hargrave 2021-07-20 16:30:10 
TT 300 328.2  47.1 344.9  68.8 1.11E-04 001.2 207.9 -17.9 0.095157 0.155455 0.172613 hargrave 2021-07-21 13:45:02 
TT 350 325.2  44.5 337.6  67.0 8.89E-05 001.5 208.1 -21.2 0.122939 0.062392 0.195211 hargrave 2021-07-22 12:07:28 
TT 375 324.6  43.5 335.8  66.1 8.31E-05 001.5 208.4 -22.3 0.148533 0.150692 0.145921 hargrave 2021-07-22 17:56:16 
TT 400 320.2  44.1 328.4  67.4 7.72E-05 003.0 205.2 -23.7 0.241858 0.310073 0.159655 hargrave 2021-07-23 19:51:24 
TT 425 319.1  43.9 326.2  67.2 7.32E-05 002.5 204.7 -24.4 0.124397 0.255477 0.179811 hargrave 2021-07-25 10:04:01 
TT 450 316.0  44.2 320.5  67.8 6.75E-05 001.9 202.4 -25.3 0.105298 0.158778 0.127678 hargrave 2021-07-27 10:00:59 
TT 475 311.2  45.6 311.4  69.4 6.43E-05 001.5 198.3 -25.6 0.072534 0.109807 0.117429 hargrave 2021-07-28 16:37:59 
TT 500 313.2  46.0 315.4  69.8 6.37E-05 001.8 199.5 -24.7 0.113534 0.112253 0.133282 hargrave 2021-08-03 12:26:47 
TT 515 315.9  45.2 320.7  68.8 6.34E-05 002.4 201.8 -24.5 0.051934 0.234525 0.129586 hargrave 2021-08-04 12:19:48 
TT 530 311.3  47.2 311.5  71.0 6.01E-05 001.2 197.6 -24.2 0.079342 0.042877 0.101992 hargrave 2021-08-06 15:17:11 
TT 540 304.5  47.9 297.3  71.4 5.77E-05 001.9 192.7 -25.2 0.072147 0.155082 0.110903 hargrave 2021-08-09 16:00:10 
TT 550 312.6  46.1 314.2  69.9 5.56E-05 001.5 199.1 -24.8 0.108314 0.072467 0.104508 hargrave 2021-08-10 17:47:13 
TT 560 303.6  47.2 295.7  70.6 4.64E-05 002.5 192.2 -26.1 0.048585 0.180778 0.085175 hargrave 2021-08-11 14:35:57 
TT 566 316.3  45.4 321.4  69.0 4.84E-05 001.5 201.9 -24.1 0.056484 0.110512 0.064318 hargrave 2021-08-12 14:39:05 
TT 570 307.0  47.4 302.7  71.1 3.74E-05 001.7 194.6 -25.2 0.040165 0.092525 0.064106 hargrave 2021-08-13 12:59:14 
TT 573 313.8  48.4 317.1  72.2 3.78E-05 002.0 198.7 -22.3 0.059908 0.092985 0.084736 hargrave 2021-08-16 11:12:46 
TT 577 304.2  48.5 296.4  71.9 3.22E-05 001.8 192.3 -24.8 0.055929 0.075164 0.059873 hargrave 2021-08-17 10:24:07 
TT 580 316.6  49.1 323.5  72.7 2.81E-05 004.7 200.1 -20.8 0.074838 0.216506 0.063051 hargrave 2021-08-18 14:55:53 
TT 583 321.6  48.5 333.6  71.5 2.62E-05 002.2 203.4 -19.6 0.087512 0.058656 0.056472 hargrave 2021-08-19 17:02:03 
TT 586 331.0  44.1 347.1  65.4 1.94E-05 002.3 211.6 -18.8 0.028257 0.053613 0.053627 hargrave 2021-08-25 13:10:29 
TT 589 293.6  57.8 258.7  78.4 1.50E-05 005.4 183.5 -17.0 0.043379 0.135199 0.041687 hargrave 2021-08-26 11:16:14 
TT 600 339.5  46.7 002.9  65.4 1.61E-05 002.3 213.7 -12.5 0.039509 0.050346 0.025978 hargrave 2021-08-27 15:07:48 
TT 609 297.8  54.5 275.8  76.7 1.35E-05 002.5 186.4 -19.9 0.033346 0.047107 0.028396 hargrave 2021-08-31 13:41:42 
TT 619 316.6  54.0 326.3  77.5 1.36E-05 002.7 197.4 -16.6 0.029308 0.050092 0.038138 hargrave 2021-09-01 13:01:53 
TT 630 000.5  37.6 020.6  49.9 1.39E-05 002.3 229.5 -03.6 0.029720 0.056195 0.016344 hargrave 2021-09-02 08:17:22 
TT 640 258.7  57.9 214.9  65.0 1.11E-05 002.9 164.9 -13.4 0.058161 0.042062 0.010176 hargrave 2021-09-02 17:06:47 
TT 650 276.7  72.6 177.8  76.6 1.50E-05 003.0 176.8 -02.1 0.080650 0.080394 0.015384 hargrave 2021-09-24 12:45:20 
TT 660 325.2  71.3 092.5  82.8 1.99E-05 005.6 191.3  00.1 0.082780 0.175794 0.059180 hargrave 2021-09-24 17:53:27 
TT 664 199.5  32.3 188.6  21.3 1.99E-05 004.3 121.8  06.1 0.165505 0.059929 0.021218 hargrave 2021-09-25 17:45:06 
