CS1- 2 mag compass orientation (IGRF corrected)
    2.3  16.3  19.0  41.0  23.8   1.0
NRM    351.0  61.1 043.7  71.9 2.34E-04 001.0 101.6  63.5 0.224570 0.292713 0.201063 hargrave 2021-07-08 14:18:16 
TT 100 346.0  59.2 033.7  72.7 2.28E-04 001.2 094.5  63.6 0.322696 0.281969 0.177148 hargrave 2021-07-09 13:35:19 
TT 150 343.4  58.1 028.0  73.1 2.17E-04 000.8 090.7  63.6 0.146434 0.239379 0.146332 hargrave 2021-07-19 14:23:49 
TT 200 340.2  57.0 021.0  73.5 1.84E-04 000.8 086.0  63.8 0.163328 0.190693 0.097064 hargrave 2021-07-20 10:20:51 
TT 250 338.3  56.3 016.6  73.7 1.75E-04 000.7 083.2  63.8 0.074449 0.171913 0.093073 hargrave 2021-07-20 16:21:36 
TT 300 335.9  56.1 012.4  74.5 1.56E-04 001.6 080.4  64.5 0.359783 0.254674 0.076743 hargrave 2021-07-21 13:36:58 
TT 350 325.7  54.4 349.2  76.2 1.15E-04 000.8 066.4  66.2 0.095187 0.127538 0.051897 hargrave 2021-07-22 12:00:58 
TT 375 322.9  54.3 342.7  76.8 9.77E-05 000.4 062.8  67.0 0.053534 0.058437 0.039797 hargrave 2021-07-22 17:49:00 
TT 400 320.1  53.9 335.3  77.0 8.83E-05 000.5 058.6  67.5 0.045172 0.082887 0.048473 hargrave 2021-07-23 19:44:16 
TT 425 318.3  54.3 331.3  77.6 8.19E-05 001.0 056.7  68.3 0.117805 0.083352 0.031278 hargrave 2021-07-25 09:56:38 
TT 450 314.6  54.8 321.4  78.5 7.31E-05 001.2 052.0  69.7 0.068449 0.151762 0.026436 hargrave 2021-07-27 09:53:14 
TT 475 312.6  56.2 316.2  80.0 6.83E-05 001.9 050.9  71.5 0.183876 0.122429 0.039805 hargrave 2021-07-28 16:30:56 
TT 500 307.8  56.2 300.8  79.9 6.41E-05 000.5 042.9  72.6 0.022252 0.049956 0.039610 hargrave 2021-08-03 12:18:52 
TT 515 306.8  57.4 296.4  81.0 5.95E-05 001.0 043.0  73.9 0.085917 0.050711 0.032927 hargrave 2021-08-04 12:12:03 
TT 530 309.0  60.6 301.0  84.3 5.26E-05 000.5 052.7  76.2 0.034639 0.020752 0.027906 hargrave 2021-08-06 15:09:57 
TT 540 311.7  60.8 314.5  84.6 4.99E-05 000.3 057.6  75.6 0.019668 0.016012 0.049709 hargrave 2021-08-09 15:53:09 
TT 550 306.6  60.6 289.6  84.1 4.48E-05 000.7 048.3  76.8 0.017757 0.044109 0.038885 hargrave 2021-08-10 17:40:48 
TT 560 314.2  62.3 331.8  85.9 3.98E-05 001.0 065.2  76.2 0.060115 0.032858 0.030435 hargrave 2021-08-11 14:29:32 
TT 566 314.2  58.5 323.3  82.2 3.58E-05 000.4 056.9  73.0 0.021261 0.012037 0.026691 hargrave 2021-08-12 14:31:56 
TT 570 315.9  48.5 321.7  72.1 2.49E-05 000.7 047.4  63.6 0.018235 0.018107 0.025059 hargrave 2021-08-13 12:52:02 
TT 573 345.4  75.6 096.4  75.7 1.49E-05 003.5 132.4  73.2 0.067533 0.060167 0.006451 hargrave 2021-08-16 11:05:02 
TT 577 323.4  38.7 331.6  61.6 1.93E-05 001.4 050.7  52.5 0.061843 0.023234 0.034776 hargrave 2021-08-17 10:16:54 
TT 580 204.4  76.7 156.9  59.8 8.38E-06 001.4 218.4  68.6 0.014952 0.014104 0.005097 hargrave 2021-08-18 14:49:30 
TT 583 357.8  62.9 053.6  70.1 1.27E-05 000.9 109.5  62.7 0.010945 0.017217 0.009082 hargrave 2021-08-19 16:55:38 
TT 586 209.1  41.9 191.7  33.3 1.39E-05 000.9 265.2  43.2 0.016061 0.013526 0.013468 hargrave 2021-08-25 13:04:05 
TT 589 013.8  34.3 031.9  41.9 6.23E-06 005.1 100.3  32.9 0.052734 0.023416 0.003978 hargrave 2021-08-26 11:09:53 
TT 600 343.9  52.5 016.9  68.8 4.25E-06 007.7 084.4  58.9 0.046222 0.022261 0.028650 hargrave 2021-08-27 15:01:24 
