CS1- 5 mag compass orientation (IGRF corrected)
    1.8 294.3  73.0  41.0  23.8   1.0
NRM    339.8  51.5 009.6  69.4 1.67E-04 003.4 153.6 -11.3 0.433996 0.826028 0.347103 hargrave 2021-07-08 14:21:51 
TT 100 339.8  51.0 008.8  69.0 1.61E-04 002.3 153.2 -11.6 0.300179 0.530600 0.278198 hargrave 2021-07-09 13:38:56 
TT 150 336.4  49.8 001.9  69.1 1.43E-04 002.6 150.8 -10.9 0.178552 0.593050 0.244758 hargrave 2021-07-19 14:28:08 
TT 200 332.8  47.4 353.1  68.0 1.31E-04 001.5 147.4 -10.8 0.145724 0.181202 0.253582 hargrave 2021-07-20 10:25:17 
TT 250 332.2  47.8 352.6  68.5 1.26E-04 001.0 147.4 -10.2 0.072775 0.072511 0.210588 hargrave 2021-07-20 16:26:01 
TT 300 330.0  46.4 347.5  67.8 1.19E-04 001.3 145.4 -10.0 0.139907 0.144450 0.196292 hargrave 2021-07-21 13:41:27 
TT 350 324.6  44.8 336.7  67.4 9.60E-05 001.1 141.8 -07.8 0.075549 0.057266 0.167415 hargrave 2021-07-22 12:04:38 
TT 375 321.4  44.8 330.9  67.9 8.30E-05 001.0 140.6 -05.9 0.081315 0.086488 0.131240 hargrave 2021-07-22 17:53:27 
TT 400 319.4  45.4 327.4  68.7 7.40E-05 005.6 140.4 -04.4 0.391669 0.605757 0.122232 hargrave 2021-07-23 19:48:38 
TT 425 317.8  45.8 324.5  69.3 6.93E-05 003.9 140.2 -03.2 0.216822 0.428311 0.148688 hargrave 2021-07-25 10:01:07 
TT 450 317.6  49.2 325.5  72.6 6.28E-05 004.9 143.1 -01.5 0.331461 0.420656 0.119609 hargrave 2021-07-27 09:56:49 
TT 475 313.8  47.5 316.9  71.3 5.96E-05 001.2 140.5  00.0 0.116077 0.065830 0.099389 hargrave 2021-07-28 16:35:13 
TT 500 312.0  47.8 313.1  71.6 5.55E-05 001.7 140.2  01.2 0.107431 0.100813 0.099827 hargrave 2021-08-03 12:22:32 
TT 515 311.4  50.6 311.9  74.4 5.38E-05 003.2 142.6  02.7 0.208319 0.204780 0.105997 hargrave 2021-08-04 12:15:39 
TT 530 308.7  50.7 305.5  74.4 4.85E-05 001.5 142.0  04.3 0.047858 0.111748 0.077926 hargrave 2021-08-06 15:13:38 
TT 540 305.0  45.6 299.2  69.1 4.84E-05 004.1 136.4  04.8 0.238097 0.240882 0.095074 hargrave 2021-08-09 15:56:43 
TT 550 308.4  49.8 305.1  73.5 4.56E-05 001.5 141.1  04.2 0.095754 0.088188 0.093535 hargrave 2021-08-10 17:44:23 
TT 560 303.5  45.1 296.4  68.6 4.32E-05 001.2 135.6  05.7 0.065061 0.066188 0.081780 hargrave 2021-08-11 14:33:07 
TT 566 302.0  52.1 289.0  75.2 3.67E-05 001.7 142.0  08.7 0.071431 0.098840 0.075488 hargrave 2021-08-12 14:35:35 
TT 570 294.7  53.0 271.8  74.5 3.45E-05 002.9 141.8  13.2 0.105942 0.151867 0.067676 hargrave 2021-08-13 12:55:41 
TT 573 310.5  55.7 309.5  79.5 2.67E-05 001.6 147.1  05.2 0.115933 0.056376 0.041063 hargrave 2021-08-16 11:08:36 
TT 577 313.0  36.9 314.3  60.6 1.68E-05 002.7 130.6 -04.0 0.066817 0.043363 0.022365 hargrave 2021-08-17 10:20:32 
TT 580 324.9  59.3 359.9  80.6 1.14E-05 001.3 153.9  00.2 0.020859 0.018464 0.018802 hargrave 2021-08-18 14:53:06 
TT 583 332.7  58.0 012.2  77.1 8.06E-06 003.4 155.4 -03.8 0.013353 0.049195 0.012340 hargrave 2021-08-19 16:59:13 
TT 586 038.1  58.6 072.6  52.4 6.02E-06 002.3 187.3 -13.5 0.023328 0.022173 0.004566 hargrave 2021-08-25 13:07:41 
TT 589 341.0  56.2 020.1  72.7 8.48E-06 002.7 157.3 -08.3 0.054412 0.028761 0.007193 hargrave 2021-08-26 11:13:27 
TT 600 049.6  76.8 102.9  61.3 7.10E-06 001.9 185.6  05.0 0.021332 0.024847 0.006475 hargrave 2021-08-27 15:05:01 
TT 609 306.7  50.5 301.0  74.1 7.42E-06 003.9 141.4  05.4 0.053657 0.026838 0.007140 hargrave 2021-08-31 13:39:19 
TT 619 103.2  65.1 115.5  42.8 8.74E-06 004.6 204.9  10.8 0.030551 0.064924 0.008971 hargrave 2021-09-01 12:59:26 
TT 630 047.6  65.9 086.4  54.7 1.32E-05 003.2 189.3 -05.2 0.094831 0.086848 0.010688 hargrave 2021-09-02 08:15:03 
TT 640 072.6  58.5 094.2  42.1 1.65E-05 003.9 203.0 -04.8 0.075642 0.087577 0.030182 hargrave 2021-09-02 17:04:22 
TT 650 295.2 -05.4 294.5  17.5 2.54E-05 002.4 085.1 -02.4 0.105425 0.068595 0.023008 hargrave 2021-09-24 12:41:33 
TT 660 018.3  76.3 095.8  67.8 2.71E-05 004.4 178.6  03.4 0.118533 0.190886 0.095425 hargrave 2021-09-24 17:50:30 
TT 664 301.4  17.9 298.9  41.3 2.98E-05 002.8 109.2 -01.3 0.158049 0.050394 0.042984 hargrave 2021-09-25 17:42:08 
