CS1- 4 mag compass orientation (IGRF corrected)
    3.7  99.3  23.0  41.0  23.8   1.0
NRM    351.5  53.9 028.7  67.0 7.25E-05 001.0 318.0  74.4 0.101442 0.055965 0.043807 hargrave 2021-07-08 14:20:36 
TT 100 349.6  53.4 025.6  67.3 6.86E-05 000.8 315.2  73.4 0.072906 0.052019 0.038548 hargrave 2021-07-09 13:37:42 
TT 150 348.8  51.9 022.3  66.5 6.29E-05 001.0 316.1  71.9 0.057479 0.085854 0.046975 hargrave 2021-07-19 14:26:54 
TT 200 345.9  50.9 017.1  66.7 5.79E-05 001.0 312.6  70.1 0.059070 0.079840 0.039682 hargrave 2021-07-20 10:23:45 
TT 250 343.6  51.4 014.8  68.0 5.70E-05 000.9 308.0  69.9 0.030253 0.072596 0.046626 hargrave 2021-07-20 16:24:29 
TT 300 345.0  50.5 015.3  66.8 5.44E-05 001.3 311.5  69.5 0.069368 0.096373 0.046227 hargrave 2021-07-21 13:40:08 
TT 350 341.0  50.8 010.2  68.5 4.77E-05 000.7 304.8  68.6 0.043177 0.029370 0.020222 hargrave 2021-07-22 12:03:22 
TT 375 337.3  51.8 006.3  70.6 4.27E-05 000.9 298.1  68.2 0.058872 0.020097 0.042737 hargrave 2021-07-22 17:52:08 
TT 400 335.5  51.2 002.5  70.6 3.84E-05 001.8 296.6  67.1 0.106193 0.041571 0.046677 hargrave 2021-07-23 19:47:23 
TT 425 335.0  50.8 001.0  70.4 3.49E-05 002.1 296.4  66.6 0.117345 0.053593 0.034942 hargrave 2021-07-25 09:59:50 
TT 450 333.5  50.2 357.7  70.4 3.03E-05 001.6 295.3  65.5 0.081415 0.018794 0.025167 hargrave 2021-07-27 09:55:35 
TT 475 330.7  50.8 353.6  71.6 2.75E-05 001.3 291.1  65.0 0.057360 0.015876 0.035849 hargrave 2021-07-28 16:33:58 
TT 500 328.7  49.7 348.5  71.2 2.50E-05 000.8 290.1  63.4 0.030456 0.011993 0.031831 hargrave 2021-08-03 12:21:13 
TT 515 321.6  53.2 337.9  76.0 2.22E-05 001.4 277.5  63.4 0.045012 0.031663 0.009316 hargrave 2021-08-04 12:14:24 
TT 530 319.4  58.2 340.8  81.1 1.74E-05 001.1 267.2  66.2 0.026780 0.017254 0.019655 hargrave 2021-08-06 15:12:22 
TT 540 313.5  60.6 323.2  84.2 1.52E-05 002.0 258.1  65.4 0.040825 0.029027 0.028381 hargrave 2021-08-09 15:55:28 
TT 550 308.5  59.1 300.7  82.8 1.37E-05 002.6 256.9  62.6 0.053049 0.028027 0.027691 hargrave 2021-08-10 17:43:08 
TT 560 325.7  64.5 032.6  83.7 1.17E-05 000.7 257.4  72.3 0.008627 0.010633 0.028881 hargrave 2021-08-11 14:31:52 
TT 566 305.5  55.3 294.7  78.7 1.19E-05 001.0 260.1  58.7 0.012614 0.015518 0.026226 hargrave 2021-08-12 14:34:19 
TT 570 320.9  65.0 029.7  85.8 1.03E-05 000.6 253.0  70.7 0.007258 0.008724 0.005191 hargrave 2021-08-13 12:54:23 
TT 573 305.9  61.5 282.9  84.8 6.95E-06 003.4 251.0  63.2 0.033964 0.015933 0.018320 hargrave 2021-08-16 11:07:22 
TT 577 041.4  60.5 076.7  52.6 5.47E-06 002.9 080.5  74.6 0.027674 0.010251 0.020630 hargrave 2021-08-17 10:19:17 
TT 580 305.2  52.9 296.0  76.4 4.19E-06 002.0 262.7  56.9 0.010801 0.012708 0.008701 hargrave 2021-08-18 14:51:50 
TT 583 283.6  65.0 214.5  78.7 2.77E-06 005.8 232.4  57.8 0.022253 0.017882 0.005842 hargrave 2021-08-19 16:57:58 
TT 586 294.8  35.7 285.7  58.0 3.84E-06 005.2 268.0  38.4 0.033225 0.025748 0.015808 hargrave 2021-08-25 13:06:26 
TT 589 088.8  58.7 104.4  38.8 3.73E-06 006.5 115.8  55.4 0.038244 0.010351 0.017351 hargrave 2021-08-26 11:12:12 
TT 600 278.8  00.2 276.4  20.1 3.37E-06 006.4 269.5 -00.1 0.036927 0.015216 0.008495 hargrave 2021-08-27 15:03:45 
