CS1- 3 mag compass orientation (IGRF corrected)
    2.5 117.3  30.0  41.0  23.8   1.0
NRM    345.4  46.4 010.6  63.2 1.25E-04 001.1 280.1  62.1 0.218811 0.098097 0.076158 hargrave 2021-07-08 14:19:25 
TT 100 343.2  46.6 007.9  64.1 1.20E-04 000.6 277.6  61.2 0.099971 0.087282 0.063262 hargrave 2021-07-09 13:36:31 
TT 150 342.5  44.8 005.0  62.7 1.14E-04 001.0 279.5  59.5 0.168484 0.110403 0.066566 hargrave 2021-07-19 14:25:42 
TT 200 339.2  43.9 359.5  63.0 1.04E-04 001.1 277.4  57.3 0.190687 0.056634 0.065068 hargrave 2021-07-20 10:22:16 
TT 250 336.6  45.1 356.7  64.8 1.01E-04 001.4 273.4  56.8 0.239810 0.063007 0.064575 hargrave 2021-07-20 16:23:01 
TT 300 339.4  41.9 358.0  61.1 9.46E-05 001.3 280.0  55.9 0.186633 0.091712 0.068576 hargrave 2021-07-21 13:38:53 
TT 350 332.5  42.5 348.3  63.5 7.64E-05 001.5 272.9  52.9 0.180121 0.089321 0.036071 hargrave 2021-07-22 12:02:09 
TT 375 331.6  41.7 346.3  63.0 6.80E-05 001.7 272.9  51.9 0.188384 0.068645 0.049849 hargrave 2021-07-22 17:50:55 
TT 400 327.7  43.3 341.1  65.3 6.21E-05 001.7 267.9  51.1 0.173412 0.051729 0.051410 hargrave 2021-07-23 19:46:09 
TT 425 324.9  43.8 336.7  66.4 5.78E-05 002.7 264.9  50.1 0.267292 0.050969 0.032459 hargrave 2021-07-25 09:58:35 
TT 450 324.6  43.3 335.7  65.9 5.23E-05 002.6 265.2  49.5 0.228856 0.040032 0.042021 hargrave 2021-07-27 09:54:22 
TT 475 317.4  47.3 324.3  70.8 4.96E-05 002.4 255.5  48.8 0.204966 0.041513 0.038581 hargrave 2021-07-28 16:32:47 
TT 500 316.3  45.0 321.3  68.6 4.76E-05 003.5 257.0  46.7 0.279755 0.069872 0.038947 hargrave 2021-08-03 12:20:01 
TT 515 315.3  45.6 319.4  69.3 4.41E-05 000.9 255.6  46.6 0.057955 0.044190 0.023732 hargrave 2021-08-04 12:13:12 
TT 530 311.1  49.0 311.2  72.8 3.65E-05 001.8 249.2  47.0 0.095168 0.081108 0.034511 hargrave 2021-08-06 15:11:09 
TT 540 310.7  50.2 310.2  74.0 3.50E-05 002.2 247.7  47.6 0.082040 0.149097 0.016384 hargrave 2021-08-09 15:54:17 
TT 550 308.1  47.1 305.0  70.8 3.29E-05 001.9 249.1  44.3 0.055345 0.123981 0.035073 hargrave 2021-08-10 17:41:57 
TT 560 316.2  52.0 324.0  75.6 2.66E-05 001.9 249.2  51.5 0.082792 0.024405 0.033044 hargrave 2021-08-11 14:30:40 
TT 566 309.0  46.8 306.8  70.6 2.80E-05 002.2 249.9  44.5 0.072871 0.098649 0.032404 hargrave 2021-08-12 14:33:06 
TT 570 319.9  58.1 342.1  80.9 1.95E-05 002.8 243.1  56.8 0.079289 0.055293 0.009568 hargrave 2021-08-13 12:53:11 
TT 573 307.6  45.5 304.2  69.3 1.46E-05 002.3 250.2  42.9 0.055169 0.030825 0.015487 hargrave 2021-08-16 11:06:10 
TT 577 338.4  69.4 070.8  79.3 6.96E-06 003.5 224.6  67.9 0.028599 0.015346 0.036815 hargrave 2021-08-17 10:18:02 
TT 580 309.0  45.1 307.1  68.9 6.74E-06 003.1 251.6  43.3 0.033347 0.016927 0.009259 hargrave 2021-08-18 14:50:38 
TT 583 293.7  72.2 168.5  81.5 5.71E-06 001.6 211.7  54.6 0.011659 0.010968 0.003525 hargrave 2021-08-19 16:56:46 
TT 586 302.7  33.1 298.3  56.6 6.11E-06 005.1 256.1  30.8 0.050149 0.026423 0.011082 hargrave 2021-08-25 13:05:14 
TT 589 069.6  42.2 083.5  28.1 4.59E-06 004.8 074.5  58.8 0.040548 0.018420 0.015896 hargrave 2021-08-26 11:11:01 
TT 600 289.7  19.3 283.9  41.1 5.58E-06 004.6 253.7  12.9 0.043590 0.013911 0.007766 hargrave 2021-08-27 15:02:33 
