CS10- 4 sun compass orientation
   0.15   9.1  89.0  12.0  86.3   1.0
NRM    312.1  41.9  71.1  43.3 1.81E-05 001.9 148.3  39.5 0.042239 0.050370 0.023700 hargrave 2021-04-26 14:50:44 
TT 100 158.2  88.2 103.5   2.7 8.92E-06 057.9 181.5  00.1 0.040376 0.671710 1.269547 hargrave 2021-04-28 15:14:41 
TT 100 307.5  34.4  67.4  51.2 1.60E-05 002.1 144.6  47.4 0.036929 0.045795 0.007350 hargrave 2021-04-28 16:29:47 
TT 150 310.6  31.4  61.1  51.4 1.48E-05 001.6 138.7  47.4 0.031644 0.030739 0.007507 hargrave 2021-05-20 14:35:01 
TT 200 308.6  30.7  62.1  53.1 1.34E-05 003.8 139.6  49.2 0.055859 0.068310 0.022730 hargrave 2021-05-21 09:38:03 
TT 250 316.4  31.6  56.8  47.3 1.23E-05 003.9 134.8  43.4 0.057858 0.059799 0.023126 hargrave 2021-05-21 15:53:04 
TT 300 312.3  35.8  64.8  47.4 1.11E-05 002.4 142.2  43.5 0.027801 0.034383 0.024747 hargrave 2021-05-27 13:08:13 
TT 350 314.1  33.9  61.2  47.5 1.01E-05 004.6 138.9  43.6 0.054801 0.059422 0.027533 hargrave 2021-05-28 09:25:45 
TT 375 310.1  36.2  67.0  48.5 9.67E-06 004.7 144.2  44.6 0.052611 0.061640 0.023023 hargrave 2021-05-28 17:09:22 
TT 400 307.4  36.8  70.1  49.5 9.74E-06 004.3 147.1  45.7 0.037276 0.061762 0.023782 hargrave 2021-05-31 17:48:36 
TT 400 307.3  36.8  70.2  49.6 9.74E-06 004.4 147.2  45.7 0.037003 0.062722 0.023826 hargrave 2021-05-31 19:36:53 
TT 425 305.5  37.7  72.8  49.8 9.39E-06 001.8 149.6  46.0 0.022113 0.025224 0.025002 hargrave 2021-06-01 14:49:16 
TT 425 305.4  37.9  73.0  49.7 9.38E-06 001.7 149.8  45.9 0.022751 0.024580 0.023426 hargrave 2021-06-01 16:33:19 
TT 450 303.5  34.0  71.1  53.7 9.29E-06 003.7 147.8  49.9 0.034314 0.049394 0.023022 hargrave 2021-06-07 16:17:27 
TT 475 300.9  36.9  76.8  52.5 8.35E-06 002.1 153.2  48.8 0.025181 0.026084 0.023335 hargrave 2021-06-08 14:28:32 
TT 500 295.4  35.7  82.5  55.7 6.89E-06 001.5 158.2  52.1 0.010312 0.008772 0.019392 hargrave 2021-06-09 09:32:29 
TT 515 297.5  31.3  75.9  58.8 6.51E-06 002.8 151.9  55.1 0.028551 0.023150 0.021418 hargrave 2021-06-09 18:07:37 
TT 530 294.4  30.7  79.9  60.6 6.06E-06 001.8 155.5  56.9 0.010548 0.013691 0.021851 hargrave 2021-06-10 18:54:02 
TT 540 291.4  27.0  81.8  65.0 6.03E-06 001.9 156.6  61.5 0.005403 0.013944 0.024501 hargrave 2021-06-14 16:35:10 
TT 550 295.6  25.8  72.7  64.3 5.64E-06 004.4 148.6  60.6 0.035270 0.030685 0.025183 hargrave 2021-06-15 15:46:48 
TT 560 293.2  31.4  82.4  60.4 5.74E-06 003.9 157.7  56.8 0.027716 0.022757 0.024594 hargrave 2021-06-16 17:14:04 
TT 565 294.3  40.6  86.9  51.5 5.60E-06 003.9 162.6  48.1 0.027621 0.022342 0.026688 hargrave 2021-06-17 17:17:25 
TT 568 300.8  31.1  71.2  57.4 5.55E-06 004.9 147.7  53.6 0.023316 0.038892 0.023592 hargrave 2021-06-18 15:17:44 
TT 571 304.2  41.0  76.9  47.7 6.32E-06 003.7 153.5  44.0 0.031089 0.031661 0.024150 hargrave 2021-06-21 15:26:10 
TT 574 300.8  41.8  80.8  48.4 5.69E-06 007.3 157.2  44.8 0.048957 0.060748 0.020570 hargrave 2021-07-07 17:16:33 
TT 576 291.6  28.3  82.6  63.8 6.42E-06 001.4 157.5  60.2 0.020879 0.006929 0.019254 hargrave 2021-07-08 18:59:25 
TT 579 287.5  30.9  91.8  62.3 6.62E-06 002.8 165.9  59.1 0.019576 0.028265 0.018951 hargrave 2021-07-09 18:28:25 
TT 582 305.8  31.9  66.3  54.0 6.42E-06 005.5 143.5  50.1 0.041996 0.045246 0.013627 hargrave 2021-07-19 17:55:11 
TT 585 298.2  20.6  60.3  66.9 6.82E-06 002.0 137.7  63.0 0.022354 0.011005 0.016986 hargrave 2021-07-21 09:14:08 
TT 588 296.3  23.5  68.4  65.9 7.02E-06 004.2 144.6  62.0 0.033451 0.039276 0.018117 hargrave 2021-07-22 14:59:13 
TT 598 301.2  21.6  57.5  64.2 6.55E-06 002.0 135.2  60.2 0.017248 0.009095 0.014406 hargrave 2021-07-23 14:15:33 
TT 610 299.4  30.1  71.9  58.9 8.04E-06 002.8 148.4  55.1 0.025167 0.028226 0.015128 hargrave 2021-07-26 18:10:18 
TT 628 290.5  24.8  81.6  67.4 8.04E-06 002.2 156.0  63.8 0.019694 0.019273 0.017070 hargrave 2021-08-03 16:31:52 
TT 640 305.2  21.1  51.6  61.5 9.82E-06 001.1 130.0  57.6 0.016043 0.007888 0.018876 hargrave 2021-08-06 11:10:42 
TT 650 306.6  09.5  26.6  64.9 7.92E-06 001.0 108.2  61.4 0.008460 0.012871 0.011994 hargrave 2021-08-08 13:00:27 
TT 660 322.9  23.2  42.1  45.9 4.68E-06 006.2 121.0  42.0 0.038666 0.034218 0.018612 hargrave 2021-08-10 10:18:57 
TT 665 286.7  15.8  81.4  77.0 4.92E-06 006.5 153.7  73.4 0.041672 0.039867 0.025981 hargrave 2021-09-24 15:35:07 
TT 668 293.6  15.1  57.7  73.9 9.01E-06 001.3 135.2  69.9 0.015777 0.009287 0.019821 hargrave 2021-09-25 14:12:04 
