CS10- 1 sun compass orientation
      0  15.2  77.0  12.0  86.3   1.0
NRM    337.8  81.6  95.0   8.4 2.37E-05 001.1 173.0  18.0 0.020519 0.044185 0.025682 hargrave 2021-04-26 14:46:03 
TT 100 328.5  78.7  93.7  11.4 2.17E-05 002.1 171.8  21.0 0.036048 0.074749 0.016141 hargrave 2021-04-28 15:09:59 
TT 150 329.1  79.4  94.1  10.9 2.07E-05 004.7 172.2  20.5 0.042661 0.166378 0.022803 hargrave 2021-05-20 14:30:18 
TT 200 327.0  77.9  93.3  12.2 1.82E-05 003.8 171.3  21.9 0.035214 0.117265 0.027011 hargrave 2021-05-21 09:32:26 
TT 250 320.5  76.8  93.6  14.0 1.69E-05 005.2 171.7  23.6 0.032623 0.150925 0.025553 hargrave 2021-05-21 15:48:23 
TT 300 327.3  73.7  90.1  15.0 1.54E-05 001.6 168.1  24.7 0.032021 0.029231 0.025173 hargrave 2021-05-27 13:03:32 
TT 350 327.7  69.8  87.0  17.5 1.37E-05 004.4 164.7  27.3 0.030536 0.101838 0.018694 hargrave 2021-05-28 09:20:12 
TT 375 329.6  65.1  82.7  20.0 1.24E-05 003.6 160.1  29.8 0.040161 0.068865 0.017050 hargrave 2021-05-28 17:04:40 
TT 400 316.7  69.2  89.5  20.6 1.16E-05 003.3 167.6  30.4 0.022397 0.063321 0.017828 hargrave 2021-05-31 17:43:54 
TT 400 316.6  69.2  89.6  20.6 1.16E-05 003.3 167.6  30.4 0.022280 0.063708 0.017880 hargrave 2021-05-31 19:31:25 
TT 425 317.3  66.5  87.5  22.6 1.07E-05 001.5 165.5  32.4 0.021595 0.016720 0.016625 hargrave 2021-06-01 14:44:35 
TT 425 317.3  66.4  87.5  22.7 1.07E-05 001.5 165.4  32.5 0.021960 0.016824 0.018564 hargrave 2021-06-01 16:28:36 
TT 450 316.2  64.3  86.5  24.6 9.62E-06 001.3 164.3  34.3 0.018045 0.014400 0.011169 hargrave 2021-06-07 16:11:57 
TT 475 319.0  60.2  82.4  26.9 8.63E-06 008.3 159.8  36.7 0.041422 0.119183 0.012552 hargrave 2021-06-08 14:23:46 
TT 475 313.8  62.6  86.3  26.6 8.76E-06 004.3 164.1  36.4 0.017789 0.062994 0.016613 hargrave 2021-06-08 15:55:10 
TT 500 306.6  60.3  88.2  30.4 7.50E-06 002.8 166.3  40.1 0.023641 0.029675 0.006041 hargrave 2021-06-09 09:27:48 
TT 515 307.3  60.3  87.8  30.2 6.67E-06 001.4 165.9  40.0 0.014072 0.009096 0.008063 hargrave 2021-06-09 18:02:53 
TT 530 310.5  59.3  85.6  30.2 5.60E-06 002.8 163.5  40.0 0.009532 0.026007 0.005904 hargrave 2021-06-10 18:48:29 
TT 540 313.8  51.9  78.6  35.0 4.97E-06 002.7 155.4  44.8 0.016335 0.016838 0.005884 hargrave 2021-06-14 16:30:26 
TT 550 315.3  54.4  79.7  32.5 4.60E-06 003.1 156.8  42.3 0.009731 0.022495 0.007011 hargrave 2021-06-15 15:42:05 
TT 560 297.7  50.1  88.5  41.7 3.45E-06 004.3 167.1  51.5 0.005354 0.017863 0.023549 hargrave 2021-06-16 17:09:22 
TT 565 306.1  50.2  82.3  39.2 3.07E-06 001.8 159.6  49.1 0.005106 0.008293 0.002818 hargrave 2021-06-17 17:12:43 
TT 568 310.8  65.6  89.3  24.8 1.57E-06 005.7 167.5  34.6 0.004841 0.013908 0.007211 hargrave 2021-06-18 15:12:30 
TT 571 166.0  34.6 153.4 -18.9 1.72E-06 001.3 228.2 -15.3 0.003656 0.004227 0.001512 hargrave 2021-06-21 15:21:41 
TT 574 102.2  33.6 102.3 -52.7 9.02E-07 003.3 176.6 -43.3 0.001976 0.004879 0.001680 hargrave 2021-07-07 17:12:05 
TT 576 297.8  06.5  22.7  74.0 1.93E-06 001.5 063.7  76.0 0.002630 0.004423 0.001794 hargrave 2021-07-08 18:55:52 
TT 579 048.5  43.5  62.8 -22.7 1.90E-06 002.6 141.4 -13.5 0.004714 0.007351 0.004777 hargrave 2021-07-09 18:24:25 
TT 582 287.8  39.1  94.3  54.2 2.71E-06 003.7 175.4  63.7 0.003686 0.016997 0.001482 hargrave 2021-07-19 17:50:14 
TT 585 348.9  57.9  71.6  15.2 2.38E-06 001.6 148.3  24.8 0.005510 0.003437 0.004808 hargrave 2021-07-21 09:10:00 
