CS10- 7 sun compass orientation
    0.1   7.7  78.0  12.0  86.3   1.0
NRM    326.6  63.8  82.5  21.8 2.90E-05 002.7 157.8  28.1 0.070221 0.122539 0.025009 hargrave 2021-04-26 14:58:04 
TT 100 317.6  57.5  81.0  29.4 2.46E-05 001.9 155.0  35.3 0.031245 0.075684 0.024465 hargrave 2021-04-28 15:22:01 
TT 150 316.6  57.2  81.2  29.9 2.46E-05 001.6 155.2  35.9 0.041379 0.047360 0.042786 hargrave 2021-05-20 14:43:13 
TT 200 316.0  58.1  82.2  29.5 2.39E-05 002.5 156.2  35.6 0.054902 0.086719 0.039783 hargrave 2021-05-21 09:44:39 
TT 250 314.9  58.1  82.7  29.8 2.19E-05 001.1 156.8  36.0 0.035276 0.035855 0.020218 hargrave 2021-05-21 15:58:49 
TT 300 313.5  59.6  84.4  29.1 2.07E-05 001.4 158.7  35.5 0.036371 0.043453 0.021472 hargrave 2021-05-27 13:13:58 
TT 350 312.0  55.5  82.3  32.9 1.86E-05 001.5 155.8  39.0 0.032328 0.040948 0.014332 hargrave 2021-05-28 09:31:31 
TT 375 314.7  52.1  78.2  34.5 1.78E-05 004.1 151.1  40.1 0.074556 0.105306 0.018629 hargrave 2021-05-28 17:15:07 
TT 400 311.7  52.5  80.3  35.4 1.74E-05 001.2 153.0  41.2 0.031946 0.027657 0.015932 hargrave 2021-05-31 17:54:23 
TT 400 312.2  52.1  79.7  35.5 1.74E-05 001.1 152.4  41.3 0.028136 0.024557 0.015839 hargrave 2021-05-31 19:42:38 
TT 425 308.0  53.7  83.4  35.7 1.69E-05 001.0 156.4  41.9 0.026667 0.024022 0.022907 hargrave 2021-06-01 14:55:01 
TT 425 308.7  53.4  82.7  35.7 1.69E-05 001.1 155.7  41.9 0.024191 0.028370 0.021006 hargrave 2021-06-01 16:39:06 
TT 450 311.8  50.4  78.6  37.0 1.58E-05 002.0 150.9  42.6 0.045008 0.039576 0.020187 hargrave 2021-06-07 16:23:12 
TT 475 311.4  52.8  80.7  35.2 1.53E-05 002.2 153.6  41.1 0.024006 0.055120 0.022855 hargrave 2021-06-08 14:34:20 
TT 500 317.0  51.6  76.6  33.9 1.45E-05 001.5 149.4  39.3 0.030492 0.026390 0.021288 hargrave 2021-06-09 09:38:15 
TT 515 322.2  47.9  70.5  34.0 1.45E-05 003.3 143.1  38.5 0.042421 0.073688 0.018895 hargrave 2021-06-09 18:13:25 
TT 530 322.8  47.9  70.2  33.7 1.44E-05 001.9 142.9  38.1 0.039621 0.029393 0.021222 hargrave 2021-06-10 19:01:24 
TT 540 319.1  48.8  73.0  34.9 1.35E-05 001.5 145.5  39.7 0.023889 0.028298 0.020475 hargrave 2021-06-14 16:40:48 
TT 550 316.2  51.3  76.8  34.5 1.31E-05 001.6 149.6  39.8 0.031656 0.028729 0.015921 hargrave 2021-06-15 15:52:33 
TT 560 316.6  48.8  74.4  36.1 1.26E-05 003.3 146.7  41.2 0.035803 0.066151 0.014704 hargrave 2021-06-16 17:20:38 
TT 565 316.3  45.7  71.8  38.5 1.23E-05 001.7 143.4  43.0 0.018645 0.019926 0.032899 hargrave 2021-06-17 17:23:11 
TT 568 307.8  50.8  81.5  38.2 1.10E-05 002.3 153.8  44.1 0.023588 0.039705 0.015000 hargrave 2021-06-18 15:23:46 
TT 571 307.5  43.9  76.5  43.9 1.06E-05 001.5 146.9  49.1 0.016615 0.021236 0.017350 hargrave 2021-06-21 15:30:35 
TT 574 300.6  52.7  87.7  38.6 8.94E-06 002.3 160.4  45.3 0.024964 0.018486 0.020599 hargrave 2021-07-07 17:20:59 
TT 576 322.0  42.4  65.3  37.4 8.03E-06 002.2 136.8  41.1 0.008247 0.031076 0.014282 hargrave 2021-07-08 19:04:31 
TT 579 315.4  51.5  77.4  34.7 7.23E-06 001.8 150.2  40.1 0.005985 0.019526 0.015634 hargrave 2021-07-09 18:31:50 
TT 582 328.1  37.8  57.3  35.9 8.56E-06 002.4 129.1  38.3 0.024088 0.015005 0.023823 hargrave 2021-07-19 18:00:16 
TT 585 331.7  36.0  53.9  34.1 6.75E-06 002.5 126.0  36.0 0.011212 0.018933 0.020880 hargrave 2021-07-21 09:18:24 
TT 588 331.0  34.4  52.3  35.2 9.02E-06 001.9 124.2  36.9 0.027812 0.007236 0.014473 hargrave 2021-07-22 15:02:46 
TT 598 334.9  47.7  65.0  26.9 8.18E-06 005.0 138.8  30.7 0.035914 0.065989 0.015561 hargrave 2021-07-23 14:19:14 
TT 610 330.1  46.8  65.9  30.2 9.01E-06 002.5 139.1  34.1 0.024544 0.020143 0.026399 hargrave 2021-07-26 18:13:56 
TT 628 305.3  41.0  75.9  47.2 5.62E-06 001.6 145.2  52.2 0.009546 0.010857 0.007534 hargrave 2021-08-03 16:35:29 
TT 640 335.6  31.9  47.9  32.5 8.18E-06 003.3 120.5  33.4 0.042159 0.026907 0.018108 hargrave 2021-08-06 11:14:39 
TT 650 331.6  08.2  19.6  40.5 7.00E-06 004.3 091.2  36.9 0.051675 0.027856 0.011178 hargrave 2021-08-08 13:04:05 
TT 660 318.3  32.2  56.2  45.6 6.97E-06 001.1 125.2  47.7 0.010193 0.008891 0.004950 hargrave 2021-08-10 10:22:27 
TT 665 340.5  17.7  30.5  31.1 6.82E-06 005.6 103.7  29.3 0.058271 0.022419 0.030682 hargrave 2021-09-24 15:39:29 
TT 668 334.0  22.5  37.4  36.3 7.65E-06 003.8 109.1  35.5 0.032526 0.015812 0.045581 hargrave 2021-09-25 14:18:09 
