CS10- 6 sun compass orientation
      0  12.8  83.0  12.0  86.3   1.0
NRM    012.2  74.5  86.5   3.5 2.69E-03 002.6 164.4  06.9 3.287918 11.53352 2.117198 hargrave 2021-04-26 14:56:33 
TT 100 005.2  76.7  88.7   5.2 2.37E-03 000.8 166.7  08.6 0.449036 1.956233 2.523312 hargrave 2021-04-28 15:20:31 
TT 150 007.5  63.0  75.0   5.3 2.34E-03 007.8 152.8  08.7 14.60785 28.41510 2.064752 hargrave 2021-05-20 14:40:54 
TT 200 359.4  75.4  87.7   6.7 2.20E-03 001.1 165.5  10.2 0.967772 2.829944 2.829780 hargrave 2021-05-21 09:43:11 
TT 250 358.1  76.2  88.5   6.9 1.80E-03 001.5 166.5  10.3 1.306137 4.047846 2.284674 hargrave 2021-05-21 15:57:19 
TT 300 355.3  75.7  88.2   7.7 1.65E-03 001.5 166.1  11.1 1.170499 3.620611 2.041337 hargrave 2021-05-27 13:12:27 
TT 350 348.7  76.3  89.3   9.0 1.38E-03 001.2 167.2  12.4 0.336079 2.388937 1.577143 hargrave 2021-05-28 09:30:00 
TT 375 350.9  72.8  85.7   9.7 1.25E-03 005.5 163.6  13.1 3.562480 11.34904 1.540122 hargrave 2021-05-28 17:13:37 
TT 400 350.0  75.4  88.3   9.0 1.14E-03 002.9 166.2  12.4 1.090046 5.386505 1.451290 hargrave 2021-05-31 17:52:53 
TT 400 349.6  75.7  88.6   9.0 1.14E-03 003.2 166.5  12.4 1.217544 6.054503 1.434305 hargrave 2021-05-31 19:41:08 
TT 425 346.3  76.9  90.1   9.3 1.03E-03 003.8 168.0  12.7 1.623028 6.488594 1.317218 hargrave 2021-06-01 14:53:31 
TT 425 345.9  77.1  90.3   9.3 1.03E-03 003.5 168.2  12.6 1.492042 6.022081 1.298999 hargrave 2021-06-01 16:37:35 
TT 450 347.2  75.1  88.3   9.8 9.40E-04 001.0 166.2  13.2 0.237457 1.210230 1.169328 hargrave 2021-06-07 16:21:42 
TT 475 346.4  76.6  89.8   9.4 8.43E-04 001.8 167.7  12.8 0.688161 2.338299 1.034959 hargrave 2021-06-08 14:32:49 
TT 500 342.3  75.7  89.4  10.6 7.17E-04 000.8 167.3  14.1 0.205115 0.526530 0.826670 hargrave 2021-06-09 09:36:45 
TT 515 346.5  73.4  86.8  10.6 6.63E-04 001.0 164.7  14.0 0.175187 0.879665 0.685012 hargrave 2021-06-09 18:11:54 
TT 530 344.1  73.3  87.0  11.3 5.80E-04 001.2 164.9  14.7 0.496794 0.947000 0.690043 hargrave 2021-06-10 18:59:54 
TT 540 348.5  72.7  85.9  10.4 5.31E-04 002.8 163.8  13.7 0.902544 2.381315 0.695166 hargrave 2021-06-14 16:39:29 
TT 550 353.6  74.1  86.8   8.5 4.76E-04 001.1 164.7  11.9 0.314936 0.711534 0.563673 hargrave 2021-06-15 15:51:03 
TT 560 358.0  70.5  82.9   8.1 4.11E-04 005.4 160.7  11.5 1.432869 3.606321 0.528171 hargrave 2021-06-16 17:18:19 
TT 565 001.4  74.1  86.3   6.5 3.57E-04 002.4 164.2  09.8 0.558954 1.331867 0.465824 hargrave 2021-06-17 17:21:40 
TT 568 011.0  73.6  85.6   3.8 3.18E-04 001.2 163.5  07.2 0.170173 0.418164 0.493123 hargrave 2021-06-18 15:20:59 
TT 574 020.0  76.4  88.5   1.7 2.35E-04 002.9 166.4  05.1 0.372104 1.071731 0.469348 hargrave 2021-07-07 17:19:29 
TT 576 009.2  71.0  83.0   4.4 1.58E-04 002.4 160.9  07.8 0.332441 0.573676 0.240481 hargrave 2021-07-08 19:03:15 
TT 579 010.0  74.2  86.2   4.1 1.31E-04 001.8 164.1  07.5 0.234894 0.313332 0.227042 hargrave 2021-07-09 18:30:39 
TT 582 018.3  55.7  67.9  -0.5 1.06E-04 003.0 145.9  02.7 0.290527 0.514381 0.132230 hargrave 2021-07-19 17:57:58 
TT 585 048.7  76.1  90.9  -4.6 8.35E-05 003.7 168.8 -01.2 0.312124 0.503638 0.075352 hargrave 2021-07-21 09:16:55 
TT 588 341.9  56.9  72.0  19.1 8.32E-05 001.5 149.6  22.3 0.256592 0.198071 0.121398 hargrave 2021-07-22 15:01:38 
TT 598 332.5  34.4  51.8  34.1 5.97E-05 004.1 128.3  36.8 0.388641 0.259150 0.072133 hargrave 2021-07-23 14:18:03 
TT 610 021.4  60.7  73.1  -1.3 6.73E-05 001.8 151.1  01.9 0.176378 0.176329 0.092991 hargrave 2021-07-26 18:12:46 
TT 628 301.9  84.9 100.2   8.5 6.27E-05 002.7 178.3  11.9 0.150632 0.258186 0.144079 hargrave 2021-08-03 16:34:22 
TT 640 356.1  50.0  62.6  13.0 6.24E-05 002.1 140.1  16.1 0.235086 0.236870 0.059885 hargrave 2021-08-06 11:13:11 
TT 650 029.8  38.5  52.5 -11.5 7.40E-05 006.3 130.8 -08.7 0.547820 0.669313 0.077140 hargrave 2021-08-08 13:02:53 
TT 660 100.9  28.4 100.2 -57.9 4.69E-05 009.4 177.2 -54.5 0.633381 0.644487 0.256232 hargrave 2021-08-10 10:21:21 
TT 660 165.3  75.5 114.9  -2.9 2.24E-05 059.6 192.8  00.2 0.225128 0.743610 3.773474 hargrave 2021-08-10 11:56:56 
TT 660 103.3  16.2 105.7 -70.1 7.34E-05 003.0 181.3 -66.8 0.216851 0.331613 0.072777 hargrave 2021-08-10 15:42:01 
TT 665 325.5  49.9  70.8  31.0 5.44E-05 005.3 148.1  34.2 0.495321 0.230645 0.126073 hargrave 2021-09-24 15:38:04 
TT 668 126.4  10.1 162.2 -62.1 1.18E-05 013.6 234.2 -61.0 0.208556 0.213383 0.042379 hargrave 2021-09-25 14:16:43 
TT 668 144.0 -09.5 202.1 -47.9 1.08E-05 014.3 276.4 -49.2 0.204072 0.203749 0.050191 hargrave 2021-09-25 15:00:21 
