CS10- 8 sun compass orientation
    0.1   1.9  78.0  12.0  86.3   1.0
NRM    304.4  71.2  94.4  21.0 1.28E-05 002.0 168.8  27.6 0.036186 0.038774 0.018061 hargrave 2021-04-26 14:59:39 
TT 100 311.2  65.8  89.3  24.6 1.14E-05 003.8 162.5  30.0 0.040949 0.054220 0.035227 hargrave 2021-04-28 15:23:36 
TT 150 323.7  59.6  80.1  25.6 1.15E-05 002.3 152.9  29.0 0.019634 0.037325 0.026331 hargrave 2021-05-20 14:44:48 
TT 200 313.8  66.6  88.8  23.3 1.12E-05 005.1 162.4  28.7 0.044740 0.088884 0.022784 hargrave 2021-05-21 09:46:06 
TT 250 318.0  63.6  85.3  24.6 1.04E-05 004.5 158.5  29.2 0.040789 0.070438 0.020293 hargrave 2021-05-21 16:00:24 
TT 300 321.9  65.1  85.0  22.4 9.46E-06 001.5 158.8  27.0 0.020501 0.015390 0.014985 hargrave 2021-05-27 13:15:33 
TT 350 328.2  69.0  86.2  17.9 8.96E-06 001.9 161.1  22.9 0.017696 0.028886 0.014878 hargrave 2021-05-28 09:33:05 
TT 375 330.1  68.4  85.3  17.8 8.74E-06 002.3 160.2  22.5 0.024483 0.027749 0.009783 hargrave 2021-05-28 17:16:42 
TT 400 324.0  72.9  90.2  16.2 8.47E-06 002.0 165.5  22.1 0.020512 0.024852 0.017481 hargrave 2021-05-31 17:55:57 
TT 400 323.7  73.1  90.4  16.2 8.45E-06 002.2 165.7  22.0 0.020469 0.027735 0.017205 hargrave 2021-05-31 19:44:12 
TT 425 327.3  74.4  90.6  14.5 8.38E-06 001.8 166.3  20.5 0.018167 0.022690 0.010843 hargrave 2021-06-01 14:56:37 
TT 425 327.4  74.4  90.6  14.5 8.37E-06 001.9 166.3  20.4 0.017699 0.023318 0.012577 hargrave 2021-06-01 16:40:42 
TT 450 332.1  73.0  88.6  14.4 7.91E-06 003.4 164.3  19.9 0.022544 0.040771 0.016466 hargrave 2021-06-07 16:24:47 
TT 475 326.9  77.5  93.0  12.5 7.20E-06 002.8 169.2  18.9 0.017724 0.031971 0.010050 hargrave 2021-06-08 14:35:56 
TT 500 329.8  82.3  96.2   8.8 7.20E-06 001.2 173.2  16.0 0.014390 0.012237 0.007537 hargrave 2021-06-09 09:39:50 
TT 515 325.6  78.7  94.1  11.8 7.05E-06 001.4 170.4  18.5 0.014529 0.014023 0.008631 hargrave 2021-06-09 18:15:00 
TT 530 329.6  78.7  93.5  11.3 6.78E-06 002.0 170.0  17.8 0.014509 0.022140 0.005556 hargrave 2021-06-10 19:02:58 
TT 540 333.2  76.0  90.9  12.4 6.60E-06 007.3 167.1  18.4 0.021522 0.083597 0.007618 hargrave 2021-06-14 16:42:10 
TT 550 299.5  80.3  99.0  12.9 5.96E-06 002.4 175.2  20.6 0.013759 0.022250 0.008606 hargrave 2021-06-15 15:54:08 
TT 560 265.7  80.1 104.8  13.2 5.75E-06 001.5 181.1  21.8 0.012136 0.011838 0.008718 hargrave 2021-06-16 17:22:13 
TT 565 304.5  77.2  97.0  15.5 5.45E-06 001.3 172.6  22.7 0.011890 0.008347 0.006510 hargrave 2021-06-17 17:24:45 
TT 568 277.8  80.7 102.7  13.0 5.22E-06 004.1 179.0  21.3 0.010233 0.037682 0.003530 hargrave 2021-06-18 15:25:15 
TT 571 299.8  78.3  98.3  14.8 5.08E-06 008.4 174.1  22.2 0.013416 0.074182 0.006901 hargrave 2021-06-21 15:32:19 
TT 574 247.7  82.8 106.1   9.6 4.75E-06 008.4 183.1  18.5 0.010177 0.067508 0.018477 hargrave 2021-07-07 17:22:43 
TT 576 309.4  81.1  97.8  11.6 4.54E-06 003.0 174.3  19.0 0.008120 0.011185 0.020206 hargrave 2021-07-08 19:05:41 
TT 579 255.6  82.7 105.3  10.2 4.32E-06 002.7 182.2  19.0 0.009430 0.007594 0.018486 hargrave 2021-07-09 18:33:05 
TT 582 320.0  74.2  92.0  16.0 3.67E-06 003.3 167.4  22.2 0.012448 0.008243 0.016787 hargrave 2021-07-19 18:01:48 
TT 585 303.7  68.8  93.6  23.3 3.93E-06 002.9 167.4  29.6 0.010446 0.008410 0.016427 hargrave 2021-07-21 09:19:55 
TT 588 339.4  84.5  97.3   6.6 4.07E-06 003.4 174.8  14.1 0.009314 0.015701 0.017285 hargrave 2021-07-22 15:03:55 
TT 598 276.2  75.6 103.5  18.0 4.01E-06 004.7 178.8  26.4 0.009112 0.026736 0.019898 hargrave 2021-07-23 14:20:25 
TT 610 331.7  69.3  85.6  16.8 4.05E-06 002.5 160.8  21.6 0.010639 0.008624 0.014426 hargrave 2021-07-26 18:15:02 
TT 628 344.7  58.1  72.5  17.3 2.48E-06 002.2 147.7  19.2 0.004810 0.008886 0.007455 hargrave 2021-08-03 16:36:38 
TT 640 056.8  79.5  94.6  -3.7 3.36E-06 002.7 174.0  03.4 0.008889 0.012932 0.008570 hargrave 2021-08-06 11:15:58 
TT 650 350.8  41.2  54.4  18.3 2.06E-06 002.1 129.8  16.2 0.007640 0.009624 0.005204 hargrave 2021-08-08 13:05:15 
TT 660 356.7  59.1  71.7  11.0 4.90E-06 001.9 148.3  12.9 0.008244 0.007596 0.014198 hargrave 2021-08-10 10:23:34 
TT 665 073.8  76.8  95.7  -7.9 3.81E-06 007.5 175.9 -00.6 0.012373 0.047365 0.017660 hargrave 2021-09-24 15:40:53 
TT 668 358.5  40.0  52.2  12.7 3.88E-06 003.3 129.0  10.2 0.010316 0.014224 0.022456 hargrave 2021-09-25 14:19:33 
