CS10- 2 sun compass orientation
      0  16.9  79.0  12.0  86.3   1.0
NRM    350.4  64.7  78.0  12.4 3.07E-04 001.2 155.8  21.1 0.266193 0.340203 0.517541 hargrave 2021-04-26 14:47:30 
TT 100 335.7  70.6  85.9  14.9 2.62E-04 001.4 164.2  23.3 0.222557 0.301444 0.541105 hargrave 2021-04-28 15:11:26 
TT 150 336.6  68.7  84.1  15.7 2.43E-04 001.2 162.4  24.1 0.169873 0.163067 0.496148 hargrave 2021-05-20 14:31:46 
TT 200 324.9  71.2  88.7  17.3 2.08E-04 001.3 167.3  25.4 0.171256 0.120272 0.413126 hargrave 2021-05-21 09:33:54 
TT 250 324.5  71.3  88.9  17.3 1.84E-04 002.6 167.5  25.4 0.074240 0.737711 0.373429 hargrave 2021-05-21 15:49:50 
TT 300 331.7  68.9  85.3  17.0 1.61E-04 003.1 163.7  25.4 0.355733 0.742935 0.314017 hargrave 2021-05-27 13:05:00 
TT 350 328.1  70.5  87.4  17.0 1.40E-04 002.2 165.9  25.3 0.240906 0.391107 0.280102 hargrave 2021-05-28 09:21:40 
TT 375 331.1  70.1  86.4  16.4 1.28E-04 001.7 164.9  24.8 0.065398 0.261505 0.256657 hargrave 2021-05-28 17:06:07 
TT 400 331.4  70.7  86.9  16.0 1.15E-04 002.8 165.2  24.3 0.233514 0.462441 0.218965 hargrave 2021-05-31 17:45:22 
TT 400 331.2  70.7  86.9  16.0 1.15E-04 002.7 165.3  24.3 0.234443 0.441987 0.217634 hargrave 2021-05-31 19:32:51 
TT 425 336.8  69.0  84.3  15.4 1.00E-04 001.4 162.5  23.9 0.122115 0.090652 0.200203 hargrave 2021-06-01 14:46:02 
TT 425 336.8  69.0  84.3  15.4 1.00E-04 001.4 162.5  23.9 0.126329 0.091502 0.198972 hargrave 2021-06-01 16:30:03 
TT 450 332.3  71.3  87.2  15.4 8.91E-05 001.6 165.6  23.7 0.090405 0.158095 0.185837 hargrave 2021-06-07 16:13:24 
TT 475 334.8  71.6  86.9  14.6 7.48E-05 001.7 165.3  22.9 0.082887 0.140768 0.152036 hargrave 2021-06-08 14:25:16 
TT 500 340.5  69.6  84.2  14.0 5.55E-05 003.0 162.3  22.4 0.108093 0.252106 0.105288 hargrave 2021-06-09 09:29:15 
TT 515 346.2  70.0  83.6  12.1 4.70E-05 001.6 161.7  20.5 0.043289 0.089857 0.092272 hargrave 2021-06-09 18:04:21 
TT 530 332.2  69.4  85.6  16.6 3.87E-05 001.5 164.0  24.9 0.066967 0.051090 0.074061 hargrave 2021-06-10 18:49:56 
TT 540 320.8  66.5  86.4  21.7 2.92E-05 001.9 165.1  30.0 0.082465 0.073345 0.059274 hargrave 2021-06-14 16:31:41 
TT 550 320.3  55.1  77.8  30.1 2.65E-05 001.8 156.2  38.7 0.044688 0.065548 0.045474 hargrave 2021-06-15 15:43:33 
TT 560 315.3  67.2  88.7  22.5 2.08E-05 001.7 167.6  30.7 0.040362 0.050947 0.023087 hargrave 2021-06-16 17:10:49 
TT 565 345.3  61.7  75.9  15.6 1.75E-05 003.5 153.7  24.3 0.037177 0.103073 0.027529 hargrave 2021-06-17 17:14:10 
TT 568 010.1  62.2  74.1   4.2 1.39E-05 006.7 151.6  12.9 0.045665 0.157441 0.040212 hargrave 2021-06-18 15:14:01 
TT 571 126.6  38.4 128.1 -42.1 1.16E-05 004.8 199.4 -37.3 0.046031 0.084495 0.038865 hargrave 2021-06-21 15:23:08 
TT 574 004.8  83.8  95.8   4.5 1.01E-05 004.1 173.8  12.2 0.028004 0.068991 0.019462 hargrave 2021-07-07 17:13:32 
TT 576 089.3  47.7  91.3 -37.4 1.08E-05 004.6 166.5 -29.3 0.075458 0.053935 0.028062 hargrave 2021-07-08 18:57:00 
TT 579 184.9  52.0 139.7  -1.4 2.22E-05 001.4 217.0  01.4 0.022465 0.054781 0.013796 hargrave 2021-07-09 18:25:32 
TT 582 194.5  44.2 147.9   4.4 2.58E-05 004.0 226.0  05.9 0.130538 0.132559 0.031755 hargrave 2021-07-19 17:51:39 
TT 585 162.0  28.3 158.7 -24.1 2.15E-05 002.9 232.1 -23.9 0.112985 0.032664 0.020504 hargrave 2021-07-21 09:11:26 
