CS10- 3 sun compass orientation
      0  18.8  78.0  12.0  86.3   1.0
NRM    338.9  62.8  78.3  17.8 7.01E-04 003.7 156.6  28.2 2.640971 3.360869 1.601546 hargrave 2021-04-26 14:49:00 
TT 100 333.7  65.0  81.5  18.7 6.28E-04 002.0 160.1  28.7 1.439372 0.793923 1.528174 hargrave 2021-04-28 15:12:57 
TT 150 331.4  65.4  82.4  19.2 5.76E-04 001.3 161.1  29.3 0.527971 0.816646 0.907352 hargrave 2021-05-20 14:33:16 
TT 200 327.2  64.9  83.2  20.9 5.10E-04 002.5 162.1  30.9 0.230891 2.149534 0.564466 hargrave 2021-05-21 09:35:26 
TT 250 328.2  64.7  82.7  20.7 4.56E-04 004.2 161.6  30.7 1.564073 2.870390 0.819579 hargrave 2021-05-21 15:51:20 
TT 300 324.5  65.5  84.5  21.3 4.11E-04 002.3 163.6  31.2 0.178990 1.484110 0.781135 hargrave 2021-05-27 13:06:29 
TT 350 331.4  62.4  79.9  21.0 3.72E-04 003.0 158.5  31.2 0.238302 1.823172 0.654179 hargrave 2021-05-28 09:23:11 
TT 375 331.0  63.4  80.8  20.5 3.47E-04 005.6 159.6  30.7 0.681503 3.226765 0.710863 hargrave 2021-05-28 17:07:37 
TT 400 325.0  66.0  84.7  20.8 3.26E-04 002.0 163.7  30.8 0.155167 0.963913 0.553775 hargrave 2021-05-31 17:46:52 
TT 400 325.2  66.0  84.7  20.8 3.26E-04 002.0 163.7  30.7 0.213964 0.976191 0.596825 hargrave 2021-05-31 19:35:10 
TT 425 330.7  62.1  79.8  21.4 2.98E-04 002.3 158.4  31.6 0.132479 1.016144 0.671990 hargrave 2021-06-01 14:47:32 
TT 425 330.8  61.8  79.5  21.6 2.98E-04 002.4 158.2  31.8 0.083040 1.102516 0.608057 hargrave 2021-06-01 16:31:34 
TT 450 327.4  63.6  82.1  21.7 2.75E-04 002.4 161.0  31.7 0.149206 0.989039 0.563703 hargrave 2021-06-07 16:14:54 
TT 475 325.4  64.3  83.3  21.9 2.46E-04 002.1 162.2  31.9 0.592244 0.254385 0.666210 hargrave 2021-06-08 14:26:47 
TT 500 326.1  65.7  84.2  20.7 2.19E-04 001.9 163.1  30.7 0.271836 0.386786 0.551690 hargrave 2021-06-09 09:30:45 
TT 515 329.0  68.0  85.2  18.3 1.99E-04 003.3 164.0  28.2 0.081138 1.061230 0.487655 hargrave 2021-06-09 18:05:52 
TT 530 330.9  67.1  84.0  18.3 1.86E-04 001.7 162.7  28.3 0.282193 0.082093 0.473758 hargrave 2021-06-10 18:52:17 
TT 540 327.8  64.6  82.8  20.9 1.75E-04 003.0 161.6  30.9 0.100702 0.821576 0.414528 hargrave 2021-06-14 16:33:41 
TT 550 330.5  65.4  82.7  19.5 1.69E-04 003.2 161.4  29.6 0.502095 0.767175 0.267131 hargrave 2021-06-15 15:45:03 
TT 560 339.6  65.7  80.8  16.2 1.56E-04 004.7 159.2  26.3 0.319401 1.214480 0.257122 hargrave 2021-06-16 17:12:19 
TT 565 336.3  66.0  81.8  17.2 1.46E-04 001.6 160.2  27.3 0.230913 0.221660 0.276230 hargrave 2021-06-17 17:15:40 
TT 568 335.9  60.6  77.0  20.2 1.23E-04 002.9 155.3  30.5 0.349719 0.472013 0.224770 hargrave 2021-06-18 15:15:28 
TT 571 351.5  55.6  68.9  14.5 8.77E-05 001.8 146.3  25.2 0.191615 0.160319 0.148305 hargrave 2021-06-21 15:24:39 
TT 574 344.9  66.5  80.5  13.9 7.00E-05 002.7 158.7  24.1 0.162643 0.060116 0.302705 hargrave 2021-07-07 17:15:03 
TT 576 336.5  64.4  80.3  18.0 4.05E-05 003.8 158.7  28.2 0.038630 0.209625 0.174174 hargrave 2021-07-08 18:58:11 
TT 579 316.7  37.0  62.8  44.0 4.70E-05 005.6 139.8  54.6 0.405916 0.101118 0.196720 hargrave 2021-07-09 18:26:38 
TT 582 305.0  70.4  93.9  21.6 4.23E-05 003.1 173.8  30.7 0.132201 0.066155 0.190949 hargrave 2021-07-19 17:53:01 
TT 585 204.6  80.7 111.1   5.7 6.21E-05 003.7 189.5  12.8 0.134705 0.151506 0.349280 hargrave 2021-07-21 09:12:48 
TT 588 261.3  75.8 107.2  17.0 5.88E-05 003.4 187.1  24.5 0.109433 0.150618 0.298684 hargrave 2021-07-22 14:57:54 
TT 598 041.6  83.9  96.7   0.7 5.14E-05 003.5 174.3  09.6 0.081662 0.200544 0.269217 hargrave 2021-07-23 14:14:13 
TT 610 012.3  69.3  81.3   3.4 4.72E-05 003.2 158.9  13.5 0.169041 0.162538 0.194711 hargrave 2021-07-26 18:09:01 
TT 628 156.5  59.8 126.9 -13.6 3.34E-05 004.1 202.1 -08.7 0.134762 0.114072 0.210213 hargrave 2021-08-03 16:30:32 
TT 640 104.4  49.6 103.9 -36.7 3.55E-05 010.3 176.8 -28.3 0.140354 0.611140 0.157106 hargrave 2021-08-06 11:09:34 
TT 640 106.7  50.0 105.7 -36.1 3.56E-05 003.8 178.5 -28.0 0.083211 0.167698 0.157039 hargrave 2021-08-06 12:45:42 
TT 650 229.6  63.8 123.7  19.1 3.29E-05 002.2 204.5  24.0 0.125562 0.108391 0.178939 hargrave 2021-08-08 12:59:11 
TT 660 181.4  26.7 164.4  -7.8 4.33E-05 003.9 239.8 -09.7 0.175663 0.206714 0.183462 hargrave 2021-08-10 10:17:38 
TT 665 235.9  12.6 178.1  43.6 4.70E-05 028.4 263.4  38.4 2.535023 0.260174 0.082580 hargrave 2021-09-24 15:33:34 
TT 665 231.9  38.4 147.7  32.8 5.34E-05 002.5 231.7  33.2 0.079532 0.106356 0.227612 hargrave 2021-09-24 16:26:14 
