CS10- 5 sun compass orientation
   0.15   5.8  92.0  12.0  86.3   1.0
NRM    015.6  50.7  62.8   0.6 1.17E-05 003.2 140.9 -07.7 0.046475 0.047894 0.014436 hargrave 2021-04-26 14:55:04 
TT 100 017.7  45.8  58.1  -1.3 9.95E-06 003.0 136.2 -09.7 0.037979 0.039035 0.007593 hargrave 2021-04-28 15:19:03 
TT 150 019.2  47.6  60.0  -2.1 9.82E-06 007.3 138.1 -10.5 0.085918 0.092888 0.006946 hargrave 2021-05-20 14:39:24 
TT 200 016.9  49.6  61.8  -0.3 9.69E-06 003.2 139.9 -08.7 0.042216 0.035704 0.013592 hargrave 2021-05-21 09:41:41 
TT 250 019.3  47.7  60.1  -2.2 9.14E-06 004.3 138.2 -10.5 0.054121 0.045791 0.011286 hargrave 2021-05-21 15:55:51 
TT 300 017.5  46.0  58.2  -1.1 8.99E-06 002.4 136.4 -09.6 0.032022 0.022754 0.012955 hargrave 2021-05-27 13:10:59 
TT 350 019.9  50.6  63.0  -2.1 8.11E-06 002.7 141.2 -10.5 0.027331 0.022030 0.021043 hargrave 2021-05-28 09:28:31 
TT 375 019.2  50.7  63.0  -1.7 8.36E-06 002.2 141.2 -10.0 0.026259 0.022378 0.010202 hargrave 2021-05-28 17:12:08 
TT 400 022.9  51.3  64.0  -3.9 8.08E-06 004.1 142.3 -12.2 0.042131 0.039540 0.015506 hargrave 2021-05-31 17:51:23 
TT 400 023.0  51.0  63.7  -4.0 8.08E-06 003.8 142.0 -12.3 0.040109 0.036597 0.014472 hargrave 2021-05-31 19:39:40 
TT 425 024.8  57.9  70.7  -3.6 8.23E-06 001.3 149.2 -11.7 0.017397 0.015849 0.010319 hargrave 2021-06-01 14:52:03 
TT 425 025.0  57.9  70.7  -3.7 8.23E-06 001.3 149.1 -11.8 0.017228 0.015971 0.009244 hargrave 2021-06-01 16:36:06 
TT 450 026.5  57.9  70.9  -4.5 8.34E-06 005.7 149.3 -12.5 0.049546 0.069718 0.007319 hargrave 2021-06-07 16:20:13 
TT 475 030.6  62.0  75.5  -5.3 8.02E-06 003.6 154.1 -13.2 0.029634 0.040500 0.016982 hargrave 2021-06-08 14:31:20 
TT 500 023.4  60.6  73.2  -2.3 7.98E-06 001.6 151.6 -10.3 0.020543 0.015812 0.010680 hargrave 2021-06-09 09:35:17 
TT 515 026.1  58.9  71.9  -4.0 8.02E-06 003.7 150.3 -12.0 0.036452 0.040197 0.010216 hargrave 2021-06-09 18:10:26 
TT 530 028.3  62.2  75.3  -4.2 7.74E-06 006.8 153.9 -12.0 0.049832 0.079445 0.009756 hargrave 2021-06-10 18:58:24 
TT 540 022.3  57.6  70.2  -2.4 7.63E-06 001.1 148.5 -10.4 0.008805 0.012854 0.009731 hargrave 2021-06-14 16:38:09 
TT 550 024.8  56.3  69.2  -4.0 7.75E-06 003.1 147.5 -12.1 0.029402 0.030477 0.013896 hargrave 2021-06-15 15:49:33 
TT 560 022.1  54.4  67.0  -2.8 7.52E-06 002.5 145.3 -11.0 0.017670 0.029791 0.007889 hargrave 2021-06-16 17:16:50 
TT 565 020.2  57.9  70.3  -1.2 7.39E-06 005.5 148.5 -09.3 0.042013 0.057941 0.014051 hargrave 2021-06-17 17:20:11 
TT 568 022.9  62.6  75.1  -1.7 7.14E-06 001.6 153.5 -09.6 0.013770 0.014035 0.013175 hargrave 2021-06-18 15:19:15 
TT 571 010.3  58.5  70.4   4.0 7.27E-06 001.3 148.5 -04.1 0.013546 0.014306 0.007930 hargrave 2021-06-21 15:27:37 
TT 574 013.7  64.2  76.2   2.6 6.99E-06 002.7 154.4 -05.2 0.019180 0.027034 0.012303 hargrave 2021-07-07 17:18:02 
TT 576 013.4  59.7  71.7   2.5 7.01E-06 005.2 149.8 -05.6 0.031891 0.054787 0.013677 hargrave 2021-07-08 19:00:55 
TT 579 014.5  64.5  76.5   2.3 6.57E-06 004.3 154.7 -05.5 0.022021 0.043912 0.011979 hargrave 2021-07-09 18:29:31 
TT 582 007.7  58.6  70.5   5.4 6.64E-06 005.6 148.6 -02.7 0.034005 0.054766 0.016231 hargrave 2021-07-19 17:56:33 
TT 585 012.6  58.6  70.6   2.8 6.34E-06 003.0 148.7 -05.2 0.019550 0.028205 0.009625 hargrave 2021-07-21 09:15:30 
TT 588 017.4  53.6  65.8  -0.2 5.59E-06 001.8 144.0 -08.5 0.015864 0.009876 0.007691 hargrave 2021-07-22 15:00:27 
TT 598 020.7  55.6  68.0  -1.8 6.01E-06 001.4 146.3 -10.0 0.008816 0.013719 0.008285 hargrave 2021-07-23 14:16:49 
TT 610 012.1  58.4  70.3   3.1 4.82E-06 003.7 148.5 -05.0 0.019334 0.024546 0.009250 hargrave 2021-07-26 18:11:36 
TT 628 050.2  55.2  74.0 -17.4 2.89E-06 003.5 153.2 -25.3 0.007020 0.017170 0.005289 hargrave 2021-08-03 16:33:09 
TT 640 043.2  55.1  71.7 -14.1 4.57E-06 000.9 150.7 -22.1 0.006835 0.005602 0.004343 hargrave 2021-08-06 11:11:54 
TT 650 019.3  49.7  62.1  -1.9 3.79E-06 001.8 140.3 -10.2 0.011370 0.009631 0.002481 hargrave 2021-08-08 13:01:44 
TT 660 055.4  61.3  80.7 -15.8 4.23E-06 002.5 160.2 -23.4 0.014952 0.011990 0.007078 hargrave 2021-08-10 10:20:10 
TT 665 054.3  47.2  68.6 -24.1 3.06E-06 004.3 147.8 -32.3 0.010503 0.017193 0.013917 hargrave 2021-09-24 15:36:37 
TT 668 016.4  44.3  56.5  -0.6 3.64E-06 004.7 134.6 -09.0 0.014836 0.026461 0.009874 hargrave 2021-09-25 14:13:38 
