CS11- 4 sun compass orientation
   0.62 158.1  25.0 345.2  53.0   1.0
NRM    290.0  63.6  48.1  56.2 2.26E-04 001.8 203.6  42.2 0.413565 0.583492 0.128637 hargrave 2021-04-26 15:05:49 
TT 100 274.3  64.2  58.4  60.5 2.03E-04 004.3 194.7  40.6 0.517179 1.455422 0.104289 hargrave 2021-04-28 15:29:47 
TT 150 276.2  62.6  55.1  61.3 1.82E-04 000.4 196.3  39.3 0.090823 0.096870 0.101312 hargrave 2021-05-20 14:51:49 
TT 200 284.8  60.9  46.7  59.7 1.71E-04 000.6 201.9  38.8 0.131632 0.119527 0.102374 hargrave 2021-05-21 09:52:02 
TT 250 285.1  60.4  45.8  59.9 1.59E-04 003.1 202.3  38.4 0.400748 0.758736 0.086378 hargrave 2021-05-21 16:07:24 
TT 300 284.1  60.2  46.1  60.4 1.43E-04 004.4 201.8  38.0 0.464580 0.988520 0.086272 hargrave 2021-05-27 13:21:42 
TT 350 280.3  59.6  47.7  62.3 1.28E-04 001.9 199.7  36.9 0.192111 0.386674 0.072312 hargrave 2021-05-28 09:40:06 
TT 375 274.5  60.0  53.1  63.9 1.22E-04 000.6 196.0  36.6 0.042642 0.119178 0.067859 hargrave 2021-05-28 17:23:57 
TT 400 276.4  59.0  50.0  64.1 1.15E-04 001.4 197.5  35.9 0.118704 0.244326 0.064139 hargrave 2021-05-31 18:02:57 
TT 400 276.1  59.2  50.6  64.0 1.15E-04 001.5 197.3  35.9 0.129393 0.277451 0.071072 hargrave 2021-05-31 19:50:22 
TT 425 279.9  58.2  45.8  63.4 1.09E-04 004.4 200.0  35.5 0.338842 0.769657 0.096373 hargrave 2021-06-01 15:02:47 
TT 425 279.2  58.3  46.5  63.6 1.09E-04 004.8 199.5  35.6 0.357127 0.846558 0.096883 hargrave 2021-06-01 16:46:56 
TT 450 278.6  57.5  45.7  64.3 1.04E-04 001.3 199.4  34.7 0.040896 0.236922 0.063251 hargrave 2021-06-07 16:31:45 
TT 475 282.2  57.0  42.0  63.2 9.81E-05 000.5 201.8  34.7 0.065619 0.051347 0.064266 hargrave 2021-06-08 14:42:09 
TT 500 278.5  57.5  45.8  64.4 9.15E-05 000.5 199.3  34.7 0.068184 0.048871 0.061602 hargrave 2021-06-09 09:46:00 
TT 515 279.5  57.6  45.1  63.9 8.69E-05 005.1 199.9  34.9 0.304599 0.711746 0.054611 hargrave 2021-06-09 18:21:10 
TT 530 287.5  56.4  37.6  61.0 8.47E-05 001.4 205.5  35.0 0.121826 0.155398 0.049831 hargrave 2021-06-10 19:09:59 
TT 540 278.4  57.5  45.8  64.4 8.05E-05 003.7 199.2  34.7 0.086035 0.516243 0.042832 hargrave 2021-06-14 16:47:17 
TT 550 286.4  57.3  39.8  61.1 7.73E-05 002.4 204.3  35.7 0.083514 0.318559 0.041806 hargrave 2021-06-15 16:00:18 
TT 560 281.9  61.9  50.1  60.1 7.30E-05 004.4 199.8  39.4 0.215596 0.518438 0.032946 hargrave 2021-06-16 17:29:10 
TT 565 290.9  60.9  43.5  57.3 6.91E-05 001.4 205.5  39.8 0.101334 0.136299 0.043389 hargrave 2021-06-17 17:30:55 
TT 568 288.9  61.2  45.0  57.9 6.38E-05 000.7 204.2  39.8 0.053654 0.056025 0.039898 hargrave 2021-06-18 15:31:34 
TT 571 290.0  63.3  47.6  56.3 6.07E-05 001.9 203.8  41.9 0.073455 0.188911 0.045499 hargrave 2021-06-21 15:40:29 
TT 574 301.6  59.2  37.1  53.0 5.49E-05 002.0 212.8  40.5 0.061119 0.146081 0.113300 hargrave 2021-07-07 17:30:03 
TT 576 304.2  60.3  38.3  51.5 4.49E-05 001.9 213.7  42.1 0.084442 0.104404 0.082063 hargrave 2021-07-08 19:10:27 
TT 579 296.9  60.2  40.1  54.9 4.27E-05 002.5 209.4  40.4 0.123832 0.124877 0.077728 hargrave 2021-07-09 18:39:14 
TT 582 300.0  62.1  42.1  52.8 3.81E-05 002.7 210.1  42.8 0.152953 0.062951 0.076892 hargrave 2021-07-19 18:09:21 
TT 585 304.6  60.2  38.1  51.3 3.61E-05 001.9 213.9  42.1 0.099864 0.052175 0.058916 hargrave 2021-07-21 09:27:28 
TT 588 305.9  59.1  36.1  50.9 3.50E-05 002.1 215.4  41.5 0.093969 0.083655 0.061033 hargrave 2021-07-22 15:09:41 
TT 598 308.2  60.9  38.5  49.4 3.23E-05 001.7 215.6  43.6 0.066367 0.047754 0.060512 hargrave 2021-07-23 14:26:20 
TT 610 297.9  64.0  45.6  53.0 2.84E-05 003.1 207.8  44.0 0.140894 0.061909 0.051360 hargrave 2021-07-26 18:20:02 
TT 628 306.5  61.7  40.0  50.1 2.37E-05 001.7 214.1  43.8 0.047473 0.034165 0.045269 hargrave 2021-08-03 16:41:38 
TT 640 340.1  50.0  27.2  30.4 2.10E-05 001.7 244.7  44.8 0.070298 0.026572 0.026146 hargrave 2021-08-06 11:20:38 
TT 650 299.0  56.3  33.0  55.1 2.13E-05 002.2 212.8  37.3 0.069723 0.050149 0.057169 hargrave 2021-08-08 13:10:27 
TT 660 319.2  55.4  30.0  44.0 2.14E-05 001.1 226.2  42.0 0.028916 0.031435 0.036874 hargrave 2021-08-10 10:28:35 
TT 665 266.3  56.3  57.6  69.3 1.76E-05 005.4 191.8  32.1 0.038053 0.163605 0.020560 hargrave 2021-09-24 15:46:58 
TT 668 318.7  50.8  23.7  43.8 1.91E-05 002.5 229.1  37.8 0.036568 0.121238 0.036123 hargrave 2021-09-25 14:23:49 
