CS11- 3 sun compass orientation
   0.84 153.8  22.0 345.2  53.0   1.0
NRM    238.6  34.6 170.4  76.3 1.02E-04 001.7 175.6  12.6 0.081102 0.282673 0.071728 hargrave 2021-04-26 15:04:20 
TT 100 218.8  16.1 188.4  51.7 8.93E-05 001.4 156.0 -04.0 0.038324 0.224630 0.080103 hargrave 2021-04-28 15:28:18 
TT 150 215.0  01.5 199.4  38.7 8.28E-05 000.9 149.7 -17.7 0.058944 0.146165 0.065264 hargrave 2021-05-20 14:49:31 
TT 200 217.8 -06.3 208.2  34.4 8.00E-05 003.1 151.1 -25.9 0.133373 0.421678 0.056193 hargrave 2021-05-21 09:50:35 
TT 250 220.9 -12.0 215.0  31.3 7.65E-05 000.9 153.4 -32.0 0.084143 0.129421 0.071408 hargrave 2021-05-21 16:05:06 
TT 300 221.5 -16.2 218.1  28.0 7.04E-05 002.2 153.1 -36.3 0.033946 0.277581 0.074052 hargrave 2021-05-27 13:20:13 
TT 350 216.6 -20.4 216.1  22.0 6.82E-05 002.5 146.3 -39.4 0.243911 0.190999 0.061832 hargrave 2021-05-28 09:37:47 
TT 375 217.0 -21.1 216.8  21.6 6.79E-05 002.6 146.6 -40.2 0.093496 0.302771 0.063174 hargrave 2021-05-28 17:21:25 
TT 400 219.0 -21.7 218.9  22.1 6.74E-05 000.9 148.8 -41.2 0.066307 0.118155 0.057497 hargrave 2021-05-31 18:00:39 
TT 400 219.1 -21.6 218.9  22.2 6.73E-05 001.0 148.9 -41.1 0.061207 0.134416 0.070075 hargrave 2021-05-31 19:48:54 
TT 425 219.2 -22.9 219.7  21.2 6.60E-05 000.9 148.7 -42.4 0.116550 0.062587 0.064214 hargrave 2021-06-01 15:01:18 
TT 425 219.2 -22.9 219.7  21.2 6.60E-05 000.9 148.7 -42.4 0.117605 0.061523 0.066210 hargrave 2021-06-01 16:45:26 
TT 450 218.3 -24.2 219.6  19.6 6.47E-05 001.9 147.2 -43.5 0.049632 0.243658 0.053989 hargrave 2021-06-07 16:29:27 
TT 475 218.8 -25.1 220.5  19.1 6.23E-05 001.1 147.6 -44.5 0.119516 0.060664 0.057642 hargrave 2021-06-08 14:40:39 
TT 500 216.2 -26.0 218.9  17.1 5.83E-05 001.4 144.0 -44.9 0.146188 0.064111 0.058711 hargrave 2021-06-09 09:44:31 
TT 515 214.1 -27.5 218.1  14.8 5.56E-05 001.1 141.0 -45.8 0.043881 0.120539 0.050245 hargrave 2021-06-09 18:19:42 
TT 530 218.3 -25.9 220.6  18.2 5.27E-05 001.7 146.7 -45.1 0.074044 0.175033 0.045825 hargrave 2021-06-10 19:07:39 
TT 540 218.0 -27.8 221.3  16.4 4.92E-05 002.3 145.7 -46.9 0.114140 0.160963 0.043265 hargrave 2021-06-14 16:46:03 
TT 550 217.8 -29.8 222.2  14.6 4.30E-05 001.0 144.6 -48.9 0.056673 0.078762 0.039546 hargrave 2021-06-15 15:58:49 
TT 560 215.5 -36.5 224.0   7.8 3.12E-05 001.7 138.7 -54.7 0.091322 0.032490 0.030102 hargrave 2021-06-16 17:27:42 
TT 565 212.8 -44.0 226.2   0.4 2.61E-05 002.3 130.1 -61.0 0.026215 0.100980 0.030127 hargrave 2021-06-17 17:29:27 
TT 568 223.3 -47.7 234.4   0.6 2.38E-05 002.9 142.5 -67.2 0.019920 0.123333 0.021598 hargrave 2021-06-18 15:29:59 
TT 571 215.2 -42.7 227.0   2.4 1.66E-05 004.1 134.3 -60.5 0.033348 0.122773 0.025564 hargrave 2021-06-21 15:38:54 
TT 574 230.9 -57.9 242.5  -7.1 1.08E-05 004.9 143.8 -78.4 0.054807 0.083501 0.029116 hargrave 2021-07-07 17:28:28 
TT 576 187.4 -85.1 249.7 -35.0 4.96E-06 011.1 012.3 -70.3 0.034266 0.089987 0.042452 hargrave 2021-07-08 19:09:14 
TT 576 355.9 -84.2 262.4 -37.9 5.23E-06 005.0 347.1 -65.3 0.032149 0.031195 0.012689 hargrave 2021-07-09 11:22:10 
TT 579 003.8 -46.7 310.5 -37.8 7.15E-06 006.2 314.8 -33.1 0.035425 0.070283 0.036509 hargrave 2021-07-09 18:38:05 
TT 582 066.3 -47.3 284.9 -77.8 3.40E-06 012.0 001.9 -25.4 0.031440 0.055193 0.038801 hargrave 2021-07-19 18:07:54 
TT 582 062.2 -49.3 288.5 -74.5 3.53E-06 007.8 358.8 -27.3 0.029308 0.041901 0.013892 hargrave 2021-07-19 19:18:52 
TT 585 004.0 -49.0 307.8 -38.5 3.53E-06 009.8 316.1 -35.2 0.037903 0.065255 0.014104 hargrave 2021-07-21 09:26:01 
TT 585 003.6 -47.7 309.3 -37.9 3.58E-06 005.1 315.1 -34.1 0.032368 0.034221 0.004636 hargrave 2021-07-21 10:27:00 
TT 588 359.8 -12.8 343.4 -19.2 3.47E-06 002.5 298.7 -02.6 0.029096 0.056530 0.009961 hargrave 2021-07-22 15:08:11 
TT 598 010.8 -01.4   0.1 -21.1 3.39E-06 006.7 305.4  11.7 0.038259 0.029269 0.026797 hargrave 2021-07-23 14:24:49 
TT 610 334.3  20.2 355.6  20.5 4.74E-06 008.2 262.6  18.9 0.056144 0.083915 0.016597 hargrave 2021-07-26 18:18:32 
TT 610 330.7  21.4 354.7  23.9 5.11E-06 003.3 258.9  18.7 0.020914 0.043026 0.004666 hargrave 2021-07-26 18:50:51 
TT 628 121.7  14.7 124.5 -22.3 6.83E-06 008.8 065.1  25.3 0.074413 0.068720 0.036666 hargrave 2021-08-03 16:40:11 
TT 628 105.0  11.3 111.3 -34.2 6.07E-06 003.0 046.6  27.3 0.014659 0.016775 0.025364 hargrave 2021-08-04 08:57:48 
TT 640 350.1  12.3 358.0   3.5 1.28E-05 004.1 280.5  17.4 0.099456 0.047063 0.035509 hargrave 2021-08-06 11:19:31 
TT 650 332.4  25.4 359.4  24.7 1.12E-05 004.5 258.7  22.9 0.079734 0.018259 0.038192 hargrave 2021-08-08 13:08:55 
TT 660 160.9  27.7 140.2  13.1 9.64E-06 005.6 107.4  23.0 0.090291 0.020862 0.030091 hargrave 2021-08-10 10:27:08 
TT 665 319.0  12.4 339.5  28.3 1.26E-05 005.5 251.8  06.1 0.079090 0.133898 0.051667 hargrave 2021-09-24 15:45:13 
