CS11- 7 sun compass orientation
   0.66 161.7  30.0 345.2  53.0   1.0
NRM    323.2  63.8  41.6  42.2 5.53E-04 001.1 216.3  45.0 0.557679 0.891570 0.289260 hargrave 2021-04-26 15:11:57 
TT 100 314.4  65.2  44.0  45.9 4.84E-04 001.6 211.0  43.6 0.715057 1.131298 0.324150 hargrave 2021-04-28 15:37:31 
TT 150 309.1  66.0  45.9  47.8 4.43E-04 000.8 207.9  42.9 0.299740 0.498165 0.296580 hargrave 2021-05-20 14:59:35 
TT 200 314.6  63.7  41.9  46.0 4.17E-04 000.7 212.3  42.5 0.253867 0.371689 0.241630 hargrave 2021-05-21 09:58:51 
TT 250 317.6  62.5  40.0  44.8 3.91E-04 000.5 214.8  42.3 0.124049 0.214224 0.256280 hargrave 2021-05-21 16:15:06 
TT 300 317.2  62.0  39.3  45.0 3.54E-04 001.5 215.0  41.9 0.434970 0.798453 0.228181 hargrave 2021-05-27 13:29:26 
TT 350 315.0  62.6  40.3  46.0 3.21E-04 003.5 213.4  41.7 0.995286 1.671655 0.214522 hargrave 2021-05-28 09:46:14 
TT 375 313.8  62.6  40.4  46.5 3.08E-04 001.3 212.9  41.4 0.177279 0.667128 0.226501 hargrave 2021-05-28 17:30:55 
TT 400 317.7  61.3  38.3  44.8 2.95E-04 001.3 215.8  41.4 0.417660 0.485708 0.183546 hargrave 2021-05-31 18:09:54 
TT 400 318.1  61.1  38.0  44.6 2.95E-04 001.6 216.2  41.5 0.507924 0.610274 0.184876 hargrave 2021-05-31 19:56:30 
TT 425 317.9  61.0  37.9  44.7 2.83E-04 000.6 216.1  41.3 0.118779 0.228889 0.176268 hargrave 2021-06-01 15:08:54 
TT 425 318.2  60.9  37.7  44.6 2.83E-04 000.5 216.4  41.3 0.085918 0.158964 0.175784 hargrave 2021-06-01 16:53:06 
TT 450 314.4  62.0  39.5  46.3 2.69E-04 000.8 213.6  41.1 0.220503 0.300606 0.163724 hargrave 2021-06-07 16:37:52 
TT 475 318.7  60.2  36.7  44.4 2.56E-04 001.1 217.3  40.8 0.273933 0.380931 0.148739 hargrave 2021-06-08 14:49:07 
TT 500 316.2  60.6  37.4  45.6 2.42E-04 001.6 215.6  40.4 0.321934 0.579916 0.164199 hargrave 2021-06-09 09:52:07 
TT 515 316.2  60.7  37.5  45.6 2.32E-04 000.6 215.5  40.5 0.064797 0.170302 0.142012 hargrave 2021-06-09 18:28:07 
TT 530 317.5  60.4  37.0  45.0 2.24E-04 000.5 216.4  40.7 0.104402 0.098778 0.141232 hargrave 2021-06-10 19:16:08 
TT 540 317.6  60.3  36.9  44.9 2.16E-04 001.9 216.6  40.6 0.435015 0.547648 0.118125 hargrave 2021-06-14 16:53:14 
TT 550 324.5  58.9  35.1  41.4 2.06E-04 000.6 221.3  41.7 0.131200 0.125988 0.106324 hargrave 2021-06-15 16:08:03 
TT 560 323.2  61.5  38.5  42.2 1.91E-04 002.6 218.5  43.2 0.526540 0.694048 0.095294 hargrave 2021-06-16 17:36:52 
TT 565 325.1  61.5  38.6  41.3 1.77E-04 003.4 219.4  43.8 0.603444 0.835861 0.105875 hargrave 2021-06-17 17:37:51 
TT 568 323.4  64.3  42.3  42.1 1.51E-04 002.4 216.0  45.4 0.341842 0.508577 0.109131 hargrave 2021-06-18 15:36:55 
TT 571 330.7  61.1  38.4  38.6 1.33E-04 001.5 222.6  45.4 0.240669 0.241114 0.072718 hargrave 2021-06-21 15:46:02 
TT 574 328.6  61.6  38.9  39.6 1.18E-04 001.4 220.9  45.1 0.066776 0.232533 0.177838 hargrave 2021-07-07 17:35:36 
TT 576 329.5  62.8  40.5  39.3 9.71E-05 002.4 220.2  46.2 0.318095 0.226823 0.126529 hargrave 2021-07-08 19:14:16 
TT 579 331.8  60.2  37.4  37.9 8.98E-05 003.0 224.0  45.1 0.415221 0.189875 0.135841 hargrave 2021-07-09 18:43:31 
TT 582 327.9  61.9  39.3  40.0 8.71E-05 002.6 220.3  45.1 0.345271 0.125679 0.139206 hargrave 2021-07-19 18:14:37 
TT 585 330.5  59.4  36.3  38.4 8.26E-05 003.6 224.1  44.1 0.433520 0.270906 0.107964 hargrave 2021-07-21 09:31:56 
TT 588 332.7  59.6  36.8  37.3 7.60E-05 001.4 225.0  45.0 0.153237 0.046692 0.106062 hargrave 2021-07-22 15:15:50 
TT 598 327.4  63.3  41.1  40.3 7.17E-05 001.5 218.8  45.9 0.109917 0.092464 0.121827 hargrave 2021-07-23 14:33:09 
TT 610 325.4  63.6  41.4  41.2 6.18E-05 002.1 217.5  45.5 0.074650 0.213773 0.079848 hargrave 2021-07-26 18:25:28 
TT 628 324.4  58.1  34.0  41.4 5.63E-05 005.7 222.0  41.0 0.066679 0.728948 0.076963 hargrave 2021-08-03 16:47:49 
TT 640 327.9  52.3  27.0  38.4 5.20E-05 002.1 228.7  37.7 0.182662 0.061378 0.081699 hargrave 2021-08-06 11:25:45 
TT 650 318.6  55.1  29.6  44.3 4.82E-05 003.5 221.0  36.7 0.155780 0.266010 0.086641 hargrave 2021-08-08 13:16:43 
TT 660 316.0  54.1  28.0  45.7 4.72E-05 004.6 220.1  35.1 0.225573 0.328744 0.072669 hargrave 2021-08-10 10:33:11 
TT 665 320.8  54.6  29.1  43.0 4.12E-05 001.5 222.7  37.0 0.094221 0.069699 0.049017 hargrave 2021-09-24 15:52:38 
TT 668 336.4  47.8  23.8  31.9 4.27E-05 005.2 237.6  37.7 0.380267 0.110702 0.044193 hargrave 2021-09-25 14:27:03 
