CS11- 6 sun compass orientation
   0.34 201.9  62.0 345.2  53.0   1.0
NRM    273.5  71.7  65.5  54.0 6.86E-04 004.1 174.2  10.5 0.271763 4.474865 2.163008 hargrave 2021-04-26 15:09:08 
TT 100 263.3  70.2  70.2  56.5 5.97E-04 005.0 170.5  10.4 0.595139 4.789842 2.086507 hargrave 2021-04-28 15:33:06 
TT 150 262.3  67.9  70.0  58.8 4.83E-04 002.2 169.2  08.4 0.129343 0.803391 1.716156 hargrave 2021-05-20 14:55:08 
TT 200 269.7  68.0  65.0  58.0 4.24E-04 002.3 171.8  07.4 0.151405 0.453251 1.625017 hargrave 2021-05-21 09:55:17 
TT 250 275.1  67.3  61.0  57.7 3.66E-04 005.4 173.6  06.1 0.453337 3.161068 1.390498 hargrave 2021-05-21 16:10:42 
TT 300 287.6  67.5  54.5  54.5 3.12E-04 003.4 178.3  05.6 0.102125 1.407433 1.233359 hargrave 2021-05-27 13:25:50 
TT 350 286.1  67.0  54.6  55.3 2.77E-04 003.6 177.8  05.1 0.075518 1.419608 1.016322 hargrave 2021-05-28 09:43:25 
TT 375 276.7  66.5  59.2  58.0 2.59E-04 005.4 174.0  05.2 0.275579 2.268780 0.932339 hargrave 2021-05-28 17:28:04 
TT 400 300.4  67.0  49.2  50.7 2.42E-04 004.1 183.3  05.2 0.104830 1.512522 0.854132 hargrave 2021-05-31 18:07:05 
TT 400 300.9  66.9  49.0  50.6 2.42E-04 004.3 183.5  05.2 0.113622 1.600829 0.842155 hargrave 2021-05-31 19:53:41 
TT 425 285.0  66.7  54.7  55.8 2.24E-04 002.1 177.3  04.8 0.066679 0.259563 0.787508 hargrave 2021-06-01 15:06:05 
TT 425 286.1  66.7  54.2  55.5 2.24E-04 002.0 177.7  04.8 0.062849 0.168595 0.782999 hargrave 2021-06-01 16:50:16 
TT 450 295.3  66.6  50.3  52.6 2.07E-04 003.7 181.4  04.6 0.067225 1.138087 0.689879 hargrave 2021-06-07 16:35:04 
TT 475 297.9  66.2  48.8  52.0 1.94E-04 002.1 182.4  04.4 0.084174 0.198374 0.689395 hargrave 2021-06-08 14:45:28 
TT 500 305.3  65.1  45.3  49.6 1.71E-04 004.7 185.6  03.6 0.112667 1.294297 0.567852 hargrave 2021-06-09 09:49:18 
TT 515 314.6  63.6  41.7  46.0 1.59E-04 002.7 189.9  03.3 0.151789 0.529206 0.520549 hargrave 2021-06-09 18:24:29 
TT 530 310.2  64.9  44.1  47.7 1.47E-04 002.1 187.7  04.0 0.086647 0.286833 0.465959 hargrave 2021-06-10 19:13:18 
TT 540 312.9  64.2  42.8  46.7 1.30E-04 004.4 189.0  03.6 0.077641 0.940575 0.383079 hargrave 2021-06-14 16:50:53 
TT 550 314.5  64.3  42.7  46.0 1.22E-04 002.4 189.6  04.0 0.073533 0.387502 0.353985 hargrave 2021-06-15 16:03:37 
TT 560 318.3  64.5  42.7  44.3 1.02E-04 002.3 191.1  04.8 0.076899 0.318196 0.277782 hargrave 2021-06-16 17:32:29 
TT 565 329.5  65.2  43.6  39.6 8.20E-05 001.9 195.0  07.7 0.079220 0.193063 0.207998 hargrave 2021-06-17 17:34:14 
TT 568 344.2  65.6  45.5  33.6 5.84E-05 003.7 199.5  11.8 0.091033 0.373167 0.100344 hargrave 2021-06-18 15:35:23 
TT 571 344.8  62.7  42.3  32.5 4.92E-05 004.3 201.8  10.0 0.091379 0.345159 0.121212 hargrave 2021-06-21 15:44:32 
TT 574 356.2  59.1  41.1  26.0 4.32E-05 005.4 208.2  11.9 0.115695 0.402789 0.045245 hargrave 2021-07-07 17:34:06 
TT 576 033.7  56.9  53.6  10.2 2.85E-05 003.6 217.8  29.5 0.125239 0.169225 0.021217 hargrave 2021-07-08 19:12:50 
TT 579 018.2  47.8  40.4   8.8 2.96E-05 002.7 224.8  18.0 0.136531 0.107269 0.037875 hargrave 2021-07-09 18:42:19 
TT 582 354.5  70.1  52.0  31.5 2.36E-05 002.9 198.5  17.6 0.056328 0.127377 0.024610 hargrave 2021-07-19 18:13:07 
TT 585 026.0  35.0  36.7  -4.7 3.08E-05 002.7 239.6  18.7 0.064074 0.157234 0.048346 hargrave 2021-07-21 09:30:25 
TT 588 017.3  46.3  39.0   8.2 2.66E-05 001.8 226.0  16.9 0.072285 0.100879 0.036173 hargrave 2021-07-22 15:14:40 
TT 598 052.7  66.8  66.2  15.2 2.01E-05 002.5 205.3  37.6 0.058790 0.087515 0.029637 hargrave 2021-07-23 14:31:15 
TT 610 035.3  63.4  57.9  15.3 2.23E-05 002.8 210.5  30.7 0.068757 0.111451 0.019504 hargrave 2021-07-26 18:24:20 
TT 628 202.3  84.4  81.1  40.2 1.07E-05 005.0 173.7  27.8 0.038150 0.077045 0.052308 hargrave 2021-08-03 16:46:37 
TT 640 051.0 -15.4  23.9 -59.6 2.70E-05 001.5 298.4  16.8 0.093093 0.113809 0.045538 hargrave 2021-08-06 11:24:32 
TT 650 200.5  44.7 136.7  48.7 1.03E-05 004.4 130.8  20.2 0.087320 0.035866 0.009965 hargrave 2021-08-08 13:15:33 
TT 660 032.5  85.1  71.2  33.3 1.48E-05 003.0 185.6  28.8 0.080919 0.076120 0.017076 hargrave 2021-08-10 10:32:02 
TT 665 031.4  68.9  59.7  20.7 6.10E-06 011.7 204.0  29.4 0.056037 0.115630 0.018737 hargrave 2021-09-24 15:51:12 
TT 665 041.1  60.9  59.0  11.8 6.16E-06 008.8 213.4  33.5 0.035874 0.101413 0.011719 hargrave 2021-09-24 16:29:31 
