CS11- 8 sun compass orientation
   0.65 146.9  24.0 345.2  53.0   1.0
NRM    306.5  70.1  52.1  47.4 6.22E-04 003.0 213.0  54.2 2.178602 2.406036 0.387151 hargrave 2021-04-26 15:13:30 
TT 100 311.3  67.6  47.8  46.6 5.57E-04 004.4 218.1  53.4 2.567117 3.419589 0.300063 hargrave 2021-04-28 15:39:05 
TT 150 321.9  64.1  42.1  42.8 5.15E-04 005.5 227.3  53.8 3.505364 3.463414 0.336684 hargrave 2021-05-20 15:01:08 
TT 200 307.9  68.8  50.1  47.4 4.87E-04 001.2 215.1  53.5 0.825110 0.321746 0.479131 hargrave 2021-05-21 10:00:19 
TT 250 312.7  66.9  46.6  46.2 4.52E-04 002.2 219.5  53.3 1.326185 1.048843 0.355834 hargrave 2021-05-21 16:16:38 
TT 300 313.6  66.5  46.0  46.0 4.06E-04 001.4 220.3  53.2 0.805020 0.574252 0.287644 hargrave 2021-05-27 13:30:59 
TT 350 312.8  66.5  46.1  46.3 3.67E-04 001.7 220.0  52.9 0.523039 0.941284 0.277554 hargrave 2021-05-28 09:47:49 
TT 375 312.6  66.3  45.8  46.4 3.50E-04 001.1 220.0  52.8 0.550952 0.348469 0.248933 hargrave 2021-05-28 17:32:28 
TT 400 309.6  67.0  47.2  47.4 3.35E-04 001.4 217.8  52.5 0.366774 0.692589 0.222737 hargrave 2021-05-31 18:11:26 
TT 400 309.3  67.0  47.3  47.5 3.35E-04 001.5 217.6  52.5 0.430590 0.752601 0.223342 hargrave 2021-05-31 19:58:03 
TT 425 312.6  66.1  45.5  46.4 3.18E-04 000.6 220.3  52.6 0.235202 0.202010 0.155232 hargrave 2021-06-01 15:10:27 
TT 425 312.7  66.2  45.6  46.4 3.18E-04 000.6 220.2  52.7 0.219302 0.236359 0.166706 hargrave 2021-06-01 16:54:39 
TT 450 308.2  67.9  48.7  47.6 2.99E-04 002.1 216.2  52.9 0.639348 0.872557 0.170587 hargrave 2021-06-07 16:39:25 
TT 475 316.2  64.9  43.4  45.2 2.83E-04 001.5 223.4  52.7 0.476714 0.529620 0.142791 hargrave 2021-06-08 14:50:41 
TT 500 311.8  66.6  46.3  46.6 2.63E-04 000.7 219.4  52.7 0.168298 0.223480 0.135729 hargrave 2021-06-09 09:53:40 
TT 515 314.8  65.6  44.6  45.6 2.49E-04 000.5 221.9  52.8 0.085449 0.133198 0.132803 hargrave 2021-06-09 18:29:40 
TT 530 305.2  67.9  49.3  48.7 2.50E-04 001.7 214.8  52.1 0.304734 0.680171 0.156107 hargrave 2021-06-10 19:17:41 
TT 540 312.0  67.4  47.4  46.4 2.21E-04 001.9 218.6  53.4 0.505979 0.540206 0.127883 hargrave 2021-06-14 16:54:33 
TT 550 318.8  65.4  44.0  44.0 2.08E-04 000.5 224.2  53.8 0.118036 0.108767 0.111785 hargrave 2021-06-15 16:09:36 
TT 560 322.6  64.6  42.7  42.5 1.87E-04 003.5 227.2  54.3 0.812973 0.808397 0.091406 hargrave 2021-06-16 17:38:25 
TT 565 320.0  66.6  45.5  43.4 1.66E-04 001.3 223.4  54.9 0.194343 0.327379 0.074156 hargrave 2021-06-17 17:39:24 
TT 568 319.2  67.4  46.7  43.6 1.36E-04 000.8 222.0  55.3 0.106567 0.145607 0.067026 hargrave 2021-06-18 15:38:43 
TT 571 322.4  64.8  43.0  42.6 1.18E-04 001.9 226.8  54.4 0.256940 0.295854 0.077496 hargrave 2021-06-21 15:47:34 
TT 574 320.4  66.3  45.1  43.3 1.03E-04 001.5 224.0  54.9 0.110195 0.241999 0.051048 hargrave 2021-07-07 17:37:04 
TT 576 195.8 -36.7 211.5  -1.9 2.21E-05 008.7 120.3 -52.3 0.346196 0.041380 0.034889 hargrave 2021-07-08 19:16:35 
TT 576 196.4 -36.7 211.9  -1.6 2.13E-05 004.3 121.1 -52.6 0.164864 0.028717 0.016732 hargrave 2021-07-09 11:23:27 
TT 579 198.6 -22.4 203.5  10.2 9.13E-06 035.4 131.5 -40.1 0.497605 0.560148 0.626950 hargrave 2021-07-09 18:44:40 
TT 579 204.0 -29.5 212.0   8.0 1.59E-05 004.2 134.7 -48.4 0.115584 0.076468 0.018161 hargrave 2021-07-19 11:02:10 
TT 582 187.1 -29.8 201.5  -2.3 1.77E-05 006.4 115.1 -43.0 0.215868 0.078127 0.016149 hargrave 2021-07-19 18:16:04 
TT 585 317.1  65.1  43.7  44.8 3.65E-05 075.6 223.7  53.1 1.696128 1.621096 3.120284 hargrave 2021-07-21 09:33:23 
TT 585 237.9  24.2 201.2  70.4 3.07E-05 066.0 180.9  00.2 0.056270 3.159773 6.381502 hargrave 2021-07-21 10:28:16 
TT 585 316.4  63.8  41.9  45.2 3.65E-05 042.7 224.7  51.9 1.713408 1.691878 3.073662 hargrave 2021-07-21 10:38:13 
TT 588 320.1  62.4  39.8  43.7 7.10E-05 001.3 228.3  51.9 0.169279 0.056565 0.047157 hargrave 2021-07-22 15:17:01 
TT 598 316.3  63.2  41.0  45.3 6.92E-05 001.3 225.2  51.4 0.127820 0.103439 0.043113 hargrave 2021-07-23 14:34:19 
TT 610 196.4 -25.1 203.9   6.9 1.51E-05 004.4 127.8 -41.9 0.141438 0.076674 0.015491 hargrave 2021-07-26 18:26:34 
TT 628 181.9 -20.7 191.6   0.1 1.34E-05 006.0 114.3 -32.7 0.165393 0.052068 0.035329 hargrave 2021-08-03 16:49:00 
TT 640 269.5 -44.1 265.5   7.9 6.52E-06 011.3 235.2 -61.9 0.067916 0.100747 0.054026 hargrave 2021-08-06 11:27:00 
TT 640 282.1 -44.0 274.3   5.4 6.47E-06 007.9 250.6 -57.2 0.051003 0.065089 0.037845 hargrave 2021-08-06 12:46:57 
TT 650 234.1 -25.0 234.1  24.9 7.66E-06 006.5 176.2 -48.9 0.138321 0.025635 0.037900 hargrave 2021-08-08 13:17:51 
TT 660 265.5 -01.7 271.4  50.1 7.17E-06 004.7 211.2 -22.6 0.093311 0.026863 0.037351 hargrave 2021-08-10 10:34:21 
TT 665 123.0 -45.2 193.6 -53.6 1.16E-05 006.6 049.6 -32.1 0.073582 0.125470 0.036591 hargrave 2021-09-24 15:54:01 
