CS11- 5 sun compass orientation
   0.43 195.8  53.0 345.2  53.0   1.0
NRM    264.2  67.4  68.5  59.2 7.83E-04 002.0 171.6  15.7 0.495318 0.162694 2.664636 hargrave 2021-04-26 15:07:21 
TT 100 250.3  63.2  80.2  63.6 6.28E-04 002.4 164.3  14.1 0.688144 1.026109 2.277133 hargrave 2021-04-28 15:31:18 
TT 150 241.1  56.0  97.3  68.8 4.72E-04 003.0 156.4  10.4 0.890020 1.636801 1.619053 hargrave 2021-05-20 14:53:20 
TT 200 245.5  55.6  91.6  70.3 3.89E-04 004.0 158.3  08.8 0.842749 2.454669 0.816594 hargrave 2021-05-21 09:53:32 
TT 250 234.8  47.6 123.5  71.7 3.19E-04 001.9 148.2  06.1 0.468455 0.651118 0.677674 hargrave 2021-05-21 16:08:55 
TT 300 240.9  48.5 112.9  74.5 2.52E-04 003.5 152.0  04.3 0.652389 1.240317 0.653248 hargrave 2021-05-27 13:23:14 
TT 350 239.0  45.0 126.9  75.4 2.02E-04 003.8 149.0  02.2 0.643565 1.044537 0.523286 hargrave 2021-05-28 09:41:38 
TT 375 239.9  43.5 131.3  76.7 1.82E-04 002.4 148.6  00.7 0.392572 0.609251 0.207240 hargrave 2021-05-28 17:25:28 
TT 400 240.8  41.0 141.1  78.1 1.65E-04 001.8 147.7 -01.8 0.183837 0.350105 0.327556 hargrave 2021-05-31 18:04:29 
TT 400 241.3  41.2 139.6  78.4 1.65E-04 001.4 148.1 -01.9 0.126077 0.237661 0.314223 hargrave 2021-05-31 19:51:54 
TT 425 235.3  35.2 165.6  73.9 1.48E-04 001.2 140.8 -03.9 0.092455 0.073556 0.309613 hargrave 2021-06-01 15:04:18 
TT 425 235.9  35.4 165.3  74.4 1.48E-04 001.3 141.3 -04.0 0.136717 0.148385 0.283915 hargrave 2021-06-01 16:48:28 
TT 450 241.1  35.4 169.0  78.5 1.31E-04 001.4 144.7 -06.6 0.054942 0.061072 0.318734 hargrave 2021-06-07 16:33:16 
TT 475 236.3  30.3 182.8  72.9 1.15E-04 003.3 138.4 -08.3 0.414015 0.474859 0.248838 hargrave 2021-06-08 14:43:41 
TT 500 236.7  26.4 194.0  71.1 9.66E-05 003.7 136.3 -11.6 0.433713 0.389813 0.216412 hargrave 2021-06-09 09:47:31 
TT 515 226.4  10.8 203.1  53.2 8.53E-05 002.6 118.0 -16.6 0.328550 0.171329 0.137631 hargrave 2021-06-09 18:22:42 
TT 530 232.9  14.6 207.8  60.1 7.64E-05 001.4 125.6 -18.3 0.117145 0.121593 0.101887 hargrave 2021-06-10 19:11:31 
TT 540 228.6  02.4 213.6  47.6 7.44E-05 001.7 113.2 -24.0 0.198738 0.084163 0.092827 hargrave 2021-06-14 16:48:35 
TT 550 227.9 -03.3 216.9  42.4 7.13E-05 001.6 108.0 -27.3 0.158457 0.132632 0.065707 hargrave 2021-06-15 16:01:49 
TT 560 223.5 -08.0 215.1  36.1 6.41E-05 004.2 100.7 -26.8 0.434749 0.187502 0.050335 hargrave 2021-06-16 17:30:42 
TT 565 221.9 -18.3 219.6  26.4 5.91E-05 001.5 090.1 -31.5 0.122609 0.112480 0.053611 hargrave 2021-06-17 17:32:27 
TT 568 216.8 -31.4 222.3  12.7 6.53E-05 003.2 073.8 -33.9 0.368423 0.078741 0.059229 hargrave 2021-06-18 15:33:04 
TT 571 205.5 -31.7 214.4   7.1 5.04E-05 005.0 068.3 -25.5 0.445505 0.097427 0.030038 hargrave 2021-06-21 15:42:06 
TT 574 205.1 -40.8 219.7  -0.3 5.39E-05 002.2 059.1 -29.4 0.238835 0.051276 0.039304 hargrave 2021-07-07 17:31:40 
TT 576 190.8 -55.6 222.9 -17.6 5.11E-05 001.5 039.3 -27.2 0.070362 0.133204 0.067974 hargrave 2021-07-08 19:11:37 
TT 579 186.2 -63.8 228.3 -24.4 4.22E-05 005.1 029.8 -28.8 0.223056 0.311366 0.042024 hargrave 2021-07-09 18:40:23 
TT 582 185.4 -56.6 221.7 -20.5 4.35E-05 003.3 036.7 -25.0 0.131095 0.218473 0.048332 hargrave 2021-07-19 18:10:48 
TT 585 173.3 -54.0 215.3 -24.9 3.97E-05 001.2 034.8 -17.9 0.037415 0.066886 0.057767 hargrave 2021-07-21 09:28:55 
TT 588 181.6 -71.4 234.5 -29.9 2.85E-05 001.3 021.0 -30.5 0.059068 0.047683 0.028587 hargrave 2021-07-22 15:12:41 
TT 598 120.1 -73.0 237.3 -47.8 3.19E-05 004.7 004.4 -20.4 0.111913 0.263685 0.018515 hargrave 2021-07-23 14:29:18 
TT 610 176.3 -63.6 225.6 -28.1 2.23E-05 001.2 027.5 -24.9 0.055037 0.042903 0.031760 hargrave 2021-07-26 18:22:22 
TT 628 235.8 -75.0 249.9 -22.7 2.20E-05 002.4 016.5 -45.6 0.070186 0.065174 0.019688 hargrave 2021-08-03 16:45:26 
TT 640 068.8 -66.7 260.3 -60.1 3.63E-05 003.0 345.6 -17.5 0.050235 0.188294 0.031413 hargrave 2021-08-06 11:22:41 
TT 650 163.6 -62.7 222.1 -33.0 2.64E-05 001.5 024.3 -19.9 0.115783 0.063937 0.019748 hargrave 2021-08-08 13:13:34 
TT 660 168.4 -46.9 206.8 -24.1 3.91E-05 001.6 038.2 -10.9 0.118565 0.102335 0.030008 hargrave 2021-08-10 10:30:51 
TT 665 199.2 -57.6 227.7 -15.6 3.20E-05 003.0 039.2 -32.2 0.094684 0.121868 0.078254 hargrave 2021-09-24 15:49:44 
TT 668 057.0 -54.8 284.3 -68.3 3.57E-05 004.8 333.8 -10.8 0.047246 0.302676 0.048638 hargrave 2021-09-25 14:25:19 
