CS11- 9 sun compass orientation
   0.37 164.9  26.0 345.2  53.0   1.0
NRM    247.6  79.1  77.3  47.8 4.22E-04 006.3 177.7  53.1 0.459748 4.661874 0.361039 hargrave 2021-04-26 15:15:07 
TT 100 266.1  77.4  71.6  49.3 3.33E-04 004.6 183.9  51.6 0.520273 2.625971 0.394313 hargrave 2021-04-28 15:40:41 
TT 150 253.2  76.1  76.0  50.9 2.80E-04 004.1 179.4  50.1 0.271676 1.947194 0.360435 hargrave 2021-05-20 15:02:44 
TT 200 262.8  75.2  72.1  51.6 2.43E-04 002.4 183.1  49.3 0.363855 0.883968 0.321949 hargrave 2021-05-21 10:01:50 
TT 250 268.0  74.9  69.9  51.6 2.04E-04 005.2 185.2  49.2 0.480664 1.777685 0.309887 hargrave 2021-05-21 16:18:16 
TT 300 269.0  74.6  69.3  51.8 1.69E-04 002.4 185.6  48.9 0.325096 0.553450 0.279128 hargrave 2021-05-27 13:32:36 
TT 350 270.3  74.7  68.8  51.6 1.48E-04 005.1 186.1  49.1 0.371947 1.260374 0.215693 hargrave 2021-05-28 09:49:25 
TT 375 265.7  75.3  71.0  51.4 1.39E-04 004.3 184.2  49.5 0.286441 0.997131 0.199394 hargrave 2021-05-28 17:34:04 
TT 400 284.7  74.2  63.1  50.2 1.31E-04 002.6 192.0  49.6 0.241472 0.525186 0.146965 hargrave 2021-05-31 18:13:03 
TT 400 283.0  74.4  63.9  50.3 1.31E-04 002.1 191.3  49.6 0.209109 0.412742 0.145618 hargrave 2021-05-31 19:59:40 
TT 425 283.2  75.0  64.3  49.8 1.22E-04 002.0 191.1  50.2 0.234625 0.324084 0.164787 hargrave 2021-06-01 15:12:04 
TT 425 283.9  74.9  64.0  49.8 1.22E-04 002.2 191.4  50.1 0.234341 0.370717 0.162187 hargrave 2021-06-01 16:56:16 
TT 450 287.5  74.1  62.1  49.8 1.13E-04 002.4 193.2  49.7 0.356330 0.348329 0.099537 hargrave 2021-06-07 16:41:02 
TT 475 287.7  74.5  62.4  49.5 1.03E-04 006.7 193.0  50.2 0.378891 1.155468 0.132018 hargrave 2021-06-08 14:52:20 
TT 500 280.7  75.5  65.6  49.7 9.53E-05 002.3 189.9  50.4 0.178077 0.316824 0.119068 hargrave 2021-06-09 09:55:16 
TT 515 298.9  74.0  58.8  47.5 8.70E-05 004.2 197.7  51.0 0.268595 0.580963 0.089405 hargrave 2021-06-09 18:31:16 
TT 530 298.0  73.3  58.2  48.1 8.14E-05 003.7 197.9  50.3 0.217928 0.472596 0.099452 hargrave 2021-06-10 19:19:18 
TT 540 295.7  75.0  60.8  47.6 7.51E-05 005.2 195.7  51.5 0.276276 0.617816 0.079884 hargrave 2021-06-14 16:55:52 
TT 550 307.0  74.0  57.2  45.6 6.84E-05 003.9 200.8  52.1 0.163432 0.442919 0.040584 hargrave 2021-06-15 16:11:13 
TT 560 311.9  72.4  54.3  44.9 5.82E-05 005.3 204.2  51.6 0.229371 0.487571 0.029951 hargrave 2021-06-16 17:40:02 
TT 565 311.3  70.6  52.0  45.7 4.78E-05 004.3 205.6  50.1 0.169221 0.313086 0.022288 hargrave 2021-06-17 17:41:01 
TT 568 310.1  62.6  40.8  48.2 3.60E-05 004.2 211.2  43.0 0.141519 0.227427 0.013665 hargrave 2021-06-18 15:43:10 
TT 571 310.7  66.1  45.8  47.2 2.83E-05 005.2 209.0  46.2 0.117964 0.229477 0.025074 hargrave 2021-06-21 15:49:06 
TT 574 309.8  64.6  43.8  47.9 2.61E-05 003.8 209.6  44.7 0.037184 0.170749 0.035436 hargrave 2021-07-07 17:38:36 
TT 576 296.7  65.6  48.4  52.7 2.45E-05 002.3 202.2  43.1 0.023237 0.098973 0.021234 hargrave 2021-07-08 19:17:48 
TT 579 293.6  58.4  38.3  57.2 2.15E-05 004.9 203.8  35.9 0.036284 0.181603 0.034501 hargrave 2021-07-09 18:45:50 
TT 582 291.5  65.3  49.9  54.7 2.42E-05 003.4 199.6  42.1 0.037053 0.132140 0.051419 hargrave 2021-07-19 18:17:30 
TT 585 327.8  57.9  34.1  39.5 2.46E-05 003.4 224.8  43.8 0.045338 0.129457 0.060960 hargrave 2021-07-21 09:34:50 
TT 588 327.5  40.9  13.3  35.3 1.84E-05 005.9 235.7  29.3 0.126029 0.140330 0.036918 hargrave 2021-07-22 15:18:10 
TT 598 309.8  62.5  40.7  48.4 1.76E-05 002.2 211.0  42.9 0.060433 0.040475 0.021644 hargrave 2021-07-23 14:35:31 
TT 610 341.4  47.1  24.6  28.5 2.00E-05 002.8 242.2  39.8 0.036321 0.073924 0.053874 hargrave 2021-07-26 18:27:42 
TT 628 261.6  63.6  68.9  63.1 1.49E-05 001.6 183.7  37.7 0.028252 0.037109 0.012302 hargrave 2021-08-03 16:50:10 
TT 640 344.3  31.1  10.5  18.8 1.78E-05 002.4 254.6  27.4 0.047197 0.038024 0.049872 hargrave 2021-08-06 11:28:32 
TT 650 286.8  81.7  69.2  43.9 1.04E-05 003.0 188.0  56.7 0.052580 0.029228 0.006428 hargrave 2021-08-08 13:18:59 
TT 660 265.4  51.4  51.7  73.9 1.14E-05 003.7 187.3  25.7 0.041701 0.068440 0.012063 hargrave 2021-08-10 10:35:28 
TT 665 262.8  46.5  46.8  78.9 9.91E-06 008.0 185.8  20.7 0.040732 0.133905 0.020656 hargrave 2021-09-24 15:55:21 
TT 668 306.5  51.5  24.0  51.4 1.31E-05 004.7 215.2  32.3 0.029216 0.117275 0.013345 hargrave 2021-09-25 14:30:37 
