CS11- 1 sun compass orientation
   0.95 168.2  39.0 345.2  53.0   1.0
NRM    282.8  66.4  55.5  56.6 5.51E-04 001.8 191.0  28.9 0.588430 0.994152 1.341674 hargrave 2021-04-26 15:01:15 
TT 100 268.1  66.8  65.3  59.3 5.21E-04 002.3 184.4  28.0 0.283988 1.623943 1.358491 hargrave 2021-04-28 15:25:13 
TT 150 274.6  65.7  59.7  59.1 4.79E-04 002.3 187.5  27.4 0.281390 1.234406 1.493802 hargrave 2021-05-20 14:46:24 
TT 200 278.4  65.6  57.1  58.4 4.49E-04 002.2 189.3  27.7 0.294136 1.050629 1.311346 hargrave 2021-05-21 09:47:37 
TT 250 283.8  64.1  52.0  58.0 4.22E-04 002.2 192.2  26.8 0.574993 0.991633 1.175841 hargrave 2021-05-21 16:02:01 
TT 300 286.1  63.7  50.2  57.5 3.86E-04 001.8 193.4  26.7 0.242166 0.536774 1.061927 hargrave 2021-05-27 13:17:09 
TT 350 281.4  64.0  53.3  58.8 3.34E-04 001.8 191.1  26.4 0.186117 0.468887 0.923724 hargrave 2021-05-28 09:34:42 
TT 375 279.0  64.0  54.8  59.5 3.19E-04 001.6 190.0  26.1 0.194831 0.288582 0.841383 hargrave 2021-05-28 17:18:19 
TT 400 278.9  63.5  54.3  59.9 3.02E-04 002.7 190.1  25.7 0.099297 1.091627 0.895935 hargrave 2021-05-31 17:57:34 
TT 400 280.1  63.3  53.2  59.7 3.03E-04 002.1 190.7  25.6 0.099582 0.766300 0.850296 hargrave 2021-05-31 19:45:49 
TT 425 282.9  62.9  50.9  59.1 2.85E-04 005.2 192.2  25.6 0.557412 2.511504 0.404174 hargrave 2021-06-01 14:58:14 
TT 425 283.2  62.6  50.3  59.2 2.85E-04 004.9 192.4  25.3 0.599866 2.376695 0.315672 hargrave 2021-06-01 16:42:20 
TT 450 281.7  62.2  50.6  60.0 2.71E-04 002.8 191.8  24.7 0.445807 1.221308 0.245285 hargrave 2021-06-07 16:26:23 
TT 475 278.0  63.3  54.6  60.3 2.53E-04 004.1 189.7  25.3 0.259228 1.751706 0.455540 hargrave 2021-06-08 14:37:33 
TT 500 281.8  62.8  51.4  59.5 2.35E-04 001.7 191.7  25.3 0.822572 0.524039 0.431404 hargrave 2021-06-09 09:41:26 
TT 515 282.3  62.9  51.2  59.3 2.22E-04 002.7 191.9  25.5 0.186330 0.966809 0.387546 hargrave 2021-06-09 18:16:36 
TT 530 285.9  63.1  49.4  57.9 2.11E-04 001.6 193.5  26.2 0.085357 0.452900 0.362473 hargrave 2021-06-10 19:04:35 
TT 540 284.4  63.0  50.1  58.5 1.99E-04 001.1 192.9  25.8 0.087735 0.119307 0.380175 hargrave 2021-06-14 16:43:30 
TT 550 282.7  63.3  51.5  58.9 1.90E-04 001.6 192.0  25.9 0.119265 0.420288 0.323392 hargrave 2021-06-15 15:55:44 
TT 560 290.6  65.1  50.0  55.1 1.76E-04 001.2 194.9  28.8 0.052721 0.226289 0.313434 hargrave 2021-06-16 17:24:38 
TT 565 300.2  64.0  44.9  52.0 1.65E-04 002.1 199.7  29.5 0.273576 0.452776 0.300989 hargrave 2021-06-17 17:26:22 
TT 568 307.7  63.2  42.0  49.1 1.53E-04 002.8 203.5  30.6 0.329112 0.635192 0.269639 hargrave 2021-06-18 15:26:45 
TT 571 308.8  64.8  44.2  48.3 1.42E-04 001.9 202.9  32.2 0.210642 0.365463 0.250828 hargrave 2021-06-21 15:35:55 
TT 574 311.6  64.5  43.4  47.2 1.28E-04 001.2 204.3  32.7 0.204420 0.103858 0.146448 hargrave 2021-07-07 17:25:30 
TT 576 315.9  66.3  45.4  45.1 9.83E-05 002.3 204.6  35.2 0.281187 0.277017 0.104969 hargrave 2021-07-08 19:06:50 
TT 579 320.8  64.1  42.1  43.3 9.55E-05 000.8 208.3  34.9 0.177805 0.016257 0.066544 hargrave 2021-07-09 18:34:34 
TT 582 321.4  64.4  42.5  43.0 8.69E-05 001.5 208.2  35.3 0.118276 0.117600 0.158269 hargrave 2021-07-19 18:03:35 
TT 585 321.6  66.0  44.7  42.8 8.03E-05 001.4 206.9  36.6 0.150564 0.114676 0.057860 hargrave 2021-07-21 09:21:42 
TT 588 324.7  63.7  41.5  41.6 7.76E-05 000.7 210.1  35.8 0.041569 0.087143 0.048149 hargrave 2021-07-22 15:05:03 
TT 598 330.0  63.2  41.1  39.2 7.05E-05 002.7 212.5  37.3 0.166207 0.310551 0.040485 hargrave 2021-07-23 14:21:35 
TT 610 325.0  64.7  42.9  41.4 6.84E-05 003.6 209.3  36.6 0.215407 0.379434 0.038996 hargrave 2021-07-26 18:16:09 
TT 628 320.2  64.9  43.2  43.5 5.67E-05 005.6 207.3  35.3 0.222526 0.505890 0.033011 hargrave 2021-08-03 16:37:45 
TT 640 332.2  55.7  31.9  36.8 5.43E-05 001.6 220.2  32.9 0.140387 0.098171 0.030993 hargrave 2021-08-06 11:17:13 
TT 650 327.3  59.6  36.2  40.0 5.05E-05 004.2 214.7  33.8 0.115358 0.362500 0.054296 hargrave 2021-08-08 13:06:26 
TT 660 272.8  73.0  66.8  52.9 3.97E-05 004.6 185.1  34.4 0.042703 0.319597 0.034131 hargrave 2021-08-10 10:24:41 
TT 665 302.3  57.2  33.8  53.2 4.44E-05 001.2 204.4  24.1 0.056105 0.073155 0.051714 hargrave 2021-09-24 15:42:17 
TT 668 302.3  66.0  47.3  50.4 4.38E-05 001.0 199.4  31.8 0.079096 0.049564 0.038348 hargrave 2021-09-25 14:20:57 
