CS11- 2 sun compass orientation
   0.89 163.0  25.0 345.2  53.0   1.0
NRM    222.3  22.4 183.2  58.1 8.27E-05 001.2 151.8  00.5 0.134077 0.104964 0.158772 hargrave 2021-04-26 15:02:50 
TT 100 206.4  00.7 192.4  32.2 8.26E-05 003.5 130.9 -16.2 0.444128 0.246217 0.153622 hargrave 2021-04-28 15:26:48 
TT 150 204.4 -15.9 203.3  18.7 8.68E-05 001.7 122.5 -31.2 0.260672 0.086377 0.109831 hargrave 2021-05-20 14:48:00 
TT 200 204.9 -23.5 208.8  13.2 8.97E-05 001.8 119.5 -38.4 0.206619 0.194437 0.097904 hargrave 2021-05-21 09:49:07 
TT 250 202.5 -29.9 211.2   6.9 8.87E-05 000.5 113.3 -43.2 0.040659 0.053175 0.095745 hargrave 2021-05-21 16:03:36 
TT 300 202.0 -34.8 214.0   2.8 7.88E-05 000.5 109.6 -47.3 0.047342 0.065726 0.083646 hargrave 2021-05-27 13:18:43 
TT 350 203.9 -35.2 215.5   3.5 7.29E-05 000.7 111.3 -48.4 0.066958 0.073399 0.063343 hargrave 2021-05-28 09:36:17 
TT 375 204.2 -36.1 216.2   3.0 7.19E-05 002.3 111.0 -49.3 0.247254 0.150128 0.077803 hargrave 2021-05-28 17:19:54 
TT 400 203.7 -35.0 215.2   3.6 7.31E-05 005.1 111.3 -48.2 0.298179 0.817477 0.069789 hargrave 2021-05-31 17:59:09 
TT 400 203.5 -35.2 215.2   3.3 7.30E-05 005.0 111.0 -48.3 0.262571 0.822392 0.071968 hargrave 2021-05-31 19:47:23 
TT 425 204.3 -37.4 217.1   2.0 7.07E-05 001.6 110.1 -50.5 0.169017 0.108719 0.079092 hargrave 2021-06-01 14:59:48 
TT 425 204.4 -37.4 217.2   2.0 7.06E-05 001.7 110.3 -50.6 0.179384 0.117762 0.078769 hargrave 2021-06-01 16:43:55 
TT 450 203.6 -38.2 217.2   1.0 6.98E-05 001.2 108.7 -51.0 0.116918 0.088065 0.074770 hargrave 2021-06-07 16:27:57 
TT 475 204.8 -38.9 218.3   1.0 6.95E-05 001.1 109.4 -52.0 0.108190 0.056447 0.075359 hargrave 2021-06-08 14:39:08 
TT 500 203.2 -39.9 218.0  -0.5 6.67E-05 001.3 106.8 -52.2 0.133653 0.050798 0.054735 hargrave 2021-06-09 09:43:01 
TT 515 201.1 -41.4 217.7  -2.7 6.56E-05 001.2 103.3 -52.7 0.120885 0.046714 0.050896 hargrave 2021-06-09 18:18:11 
TT 530 200.3 -42.8 218.2  -4.1 6.30E-05 001.6 101.2 -53.5 0.170857 0.044992 0.049589 hargrave 2021-06-10 19:06:09 
TT 540 198.8 -43.5 217.8  -5.4 6.13E-05 000.7 099.0 -53.5 0.065079 0.032667 0.048408 hargrave 2021-06-14 16:44:48 
TT 550 196.4 -44.7 217.4  -7.4 5.95E-05 000.6 095.6 -53.4 0.034858 0.032708 0.045590 hargrave 2021-06-15 15:57:19 
TT 560 184.8 -52.8 218.3 -18.5 5.29E-05 001.7 076.6 -54.8 0.128022 0.080725 0.030521 hargrave 2021-06-16 17:26:12 
TT 565 179.8 -53.6 217.1 -21.4 4.99E-05 002.4 072.0 -53.3 0.205002 0.044637 0.040986 hargrave 2021-06-17 17:27:57 
TT 568 173.8 -54.2 215.7 -24.7 4.71E-05 005.6 067.0 -51.4 0.179579 0.600610 0.021050 hargrave 2021-06-18 15:28:20 
TT 571 166.2 -57.2 216.5 -29.9 4.25E-05 002.9 058.8 -50.8 0.198106 0.087430 0.019153 hargrave 2021-06-21 15:37:24 
TT 574 159.9 -56.8 214.7 -33.0 3.85E-05 002.1 055.1 -48.2 0.112056 0.053755 0.069622 hargrave 2021-07-07 17:26:58 
TT 576 128.3 -56.6 211.9 -50.0 3.19E-05 002.8 035.4 -38.6 0.168440 0.062584 0.073494 hargrave 2021-07-08 19:08:02 
TT 579 111.1 -58.6 219.7 -58.3 3.10E-05 001.8 023.7 -36.9 0.097647 0.040275 0.037580 hargrave 2021-07-09 18:36:53 
TT 582 116.7 -54.6 210.6 -56.8 2.91E-05 001.7 028.9 -34.2 0.058391 0.066226 0.037396 hargrave 2021-07-19 18:06:23 
TT 585 115.3 -53.9 209.8 -57.8 2.74E-05 002.7 028.3 -33.3 0.073504 0.108958 0.043527 hargrave 2021-07-21 09:24:31 
TT 588 106.7 -54.5 214.5 -62.3 2.64E-05 002.5 022.4 -32.2 0.115371 0.066263 0.065941 hargrave 2021-07-22 15:06:14 
TT 598 113.9 -55.3 212.8 -58.2 2.49E-05 003.7 026.8 -34.2 0.039757 0.136736 0.079887 hargrave 2021-07-23 14:22:45 
TT 610 126.5 -49.3 200.5 -51.4 2.20E-05 002.8 037.9 -31.6 0.068597 0.055531 0.065647 hargrave 2021-07-26 18:17:19 
TT 628 123.8 -45.9 194.8 -53.1 1.58E-05 004.8 037.5 -27.7 0.092239 0.064782 0.073989 hargrave 2021-08-03 16:38:55 
TT 640 032.3 -49.4 309.4 -56.9 1.17E-05 004.4 331.1 -28.7 0.049519 0.064749 0.055382 hargrave 2021-08-06 11:18:23 
TT 650 143.5 -44.0 195.8 -39.1 1.02E-05 006.9 052.9 -31.9 0.105923 0.016133 0.065920 hargrave 2021-08-08 13:07:37 
TT 660 155.5 -37.6 192.7 -28.3 1.31E-05 004.4 065.9 -30.7 0.085353 0.013651 0.057955 hargrave 2021-08-10 10:25:55 
TT 665 261.4 -72.8 257.1 -19.9 6.22E-06 012.2 342.6 -81.7 0.079927 0.102994 0.044317 hargrave 2021-09-24 15:43:44 
TT 665 289.1 -78.3 262.5 -27.1 5.88E-06 007.8 335.9 -73.1 0.024457 0.078739 0.013672 hargrave 2021-09-24 16:27:56 
TT 668 160.8 -24.8 183.1 -17.9 1.23E-05 003.3 077.1 -21.5 0.052447 0.137110 0.039812 hargrave 2021-09-25 14:22:21 
