CS12- 3 sun compass orientation
   40.5 193.5  23.0   4.9  54.8   1.0
NRM    338.1  52.7  47.2  43.0 5.54E-05 001.2 218.0  36.5 0.059088 0.096003 0.056290 hargrave 2021-04-26 15:21:01 
TT 100 290.7  24.5 331.1  72.7 2.70E-05 002.1 186.6  01.7 0.024144 0.095981 0.035569 hargrave 2021-04-28 15:45:46 
TT 150 288.0  21.5 318.3  72.1 2.57E-05 002.6 184.2 -01.4 0.011834 0.111874 0.032531 hargrave 2021-05-20 15:08:39 
TT 200 287.0  18.4 310.6  70.1 2.37E-05 001.6 183.3 -04.6 0.013908 0.058943 0.027346 hargrave 2021-05-21 10:06:37 
TT 250 295.2  15.6 322.9  63.3 2.20E-05 013.2 191.4 -06.9 0.031492 0.618691 0.028713 hargrave 2021-05-21 16:24:56 
TT 250 287.5  15.8 308.3  67.6 2.15E-05 004.4 183.9 -07.1 0.012846 0.161669 0.027786 hargrave 2021-05-21 17:24:10 
TT 300 286.3  13.3 302.9  65.8 1.97E-05 004.4 182.8 -09.6 0.034142 0.146313 0.048440 hargrave 2021-05-27 13:37:40 
TT 350 281.5  10.6 290.2  64.7 1.82E-05 001.8 178.0 -12.4 0.033511 0.041528 0.039763 hargrave 2021-05-28 09:54:30 
TT 375 281.9  08.8 290.2  62.8 1.73E-05 005.8 178.4 -14.2 0.031861 0.170893 0.042630 hargrave 2021-05-28 17:39:11 
TT 400 284.7  08.1 295.5  61.5 1.63E-05 003.4 181.3 -14.9 0.029149 0.087686 0.041946 hargrave 2021-05-31 18:18:08 
TT 400 284.4  08.1 295.0  61.5 1.63E-05 003.1 180.9 -14.9 0.029371 0.078349 0.042287 hargrave 2021-05-31 20:04:45 
TT 425 283.7  06.7 292.8  60.4 1.51E-05 003.4 180.2 -16.3 0.028476 0.077932 0.040988 hargrave 2021-06-01 15:17:08 
TT 425 284.0  06.7 293.4  60.3 1.51E-05 003.1 180.5 -16.3 0.028472 0.070763 0.040389 hargrave 2021-06-01 17:01:24 
TT 450 277.7  05.5 280.5  60.2 1.47E-05 001.8 174.0 -17.4 0.025775 0.031247 0.036170 hargrave 2021-06-07 16:46:07 
TT 475 280.2  05.3 285.4  59.7 1.37E-05 001.9 176.6 -17.7 0.023601 0.024740 0.038188 hargrave 2021-06-08 14:57:27 
TT 500 273.7  03.6 272.6  58.4 1.22E-05 001.8 169.7 -19.1 0.020601 0.022170 0.033872 hargrave 2021-06-09 10:00:21 
TT 515 278.8  04.2 282.4  58.8 1.16E-05 003.3 175.1 -18.8 0.019749 0.057007 0.035398 hargrave 2021-06-09 18:36:22 
TT 530 277.0  02.7 278.8  57.4 1.14E-05 003.8 173.1 -20.1 0.019567 0.069518 0.032398 hargrave 2021-06-10 19:24:23 
TT 540 271.0  02.1 267.8  56.7 9.40E-06 002.8 166.7 -20.3 0.018626 0.045871 0.009190 hargrave 2021-06-14 17:00:16 
TT 550 281.5 -00.2 286.2  54.1 7.53E-06 002.6 177.8 -23.2 0.013534 0.030656 0.012265 hargrave 2021-06-15 16:16:17 
TT 560 276.4  00.8 277.6  55.6 5.17E-06 007.1 172.4 -22.0 0.009794 0.060702 0.024599 hargrave 2021-06-16 17:45:06 
TT 565 270.8 -03.2 268.3  51.4 4.00E-06 005.7 166.0 -25.6 0.007821 0.039253 0.009018 hargrave 2021-06-17 17:46:06 
TT 568 289.8  00.1 299.7  52.2 2.69E-06 012.9 186.8 -22.7 0.006758 0.059118 0.017187 hargrave 2021-06-18 15:48:00 
TT 568 301.4  06.0 321.0  52.0 2.47E-06 008.6 198.5 -15.9 0.006046 0.037589 0.006253 hargrave 2021-06-21 10:22:08 
TT 571 271.5  18.1 264.0  72.6 2.13E-06 015.6 168.6 -04.4 0.005309 0.059723 0.009194 hargrave 2021-06-21 15:55:21 
TT 571 261.1  14.8 240.2  66.1 2.08E-06 005.8 158.2 -06.5 0.006658 0.024081 0.002277 hargrave 2021-06-22 09:25:10 
TT 574 057.7 -05.8  36.8 -44.9 2.07E-06 009.5 313.5  10.3 0.006106 0.047752 0.014514 hargrave 2021-07-07 17:44:47 
