CS12- 8 sun compass orientation
    5.1 124.2  30.0   4.9  54.8   1.0
NRM    353.2 -00.5 357.7   9.2 7.68E-04 001.9 315.1  21.7 1.972766 1.440417 0.878254 hargrave 2021-04-26 15:33:46 
TT 100 352.8 -04.8 353.9   7.0 6.58E-04 000.7 316.2  17.6 0.356873 0.357144 0.709671 hargrave 2021-04-28 15:56:05 
TT 150 352.3 -05.4 353.2   7.1 5.69E-04 005.3 316.0  16.9 3.843900 3.601085 0.803921 hargrave 2021-05-20 15:19:44 
TT 200 352.0 -05.8 352.6   7.1 4.81E-04 004.4 315.9  16.3 2.707068 2.427184 0.650974 hargrave 2021-05-21 10:17:20 
TT 250 346.4 -04.6 350.2  12.3 3.69E-04 000.8 310.0  15.4 0.142978 0.265986 0.435544 hargrave 2021-05-21 16:35:14 
TT 300 330.2 -01.5 341.9  26.7 2.09E-04 000.7 293.6  11.3 0.154792 0.076949 0.177107 hargrave 2021-05-27 13:47:55 
TT 350 310.2  03.5 328.9  44.5 1.56E-04 001.4 273.4  06.1 0.374119 0.041986 0.119976 hargrave 2021-05-28 10:05:37 
TT 375 302.5  03.9 320.4  49.6 1.37E-04 001.3 266.6  02.6 0.289461 0.052548 0.117253 hargrave 2021-05-28 17:51:03 
TT 400 301.0  03.2 317.9  49.9 1.31E-04 000.6 265.7  01.2 0.075717 0.037206 0.118374 hargrave 2021-05-31 18:28:25 
TT 400 301.1  03.2 318.0  49.8 1.31E-04 000.6 265.7  01.2 0.079708 0.038317 0.120388 hargrave 2021-05-31 20:16:37 
TT 425 298.4  03.6 314.8  51.6 1.27E-04 004.5 263.2  00.2 0.976365 0.127681 0.117597 hargrave 2021-06-01 15:28:13 
TT 425 298.6  03.5 315.0  51.4 1.27E-04 004.7 263.4  00.2 1.033463 0.130677 0.117414 hargrave 2021-06-01 17:12:34 
TT 450 296.7  03.6 312.4  52.5 1.23E-04 001.8 261.7 -00.6 0.370995 0.088661 0.115873 hargrave 2021-06-07 16:57:58 
TT 475 295.6  03.3 310.6  52.8 1.16E-04 004.2 260.9 -01.4 0.843971 0.155002 0.116100 hargrave 2021-06-08 15:08:38 
TT 500 293.0  04.1 307.3  54.7 1.06E-04 000.8 258.2 -02.0 0.083213 0.055610 0.111767 hargrave 2021-06-09 10:12:14 
TT 515 291.0  05.0 304.8  56.3 1.00E-04 002.6 256.1 -02.2 0.432021 0.135636 0.093187 hargrave 2021-06-09 18:46:40 
TT 530 291.5  04.2 305.0  55.4 6.00E-05 005.5 257.0 -02.7 0.559355 0.151860 0.057901 hargrave 2021-06-10 19:34:41 
TT 540 294.3  02.4 308.0  52.6 4.99E-05 003.9 260.2 -02.9 0.323982 0.135882 0.046013 hargrave 2021-06-14 17:09:12 
TT 550 302.7  01.2 318.3  47.3 2.65E-05 002.8 268.1  00.3 0.124464 0.034623 0.030599 hargrave 2021-06-15 16:27:22 
TT 560 308.9  04.2 328.1  45.9 1.41E-05 002.5 272.0  06.0 0.061271 0.044615 0.012783 hargrave 2021-06-16 17:55:19 
TT 565 318.1  00.3 333.6  36.8 8.44E-06 003.6 281.9  07.2 0.057006 0.045783 0.016764 hargrave 2021-06-17 17:57:59 
TT 568 343.1 -02.3 350.0  16.3 6.14E-06 002.1 305.9  16.2 0.036743 0.040647 0.005031 hargrave 2021-06-18 15:55:34 
TT 571 003.7 -08.3 357.4  -3.8 3.86E-06 005.2 328.2  17.5 0.015121 0.045987 0.005420 hargrave 2021-06-21 16:02:55 
TT 574 352.1  15.3  10.5  19.1 2.82E-06 006.7 307.1  35.9 0.016766 0.063543 0.026170 hargrave 2021-07-07 17:52:21 
TT 576 313.0  04.1 332.3  43.0 4.39E-06 005.6 275.6  07.9 0.042572 0.101328 0.021596 hargrave 2021-07-08 19:24:08 
TT 579 034.0  24.4  41.6  -7.1 2.26E-06 020.9 359.8  54.4 0.011053 0.085350 0.007112 hargrave 2021-07-09 18:54:29 
TT 579 004.0  11.0  13.4   7.0 4.19E-06 003.6 322.4  36.1 0.008204 0.030594 0.011959 hargrave 2021-07-19 11:04:48 
TT 582 074.6 -19.6  40.6 -66.3 2.35E-06 018.8 037.7  03.9 0.010875 0.095440 0.013156 hargrave 2021-07-19 18:26:30 
TT 582 070.1 -20.8  31.8 -63.9 2.33E-06 011.2 033.3  04.1 0.012715 0.056452 0.008088 hargrave 2021-07-19 19:25:20 
TT 585 277.1  19.2 282.4  73.9 3.34E-06 013.2 237.5  04.0 0.017115 0.114075 0.017990 hargrave 2021-07-21 09:43:49 
TT 585 282.8  16.9 298.0  70.4 3.39E-06 004.6 243.3  04.4 0.010788 0.058143 0.006167 hargrave 2021-07-21 10:30:55 
