CS12- 7 sun compass orientation
    3.6 208.9  35.0   4.9  54.8   1.0
NRM    235.8 -02.1 222.0  37.8 2.29E-03 001.0 111.5 -16.8 3.128090 1.711290 1.835453 hargrave 2021-04-26 15:29:13 
TT 100 236.6 -01.5 222.3  38.8 2.12E-03 001.2 112.4 -16.8 3.721131 1.813247 1.783929 hargrave 2021-04-28 15:52:21 
TT 150 230.8 -05.5 220.2  31.9 2.02E-03 003.0 105.1 -16.9 10.03971 3.256993 1.711516 hargrave 2021-05-20 15:15:12 
TT 200 231.2 -05.2 220.3  32.4 1.87E-03 001.3 105.6 -16.9 3.543408 1.763630 1.538727 hargrave 2021-05-21 10:13:42 
TT 250 234.7 -03.3 222.0  36.2 1.46E-03 000.5 109.7 -17.2 0.485990 0.321394 1.236096 hargrave 2021-05-21 16:31:31 
TT 300 232.8 -04.8 221.4  33.8 8.67E-04 002.9 107.2 -17.5 4.077997 1.438615 0.740296 hargrave 2021-05-27 13:44:12 
TT 350 238.2 -02.2 224.5  39.2 5.14E-04 005.9 113.4 -18.2 4.826548 2.160949 0.402738 hargrave 2021-05-28 10:01:54 
TT 375 232.7 -05.6 222.0  33.1 3.86E-04 002.5 106.8 -18.1 1.590318 0.553833 0.296789 hargrave 2021-05-28 17:46:32 
TT 400 238.2 -02.5 224.7  39.0 3.36E-04 002.7 113.3 -18.4 1.461085 0.616686 0.258005 hargrave 2021-05-31 18:24:41 
TT 400 238.4 -02.4 224.8  39.2 3.36E-04 002.5 113.5 -18.4 1.338865 0.581890 0.257894 hargrave 2021-05-31 20:12:05 
TT 425 236.6 -03.7 224.1  37.1 2.98E-04 001.8 111.2 -18.7 0.886807 0.327963 0.217583 hargrave 2021-06-01 15:24:29 
TT 425 236.8 -03.7 224.3  37.2 2.98E-04 001.7 111.4 -18.7 0.820014 0.294104 0.220110 hargrave 2021-06-01 17:08:48 
TT 450 239.4 -02.3 225.7  39.9 2.62E-04 001.4 114.5 -18.9 0.547317 0.306197 0.206913 hargrave 2021-06-07 16:53:27 
TT 475 244.3  00.3 228.9  44.9 2.23E-04 001.9 120.4 -19.1 0.627494 0.349301 0.192532 hargrave 2021-06-08 15:04:52 
TT 500 244.0 -00.3 229.1  44.3 1.87E-04 002.7 119.8 -19.5 0.736913 0.431073 0.150097 hargrave 2021-06-09 10:07:42 
TT 515 244.6  00.0 229.5  44.9 1.69E-04 000.7 120.5 -19.5 0.133641 0.116118 0.141084 hargrave 2021-06-09 18:42:56 
TT 530 241.4 -01.5 227.2  41.8 1.09E-04 005.7 116.8 -19.3 0.914668 0.578964 0.098322 hargrave 2021-06-10 19:30:57 
TT 540 237.8 -02.9 224.6  38.4 9.69E-05 002.8 112.8 -18.6 0.434116 0.185582 0.070907 hargrave 2021-06-14 17:05:58 
TT 550 234.6 -03.8 222.3  35.7 6.44E-05 004.2 109.4 -17.6 0.435311 0.192607 0.051820 hargrave 2021-06-15 16:22:51 
TT 560 228.6 -06.0 218.7  30.1 4.86E-05 003.7 102.9 -16.1 0.310724 0.039931 0.041502 hargrave 2021-06-16 17:51:37 
TT 565 223.0 -09.7 217.1  23.6 4.52E-05 003.7 095.9 -16.0 0.280868 0.097256 0.043827 hargrave 2021-06-17 17:54:15 
TT 568 228.1 -06.5 218.7  29.4 4.19E-05 002.1 102.2 -16.3 0.132032 0.090871 0.042485 hargrave 2021-06-18 15:53:06 
TT 571 223.5 -11.1 218.5  22.9 3.84E-05 002.9 095.6 -17.5 0.182577 0.091707 0.037208 hargrave 2021-06-21 16:00:21 
TT 574 223.7 -08.6 216.8  24.8 3.51E-05 004.2 097.2 -15.5 0.242388 0.105245 0.033331 hargrave 2021-07-07 17:49:49 
TT 576 223.8 -08.3 216.6  25.1 2.88E-05 004.8 097.5 -15.3 0.249940 0.093001 0.023981 hargrave 2021-07-08 19:22:53 
TT 579 224.8 -05.9 215.5  27.5 2.39E-05 003.7 099.7 -13.9 0.149110 0.086580 0.032938 hargrave 2021-07-09 18:52:36 
TT 582 221.9 -08.5 215.3  23.7 2.08E-05 002.5 095.8 -14.4 0.074772 0.111580 0.021474 hargrave 2021-07-19 18:25:00 
TT 585 241.7 -09.5 233.4  35.4 1.03E-05 002.7 112.5 -26.2 0.032645 0.098804 0.008247 hargrave 2021-07-21 09:42:19 
TT 588 254.0  12.2 230.3  60.2 1.20E-05 002.8 134.9 -13.0 0.036410 0.107513 0.011832 hargrave 2021-07-22 15:21:41 
TT 598 214.3  02.9 200.4  25.5 1.12E-05 008.2 096.1 -00.7 0.161105 0.036792 0.035006 hargrave 2021-07-23 14:39:03 
TT 598 214.4  00.9 202.2  24.3 1.11E-05 007.6 095.0 -02.4 0.112450 0.030507 0.094259 hargrave 2021-07-23 15:54:16 
TT 610 278.0 -16.3 278.7  38.4 3.09E-06 022.1 149.1 -48.1 0.017143 0.137305 0.026961 hargrave 2021-07-26 18:31:15 
TT 610 288.3 -17.6 290.7  35.7 2.88E-06 011.3 163.5 -51.8 0.014610 0.059463 0.013870 hargrave 2021-07-26 18:52:09 
TT 610 286.5 -18.0 288.5  35.7 2.89E-06 009.3 160.8 -51.9 0.014683 0.048821 0.007142 hargrave 2021-07-26 19:01:22 
TT 628 285.8  45.7  60.0  76.6 1.18E-05 003.6 170.7  11.3 0.046737 0.064132 0.034730 hargrave 2021-08-03 16:53:44 
TT 640 028.2  01.9  20.4 -17.7 1.84E-05 003.7 268.3  01.2 0.108237 0.125201 0.055635 hargrave 2021-08-06 11:32:17 
TT 650 033.1  28.8  44.2  -3.5 1.37E-05 006.0 255.7  25.6 0.122836 0.038197 0.071491 hargrave 2021-08-08 13:22:30 
TT 660 273.9  50.5  97.3  74.7 1.75E-05 005.3 163.6  17.5 0.155969 0.105069 0.049637 hargrave 2021-08-10 10:38:55 
TT 665 016.3 -02.0   9.9 -10.5 2.54E-05 005.5 260.7 -08.8 0.108544 0.324520 0.144139 hargrave 2021-09-24 15:59:39 
