CS12- 2 sun compass orientation
     31 235.3  23.0   4.9  54.8   1.0
NRM    316.7  33.3  14.0  55.7 1.61E-04 002.3 172.7  10.5 0.042989 0.623578 0.203938 hargrave 2021-04-26 15:19:19 
TT 100 295.7  04.9 312.0  54.1 1.12E-04 001.0 149.4 -15.1 0.080118 0.110500 0.135881 hargrave 2021-04-28 15:44:03 
TT 150 294.1 -00.5 305.7  50.1 1.06E-04 001.0 146.6 -20.0 0.096053 0.114146 0.124987 hargrave 2021-05-20 15:06:56 
TT 200 295.3 -02.5 306.1  47.7 1.04E-04 001.9 147.4 -22.3 0.160409 0.283618 0.099073 hargrave 2021-05-21 10:05:02 
TT 250 294.9 -03.9 304.7  46.6 1.02E-04 004.1 146.6 -23.5 0.415677 0.593168 0.116754 hargrave 2021-05-21 16:21:38 
TT 300 291.9 -06.2 299.5  45.6 1.00E-04 001.5 142.9 -25.1 0.143794 0.190600 0.117488 hargrave 2021-05-27 13:35:58 
TT 350 289.5 -08.6 295.2  44.1 9.54E-05 001.4 139.6 -26.9 0.136499 0.170660 0.101587 hargrave 2021-05-28 09:52:48 
TT 375 288.3 -09.7 293.2  43.3 9.42E-05 001.7 138.0 -27.6 0.174892 0.207954 0.095954 hargrave 2021-05-28 17:37:27 
TT 400 293.4 -08.8 300.1  42.7 9.32E-05 000.9 143.7 -28.0 0.085480 0.094270 0.092726 hargrave 2021-05-31 18:16:25 
TT 400 293.3 -08.9 300.0  42.6 9.32E-05 001.0 143.6 -28.0 0.092933 0.109878 0.093570 hargrave 2021-05-31 20:03:02 
TT 425 289.2 -10.2 294.2  42.6 9.20E-05 000.6 138.8 -28.3 0.034013 0.063714 0.083613 hargrave 2021-06-01 15:15:26 
TT 425 289.0 -10.3 293.9  42.6 9.20E-05 000.6 138.6 -28.3 0.036046 0.051680 0.081023 hargrave 2021-06-01 16:59:41 
TT 450 289.8 -10.3 294.9  42.4 9.04E-05 002.0 139.5 -28.5 0.184327 0.237881 0.093196 hargrave 2021-06-07 16:44:25 
TT 475 290.4 -10.2 295.7  42.3 8.70E-05 001.6 140.1 -28.6 0.150664 0.178663 0.079404 hargrave 2021-06-08 14:55:43 
TT 500 288.6 -10.5 293.3  42.5 7.93E-05 001.6 138.1 -28.4 0.097821 0.213284 0.072217 hargrave 2021-06-09 09:58:38 
TT 515 294.2 -09.1 301.0  42.1 6.92E-05 001.6 144.5 -28.4 0.108171 0.150444 0.064057 hargrave 2021-06-09 18:34:39 
TT 530 295.0 -08.8 302.1  42.1 5.44E-05 000.8 145.5 -28.3 0.029489 0.067602 0.055986 hargrave 2021-06-10 19:22:40 
TT 540 288.4 -04.9 295.2  47.9 2.67E-05 001.4 139.5 -23.0 0.037728 0.058165 0.014174 hargrave 2021-06-14 16:58:46 
TT 550 293.8 -00.5 305.3  50.2 1.74E-05 003.0 146.2 -20.0 0.041987 0.090791 0.020444 hargrave 2021-06-15 16:14:35 
TT 560 292.7  06.9 309.1  57.3 9.22E-06 001.7 146.8 -12.5 0.020744 0.035361 0.007550 hargrave 2021-06-16 17:43:24 
TT 565 294.6  11.7 317.0  60.5 7.83E-06 003.2 149.6 -08.2 0.016237 0.051229 0.006400 hargrave 2021-06-17 17:44:24 
TT 568 307.2  21.9 348.4  58.9 5.71E-06 002.7 163.3 -00.0 0.016589 0.027474 0.014417 hargrave 2021-06-18 15:46:20 
TT 571 301.9  20.3 339.9  62.0 5.29E-06 009.5 158.1 -00.9 0.015881 0.089786 0.012283 hargrave 2021-06-21 15:53:48 
TT 571 298.1  18.8 332.3  63.7 5.27E-06 004.7 154.4 -01.9 0.011682 0.044565 0.003858 hargrave 2021-06-22 09:23:35 
TT 574 327.9  26.5   9.2  44.2 3.88E-06 010.7 182.3  03.6 0.009817 0.073101 0.005819 hargrave 2021-07-07 17:43:14 
TT 576 295.8  19.3 329.6  65.6 4.14E-06 003.5 152.3 -01.0 0.011820 0.033347 0.003220 hargrave 2021-07-08 19:20:18 
TT 579 274.8  01.7 274.7  56.5 3.34E-06 003.3 127.8 -12.8 0.014591 0.038706 0.003536 hargrave 2021-07-09 18:48:29 
TT 582 310.2  13.6 339.6  51.6 3.69E-06 008.9 165.1 -08.7 0.007579 0.059597 0.006006 hargrave 2021-07-19 18:20:45 
TT 582 310.5  13.5 339.8  51.3 3.63E-06 006.4 165.4 -08.7 0.007388 0.041713 0.005868 hargrave 2021-07-19 19:22:16 
TT 585 288.0  10.8 304.1  62.8 3.46E-06 003.3 143.1 -07.6 0.012545 0.031781 0.002691 hargrave 2021-07-21 09:38:05 
TT 588 115.3 -75.0 267.0 -49.0 1.41E-06 018.4 347.5 -53.3 0.008610 0.043246 0.016546 hargrave 2021-07-22 15:19:18 
TT 588 104.5 -66.8 267.8 -57.9 1.46E-06 006.2 337.9 -46.8 0.004518 0.012666 0.009113 hargrave 2021-07-22 15:41:26 
TT 598 249.6  24.8 203.5  65.8 2.60E-06 004.4 112.8  17.4 0.013267 0.024258 0.011658 hargrave 2021-07-23 14:36:38 
TT 610 007.1  39.1  39.4  19.8 3.59E-06 007.5 213.6  20.8 0.008867 0.054241 0.003179 hargrave 2021-07-26 18:28:52 
TT 628 244.3  14.3 214.4  55.5 5.66E-06 002.3 103.8  09.6 0.005232 0.032321 0.016232 hargrave 2021-08-03 16:51:17 
TT 640 349.4  18.9  12.3  23.2 5.63E-06 005.1 202.7 -02.2 0.014465 0.049070 0.009929 hargrave 2021-08-06 11:29:49 
TT 650 011.5  31.0  34.2  12.5 4.99E-06 006.2 219.7  14.0 0.045825 0.032367 0.009135 hargrave 2021-08-08 13:20:07 
TT 660 014.0  02.9  12.5  -5.7 5.94E-06 003.3 230.1 -12.1 0.031968 0.013885 0.012939 hargrave 2021-08-10 10:36:34 
TT 665 307.2 -66.5 287.6 -14.7 7.35E-06 003.5 085.6 -82.9 0.017967 0.043490 0.016884 hargrave 2021-09-24 15:56:43 
