CS12- 1 sun compass orientation
     31 254.7  18.0   4.9  54.8   1.0
NRM    354.6  62.8  61.4  35.4 1.43E-04 001.9 186.4  45.0 0.093331 0.435974 0.154136 hargrave 2021-04-26 15:17:36 
TT 100 294.6  45.9  46.6  71.7 3.83E-05 001.7 140.4  33.0 0.053776 0.079784 0.067899 hargrave 2021-04-28 15:42:21 
TT 150 287.5  37.6  21.9  79.6 2.58E-05 005.1 131.9  26.6 0.156225 0.172009 0.035521 hargrave 2021-05-20 15:04:24 
TT 200 282.9  30.8 333.9  82.0 2.16E-05 005.7 125.7  21.2 0.156122 0.156047 0.021040 hargrave 2021-05-21 10:03:25 
TT 250 281.8  28.0 316.0  80.7 1.98E-05 005.8 123.8  18.8 0.145698 0.137869 0.037456 hargrave 2021-05-21 16:19:56 
TT 300 285.0  25.9 320.7  77.3 1.88E-05 004.8 126.1  15.9 0.093321 0.125465 0.049655 hargrave 2021-05-27 13:34:16 
TT 350 276.0  21.2 279.1  76.0 1.62E-05 002.4 116.6  13.8 0.044907 0.048113 0.034724 hargrave 2021-05-28 09:51:05 
TT 375 275.0  20.8 275.3  75.6 1.52E-05 005.9 115.5  13.8 0.127155 0.090305 0.036969 hargrave 2021-05-28 17:35:44 
TT 400 276.7  19.6 281.2  74.3 1.47E-05 002.6 116.7  12.1 0.039129 0.048537 0.039398 hargrave 2021-05-31 18:14:42 
TT 400 276.5  19.5 280.5  74.2 1.47E-05 002.5 116.5  12.1 0.035389 0.049447 0.038429 hargrave 2021-05-31 20:01:19 
TT 425 271.8  17.5 265.2  72.1 1.39E-05 003.1 111.5  11.5 0.051607 0.048311 0.039331 hargrave 2021-06-01 15:13:44 
TT 425 271.7  17.5 264.9  72.1 1.38E-05 003.2 111.5  11.5 0.049868 0.052983 0.038498 hargrave 2021-06-01 16:57:58 
TT 450 274.3  18.2 273.0  73.0 1.37E-05 005.1 114.0  11.4 0.099014 0.071231 0.032642 hargrave 2021-06-07 16:42:42 
TT 475 275.0  17.9 275.2  72.7 1.28E-05 003.4 114.6  11.0 0.055736 0.047833 0.030721 hargrave 2021-06-08 14:54:00 
TT 500 273.8  17.4 271.5  72.2 1.21E-05 001.9 113.3  10.8 0.022982 0.027173 0.030911 hargrave 2021-06-09 09:56:56 
TT 515 275.7  17.2 277.4  72.0 1.07E-05 003.8 115.1  10.1 0.045065 0.053812 0.030111 hargrave 2021-06-09 18:32:56 
TT 530 278.7  17.4 286.6  71.9 1.04E-05 006.6 117.9  09.5 0.079584 0.088669 0.040115 hargrave 2021-06-10 19:20:57 
TT 540 270.0  14.6 261.6  68.9 9.12E-06 003.4 108.9  09.2 0.029280 0.052813 0.025040 hargrave 2021-06-14 16:57:16 
TT 550 277.7  14.9 282.7  69.5 7.23E-06 004.2 116.2  07.3 0.022387 0.059907 0.025737 hargrave 2021-06-15 16:12:52 
TT 560 281.6  15.2 293.3  69.1 5.56E-06 004.9 120.0  06.6 0.013172 0.066209 0.027894 hargrave 2021-06-16 17:41:42 
TT 565 288.7  19.4 316.1  70.0 3.94E-06 009.7 127.7  08.8 0.016920 0.079905 0.034065 hargrave 2021-06-17 17:42:42 
TT 565 290.7  25.0 332.4  73.0 3.35E-06 004.4 131.0  13.7 0.007648 0.033742 0.003069 hargrave 2021-06-18 10:10:04 
TT 568 318.7  35.5  18.5  54.6 2.56E-06 020.6 157.8  19.0 0.006795 0.096464 0.019941 hargrave 2021-06-18 15:44:44 
TT 568 337.9  51.3  45.3  43.0 2.26E-06 010.9 174.9  33.4 0.004542 0.043216 0.004749 hargrave 2021-06-21 10:20:28 
TT 571 290.3  35.3   9.8  77.4 3.03E-06 012.9 133.5  23.8 0.009690 0.071837 0.024538 hargrave 2021-06-21 15:50:57 
TT 571 288.3  36.4  15.1  79.1 3.14E-06 010.3 132.1  25.3 0.028460 0.053046 0.005224 hargrave 2021-06-22 09:21:59 
TT 574 026.1  43.6  51.5  10.6 2.00E-06 021.8 213.3  29.2 0.013687 0.083072 0.022707 hargrave 2021-07-07 17:40:24 
TT 576 304.3  25.7 352.4  63.1 3.46E-06 009.2 143.4  11.6 0.009308 0.062484 0.023441 hargrave 2021-07-08 19:19:01 
TT 576 311.1  42.6  30.8  61.1 2.71E-06 005.4 152.7  27.0 0.007164 0.015098 0.022189 hargrave 2021-07-09 11:24:43 
TT 579 330.6  12.8 355.3  35.2 2.09E-06 024.6 166.2 -04.6 0.008638 0.098106 0.002509 hargrave 2021-07-09 18:47:02 
TT 579 047.1  01.7  33.9 -32.1 1.78E-06 009.8 243.0 -06.6 0.016118 0.036883 0.001674 hargrave 2021-07-19 11:03:26 
TT 579 045.1  02.2  32.7 -30.3 1.73E-06 008.6 241.0 -06.7 0.014201 0.029081 0.001922 hargrave 2021-07-19 11:10:47 
TT 582 334.1  17.2   2.1  34.8 3.33E-06 018.9 169.9 -00.5 0.007840 0.113982 0.021092 hargrave 2021-07-19 18:19:00 
TT 582 340.8  21.5  10.3  31.4 3.19E-06 013.9 176.3  03.6 0.008061 0.078455 0.006328 hargrave 2021-07-19 19:20:31 
TT 585 354.3  17.9  14.0  18.7 3.97E-06 012.7 189.1  00.1 0.009783 0.086048 0.026764 hargrave 2021-07-21 09:36:20 
TT 585 355.7  20.5  17.1  18.9 3.81E-06 007.5 190.3  02.8 0.009160 0.050723 0.003522 hargrave 2021-07-21 10:29:29 
