CS12- 6 mag compass orientation (IGRF corrected)
    1.3 146.0  41.0   4.9  54.8   1.0
NRM    348.5 -02.2 353.5  12.0 2.69E-04 001.6 288.7  12.8 0.265727 0.187470 0.686213 hargrave 2021-04-26 15:26:39 
TT 100 341.3 -02.7 348.5  17.4 2.09E-04 003.4 283.4  07.9 1.084869 0.297547 0.530963 hargrave 2021-04-28 15:50:37 
TT 150 338.3 -03.3 346.1  19.4 1.78E-04 002.4 281.4  05.5 0.550603 0.137586 0.491047 hargrave 2021-05-20 15:13:28 
TT 200 336.7 -04.0 344.4  20.2 1.49E-04 001.7 280.7  04.0 0.146867 0.062255 0.406807 hargrave 2021-05-21 10:11:55 
TT 250 333.9 -03.2 343.1  22.8 1.08E-04 001.6 278.0  02.8 0.121993 0.043451 0.281583 hargrave 2021-05-21 16:29:47 
TT 300 320.8  02.8 338.2  36.6 6.22E-05 001.5 264.3 -01.3 0.073532 0.022403 0.143627 hargrave 2021-05-27 13:42:28 
TT 350 310.6  07.2 332.9  46.9 4.37E-05 001.4 253.6 -04.5 0.072620 0.035925 0.080665 hargrave 2021-05-28 10:00:09 
TT 375 304.3  09.9 328.7  53.2 3.92E-05 002.0 247.0 -06.3 0.115388 0.040356 0.065328 hargrave 2021-05-28 17:44:47 
TT 400 302.9  09.5 326.5  53.8 3.57E-05 004.4 246.2 -07.4 0.251916 0.100016 0.063234 hargrave 2021-05-31 18:22:57 
TT 400 303.2  09.2 326.5  53.4 3.58E-05 004.9 246.7 -07.5 0.280664 0.113353 0.065376 hargrave 2021-05-31 20:10:21 
TT 425 304.5  08.5 327.4  52.0 3.32E-05 001.8 248.1 -07.2 0.074022 0.046060 0.057705 hargrave 2021-06-01 15:22:45 
TT 425 305.0  08.2 327.7  51.4 3.32E-05 001.4 248.6 -07.2 0.050459 0.035629 0.059493 hargrave 2021-06-01 17:07:03 
TT 450 300.2  10.7 324.3  56.4 3.14E-05 006.2 243.3 -08.1 0.306370 0.144375 0.048272 hargrave 2021-06-07 16:51:43 
TT 475 300.0  09.2 322.3  55.3 2.93E-05 002.1 244.1 -09.4 0.082624 0.057307 0.044713 hargrave 2021-06-08 15:03:07 
TT 500 298.9  11.2 323.0  57.6 2.61E-05 005.4 242.0 -08.4 0.211336 0.125693 0.034522 hargrave 2021-06-09 10:05:58 
TT 515 299.9  09.6 322.6  55.7 2.23E-05 003.2 243.8 -09.1 0.109344 0.069013 0.035507 hargrave 2021-06-09 18:41:12 
TT 530 302.9  16.7 335.6  58.9 8.78E-06 007.2 241.8 -01.7 0.089929 0.064328 0.023467 hargrave 2021-06-10 19:29:13 
TT 540 306.2  16.0 338.5  56.1 6.52E-06 001.6 244.8 -00.3 0.022695 0.015560 0.010197 hargrave 2021-06-14 17:04:24 
TT 550 316.1  23.6 358.3  52.6 3.78E-06 009.0 247.1  11.4 0.044210 0.046072 0.009463 hargrave 2021-06-15 16:21:06 
TT 550 315.0  23.4 357.2  53.4 3.94E-06 003.9 246.5  10.6 0.021013 0.018171 0.006809 hargrave 2021-06-15 18:24:10 
TT 560 317.0  19.0 352.6  49.5 2.76E-06 006.0 250.8  08.6 0.016716 0.036561 0.006097 hargrave 2021-06-16 17:49:53 
TT 565 347.0  03.5 357.3  16.6 3.12E-06 005.0 283.8  16.3 0.017052 0.033679 0.015573 hargrave 2021-06-17 17:52:31 
TT 565 351.1 -01.1 355.9  10.6 3.49E-06 002.7 290.2  15.3 0.009622 0.010611 0.011407 hargrave 2021-06-18 10:57:42 
TT 568 292.1  49.0  57.7  71.3 1.34E-06 018.0 215.2  19.3 0.011216 0.045191 0.005811 hargrave 2021-06-18 15:51:26 
TT 568 327.3  32.2  16.5  46.8 1.62E-06 004.4 248.3  24.5 0.004459 0.024866 0.005736 hargrave 2021-06-21 10:23:50 
TT 571 309.0  24.5 354.3  58.7 2.07E-06 009.7 241.5  08.0 0.012648 0.050556 0.006630 hargrave 2021-06-21 15:58:36 
TT 571 312.1  26.0 359.2  56.9 1.82E-06 006.7 242.7  10.9 0.017005 0.014428 0.004891 hargrave 2021-06-22 09:26:50 
TT 574 337.8  05.5 353.2  25.2 3.03E-06 001.3 275.3  11.8 0.007778 0.047521 0.009714 hargrave 2021-07-07 17:48:05 
