CS12- 4 sun compass orientation
   41.5 211.9  23.0   4.9  54.8   1.0
NRM    212.7 -14.3 213.2  13.1 8.80E-05 045.5 085.1 -13.4 0.793058 9.112721 2.184902 hargrave 2021-04-26 15:23:30 
NRM    207.2 -16.7 211.5   7.5 1.76E-04 000.9 079.0 -13.5 0.160179 0.206103 0.192650 hargrave 2021-04-26 16:01:32 
TT 100 208.5 -18.4 213.6   7.4 1.63E-04 003.4 079.5 -15.6 0.922376 0.296611 0.179258 hargrave 2021-04-28 15:47:26 
TT 150 211.1 -17.9 214.9   9.6 1.50E-04 002.8 082.1 -16.1 0.706105 0.171657 0.199115 hargrave 2021-05-20 15:10:18 
TT 200 210.8 -18.9 215.5   8.7 1.36E-04 003.1 081.3 -17.0 0.691933 0.194534 0.143363 hargrave 2021-05-21 10:08:07 
TT 250 213.9 -18.3 217.0  11.3 1.21E-04 003.4 084.4 -17.6 0.703466 0.164517 0.113639 hargrave 2021-05-21 16:26:37 
TT 300 211.8 -19.9 216.9   8.7 8.99E-05 003.0 081.8 -18.2 0.472621 0.055974 0.075182 hargrave 2021-05-27 13:39:19 
TT 350 212.5 -21.4 218.4   8.2 6.28E-05 001.2 081.8 -19.9 0.122656 0.045972 0.052986 hargrave 2021-05-28 09:56:11 
TT 375 217.4 -20.3 220.9  12.2 5.20E-05 002.0 086.7 -20.8 0.181145 0.038282 0.043510 hargrave 2021-05-28 17:40:50 
TT 400 219.7 -20.0 222.2  14.0 4.45E-05 004.1 089.0 -21.4 0.314790 0.039542 0.035975 hargrave 2021-05-31 18:19:47 
TT 400 219.7 -20.0 222.2  14.0 4.45E-05 004.1 089.0 -21.4 0.314799 0.041111 0.035001 hargrave 2021-05-31 20:06:24 
TT 425 221.2 -20.5 223.6  14.6 3.79E-05 002.5 090.1 -22.4 0.160308 0.048134 0.030372 hargrave 2021-06-01 15:18:47 
TT 425 221.1 -20.5 223.6  14.5 3.79E-05 002.6 090.1 -22.4 0.165765 0.030959 0.030135 hargrave 2021-06-01 17:03:04 
TT 450 224.6 -19.3 225.3  17.6 3.20E-05 000.8 093.9 -22.7 0.028586 0.032830 0.031721 hargrave 2021-06-07 16:47:46 
TT 475 227.2 -19.4 227.3  19.1 2.74E-05 001.5 096.2 -23.7 0.066489 0.023412 0.020675 hargrave 2021-06-08 14:59:07 
TT 500 234.5 -13.9 229.6  27.7 2.29E-05 001.1 105.5 -21.5 0.036845 0.043836 0.021149 hargrave 2021-06-09 10:02:01 
TT 515 236.9 -12.4 230.7  30.3 1.95E-05 005.5 108.5 -21.0 0.179879 0.057873 0.013024 hargrave 2021-06-09 18:38:01 
TT 530 244.8 -17.0 241.1  30.5 1.47E-05 001.8 114.4 -28.2 0.040386 0.025644 0.017772 hargrave 2021-06-10 19:26:03 
TT 540 238.3 -07.0 228.3  35.5 1.24E-05 002.1 111.9 -16.6 0.034720 0.036464 0.028462 hargrave 2021-06-14 17:01:40 
TT 550 244.0 -00.2 229.0  44.4 9.89E-06 003.7 120.0 -12.2 0.042697 0.052304 0.024253 hargrave 2021-06-15 16:17:57 
TT 560 239.6  08.5 216.0  48.1 6.39E-06 002.4 118.7 -02.5 0.014061 0.021573 0.022916 hargrave 2021-06-16 17:46:46 
TT 565 254.8  11.8 232.1  60.3 6.20E-06 001.3 134.0 -04.1 0.015809 0.021004 0.007116 hargrave 2021-06-17 17:47:46 
TT 568 254.4  43.7 150.4  72.1 3.17E-06 005.5 143.5  26.4 0.015829 0.012756 0.025378 hargrave 2021-06-18 15:49:43 
TT 571 235.7  46.8 151.1  58.6 2.65E-06 004.4 130.7  34.3 0.007549 0.025782 0.003887 hargrave 2021-06-21 15:56:57 
TT 574 243.5  46.4 149.8  64.0 3.16E-06 004.1 136.4  31.7 0.005552 0.028686 0.002025 hargrave 2021-07-07 17:46:25 
TT 576 285.2  50.2  71.5  73.2 2.53E-06 005.4 168.0  27.9 0.004461 0.024206 0.003859 hargrave 2021-07-08 19:21:36 
TT 579 209.0  37.7 161.4  38.1 2.86E-06 004.6 104.4  35.3 0.005509 0.035505 0.002192 hargrave 2021-07-09 18:50:45 
TT 582 262.9  31.1 203.7  79.2 2.97E-06 009.9 146.5  12.5 0.010964 0.055613 0.004842 hargrave 2021-07-19 18:23:31 
TT 582 261.0  31.8 197.3  77.9 2.91E-06 005.2 145.1  13.6 0.006541 0.029753 0.005920 hargrave 2021-07-19 19:23:47 
TT 585 347.1  40.1  33.2  34.2 2.89E-06 003.9 216.0  22.4 0.009982 0.025636 0.003185 hargrave 2021-07-21 09:40:51 
TT 588 295.7  34.1   7.2  72.9 3.71E-06 003.2 174.8  11.2 0.009730 0.020831 0.002709 hargrave 2021-07-22 15:20:28 
TT 598 249.1  53.5 131.5  64.3 3.11E-06 006.9 143.7  36.8 0.036735 0.010044 0.013419 hargrave 2021-07-23 14:37:50 
TT 610 348.5  32.0  24.8  30.1 2.78E-06 004.4 219.6  15.1 0.014130 0.036081 0.006626 hargrave 2021-07-26 18:30:00 
TT 628 213.6  22.2 181.2  35.5 6.56E-06 004.8 100.6  19.6 0.048695 0.043614 0.020989 hargrave 2021-08-03 16:52:29 
TT 640 340.8  25.2  14.2  33.2 1.00E-05 002.0 214.9  06.7 0.019990 0.040408 0.013118 hargrave 2021-08-06 11:31:02 
TT 650 026.1  27.8  39.3   0.4 9.40E-06 003.1 253.3  23.2 0.046443 0.014035 0.020043 hargrave 2021-08-08 13:21:16 
TT 660 304.0  39.1  23.2  66.6 1.11E-05 004.0 181.7  16.1 0.048719 0.076873 0.007991 hargrave 2021-08-10 10:37:43 
TT 665 018.4  02.1  14.5  -9.8 1.42E-05 002.3 256.8 -03.3 0.038814 0.108031 0.042241 hargrave 2021-09-24 15:58:10 
