CS12- 5 sun compass orientation
   0.05  96.4  29.0   4.9  54.8   1.0
NRM    328.8  24.7   7.5  42.7 7.09E-06 003.7 307.6  45.6 0.033742 0.035905 0.005583 hargrave 2021-04-26 15:25:06 
TT 100 311.9  06.8 333.8  45.7 3.97E-06 006.1 299.0  22.6 0.028546 0.033649 0.022851 hargrave 2021-04-28 15:49:02 
TT 150 307.0  08.2 330.0  50.1 3.51E-06 005.1 293.5  21.7 0.026465 0.031533 0.015739 hargrave 2021-05-20 15:11:55 
TT 200 304.7 -02.2 318.0  43.3 2.98E-06 005.6 296.1  11.3 0.026185 0.031204 0.003423 hargrave 2021-05-21 10:10:23 
TT 250 302.4 -00.9 316.3  45.7 2.74E-06 007.3 293.5  11.5 0.023611 0.030492 0.024665 hargrave 2021-05-21 16:28:13 
TT 300 296.4 -02.6 307.5  47.2 2.46E-06 008.1 288.9  07.3 0.025043 0.028770 0.024622 hargrave 2021-05-27 13:40:55 
TT 300 298.1 -07.7 306.5  41.8 2.39E-06 002.0 292.8  03.5 0.006112 0.003395 0.005950 hargrave 2021-05-27 15:38:18 
TT 350 290.6 -01.3 300.2  50.7 2.11E-06 002.1 283.1  05.7 0.006807 0.004402 0.002467 hargrave 2021-05-28 09:58:36 
TT 375 285.5 -07.8 290.1  45.9 1.93E-06 003.5 281.7 -02.5 0.011100 0.003447 0.003869 hargrave 2021-05-28 17:43:14 
TT 400 286.9 -05.3 292.9  48.0 1.92E-06 007.8 281.7  00.4 0.009868 0.003378 0.024588 hargrave 2021-05-31 18:21:23 
TT 400 284.9 -10.5 288.5  43.3 1.92E-06 003.8 282.5 -05.1 0.012518 0.003499 0.002271 hargrave 2021-05-31 20:08:48 
TT 425 278.7 -15.2 279.7  39.5 1.78E-06 002.4 279.5 -12.2 0.004404 0.004859 0.004819 hargrave 2021-06-01 15:21:12 
TT 425 278.1 -15.1 278.9  39.6 1.78E-06 002.5 278.9 -12.4 0.005810 0.005153 0.003986 hargrave 2021-06-01 17:05:29 
TT 450 281.5 -15.2 283.1  39.2 1.65E-06 001.4 281.9 -10.8 0.003468 0.004573 0.001518 hargrave 2021-06-07 16:50:10 
TT 475 291.7 -16.7 294.8  35.7 1.58E-06 003.8 291.3 -07.4 0.010855 0.004209 0.003650 hargrave 2021-06-08 15:01:33 
TT 500 275.7 -18.8 275.8  36.0 1.22E-06 004.0 278.7 -16.8 0.007638 0.008104 0.002951 hargrave 2021-06-09 10:04:25 
TT 515 281.8 -29.3 281.5  25.2 1.26E-06 003.2 289.6 -22.8 0.006885 0.011698 0.001388 hargrave 2021-06-09 18:39:38 
TT 530 247.0 -18.5 244.0  30.1 1.13E-06 012.2 253.0 -30.2 0.014099 0.024884 0.003185 hargrave 2021-06-10 19:27:40 
TT 530 251.3 -18.7 248.5  31.6 1.32E-06 004.8 257.2 -28.4 0.007913 0.008272 0.003677 hargrave 2021-06-11 09:19:52 
TT 540 253.4  05.5 236.2  54.3 3.78E-07 024.0 247.2 -06.0 0.005157 0.021303 0.003967 hargrave 2021-06-14 17:03:03 
TT 540 255.6  03.6 241.0  53.7 4.05E-07 005.0 249.9 -06.7 0.002215 0.002150 0.002709 hargrave 2021-06-14 17:48:27 
TT 550 256.1 -26.2 256.1  26.1 9.54E-07 010.9 266.0 -32.4 0.010424 0.022994 0.003834 hargrave 2021-06-15 16:19:33 
TT 550 255.2 -19.2 252.7  32.5 1.02E-06 006.9 261.0 -26.9 0.006875 0.014214 0.003783 hargrave 2021-06-15 18:22:37 
TT 560 016.3 -07.1   5.6 -13.4 1.89E-07 058.3 010.6  21.4 0.004249 0.030415 0.004676 hargrave 2021-06-16 17:48:20 
TT 560 325.4 -23.8 321.6  14.1 4.09E-07 016.5 323.1 -01.0 0.002621 0.014894 0.001059 hargrave 2021-06-17 10:40:09 
TT 560 332.6 -27.0 324.3   7.3 3.60E-07 011.1 330.3 -02.2 0.005498 0.008809 0.002950 hargrave 2021-06-17 11:54:52 
TT 565 120.2 -31.4 181.9 -68.6 4.29E-07 036.9 093.5 -38.5 0.004025 0.032055 0.010621 hargrave 2021-06-17 17:50:58 
TT 565 300.9 -76.3 281.4 -22.7 3.87E-07 027.7 338.8 -53.3 0.002394 0.020549 0.001617 hargrave 2021-06-18 10:11:50 
