CS13- 6 sun compass orientation
   0.85  96.6  81.0 326.0  82.9   1.0
NRM    299.0  42.7  10.0  24.5 2.46E-04 000.6 227.3  22.5 0.135504 0.137443 0.202697 hargrave 2021-04-26 15:45:10 
TT 100 281.8  26.8 356.1  42.3 1.92E-04 000.9 244.1  08.7 0.209406 0.160031 0.134719 hargrave 2021-04-28 16:07:44 
TT 150 280.4  23.9 352.7  44.3 1.88E-04 000.5 246.8  07.1 0.089344 0.040425 0.135576 hargrave 2021-05-20 15:31:55 
TT 200 278.5  19.8 347.5  46.9 1.83E-04 001.2 250.6  04.8 0.323246 0.141206 0.125102 hargrave 2021-05-21 10:27:14 
TT 250 277.8  21.6 350.3  47.2 1.63E-04 002.1 248.8  04.4 0.545925 0.162879 0.137785 hargrave 2021-05-21 16:45:52 
TT 300 278.9  13.1 337.7  47.4 1.28E-04 001.3 257.4  04.2 0.251265 0.080004 0.103311 hargrave 2021-05-27 13:59:20 
TT 350 276.5  17.7 344.9  49.2 1.10E-04 007.4 252.5  02.6 1.347558 0.450816 0.091385 hargrave 2021-05-28 10:17:01 
TT 375 277.7  14.8 340.3  48.4 9.85E-05 003.2 255.5  03.4 0.529281 0.171278 0.073886 hargrave 2021-05-28 18:01:37 
TT 400 278.0  17.2 343.8  47.8 8.70E-05 002.1 253.2  04.0 0.301260 0.102702 0.069537 hargrave 2021-05-31 18:38:59 
TT 400 278.0  17.2 343.8  47.8 8.71E-05 002.2 253.2  04.0 0.310654 0.098615 0.071661 hargrave 2021-05-31 20:27:09 
TT 425 278.4  13.6 338.4  47.8 7.87E-05 001.6 256.8  03.9 0.210991 0.047840 0.072182 hargrave 2021-06-01 15:38:47 
TT 425 278.4  13.8 338.7  47.8 7.87E-05 001.8 256.6  03.9 0.243625 0.048125 0.072534 hargrave 2021-06-01 17:23:10 
TT 450 278.4  13.0 337.6  47.9 7.40E-05 000.8 257.4  03.7 0.101855 0.056264 0.055178 hargrave 2021-06-07 17:08:31 
TT 475 276.8  15.4 341.4  49.2 7.00E-05 000.8 254.9  02.6 0.088906 0.076860 0.061971 hargrave 2021-06-08 15:19:18 
TT 500 278.8  15.5 341.2  47.3 6.88E-05 001.4 255.0  04.5 0.140558 0.104978 0.057009 hargrave 2021-06-09 10:22:50 
TT 515 276.7  15.0 340.8  49.3 6.64E-05 000.8 255.2  02.4 0.090964 0.070782 0.063314 hargrave 2021-06-09 18:57:13 
TT 530 278.6  12.5 336.8  47.7 6.20E-05 003.9 258.0  03.8 0.402767 0.143875 0.045904 hargrave 2021-06-10 19:45:15 
TT 540 273.9  10.5 334.0  52.4 5.65E-05 002.5 259.2 -00.9 0.219283 0.122475 0.043901 hargrave 2021-06-14 17:19:01 
TT 550 277.2 -00.4 317.4  48.2 4.78E-05 002.7 270.5  00.5 0.221814 0.076168 0.038390 hargrave 2021-06-15 16:38:44 
TT 560 274.7 -03.2 312.3  50.0 3.99E-05 001.7 272.8 -02.4 0.116462 0.079889 0.030908 hargrave 2021-06-16 18:06:42 
TT 565 272.7 -08.4 303.7  50.3 2.86E-05 003.2 277.7 -05.2 0.170915 0.079127 0.026677 hargrave 2021-06-17 18:08:33 
TT 568 262.5  14.5 344.1  63.0 1.67E-05 003.0 253.2 -11.1 0.057292 0.107120 0.024741 hargrave 2021-06-18 16:06:04 
TT 571 267.4  00.4 315.3  58.0 1.86E-05 004.1 268.2 -09.1 0.127490 0.096652 0.015436 hargrave 2021-06-21 16:12:24 
TT 574 282.1 -00.4 318.7  43.4 1.57E-05 005.3 271.3  05.4 0.145522 0.093689 0.026165 hargrave 2021-07-07 18:02:44 
TT 576 259.8 -13.9 284.4  58.4 2.42E-05 003.3 281.7 -18.3 0.149434 0.118178 0.023270 hargrave 2021-07-08 19:31:02 
TT 579 278.8 -01.4 316.4  46.5 1.62E-05 002.4 271.7  02.0 0.063281 0.143138 0.028225 hargrave 2021-07-09 18:59:35 
TT 582 264.2 -03.8 305.7  59.8 1.48E-05 003.6 271.9 -12.8 0.065709 0.144239 0.034243 hargrave 2021-07-19 18:32:45 
TT 585 267.8 -00.3 314.2  57.4 1.60E-05 003.0 268.9 -08.7 0.060386 0.137447 0.038432 hargrave 2021-07-21 09:50:04 
TT 588 259.3  22.0   2.0  63.0 1.84E-05 004.2 245.0 -12.4 0.080467 0.138945 0.022978 hargrave 2021-07-22 15:29:39 
TT 598 274.2 -07.1 306.4  49.3 1.80E-05 004.2 276.7 -03.4 0.132615 0.039720 0.023127 hargrave 2021-07-23 14:45:28 
TT 610 254.2  01.2 308.8  70.9 1.61E-05 004.9 265.0 -21.9 0.092694 0.143137 0.057897 hargrave 2021-07-26 18:37:39 
TT 628 046.9  60.2  51.1 -22.3 1.10E-05 007.4 158.0  30.7 0.077756 0.138349 0.040283 hargrave 2021-08-03 17:00:14 
TT 640 271.3 -27.2 279.4  41.6 3.44E-05 003.8 296.4 -08.8 0.227456 0.124134 0.128888 hargrave 2021-08-06 11:38:09 
TT 650 065.1  00.2 107.6 -78.4 1.53E-05 006.5 084.8  31.1 0.173105 0.048235 0.012266 hargrave 2021-08-08 13:29:45 
TT 660 077.8 -21.8 183.2 -64.3 2.63E-05 004.3 064.8  13.7 0.195444 0.105702 0.040879 hargrave 2021-08-10 10:45:12 
TT 665 267.8 -06.9 302.9  55.3 5.13E-05 003.1 275.6 -09.7 0.054916 0.543910 0.186338 hargrave 2021-09-24 16:07:17 
