CS13- 8 sun compass orientation
    5.5  91.2  39.0 326.0  82.9   1.0
NRM    007.1  55.1  29.4 -15.8 7.83E-04 000.6 141.3  84.6 0.471193 0.723294 0.112592 hargrave 2021-04-26 15:48:28 
TT 100 009.6  54.3  29.7 -17.4 5.73E-04 000.3 126.0  84.0 0.214420 0.200718 0.101765 hargrave 2021-04-28 16:11:01 
TT 150 011.7  54.1  30.4 -18.4 5.27E-04 000.4 120.2  82.9 0.305540 0.150481 0.083373 hargrave 2021-05-20 15:35:16 
TT 200 011.5  53.5  29.9 -18.8 4.82E-04 000.4 115.6  83.3 0.170172 0.247384 0.077202 hargrave 2021-05-21 10:30:25 
TT 250 018.3  52.5  32.3 -22.3 4.46E-04 000.6 104.7  79.4 0.319345 0.310442 0.081042 hargrave 2021-05-21 16:49:09 
TT 300 026.9  52.0  36.6 -25.9 4.39E-04 000.5 103.7  74.0 0.158699 0.305393 0.105272 hargrave 2021-05-27 14:02:37 
TT 350 032.7  49.0  38.5 -30.3 4.26E-04 000.3 096.6  69.8 0.137326 0.185303 0.126010 hargrave 2021-05-28 10:20:18 
TT 375 036.0  48.8  40.7 -31.4 4.30E-04 000.5 098.1  67.7 0.167269 0.319739 0.130250 hargrave 2021-05-28 18:04:54 
TT 400 038.9  48.9  42.8 -32.0 4.37E-04 001.2 099.9  65.9 0.911065 0.203931 0.144363 hargrave 2021-05-31 18:42:16 
TT 400 038.9  49.0  42.9 -31.9 4.37E-04 001.1 100.2  66.0 0.821398 0.242498 0.143863 hargrave 2021-05-31 20:30:28 
TT 425 039.8  45.6  42.2 -35.3 4.27E-04 000.7 093.3  64.1 0.442320 0.282509 0.146040 hargrave 2021-06-01 15:42:05 
TT 425 039.8  45.7  42.2 -35.2 4.27E-04 000.7 093.5  64.1 0.383901 0.312746 0.145722 hargrave 2021-06-01 17:26:28 
TT 450 041.0  45.1  42.9 -36.1 4.32E-04 001.3 093.2  63.1 0.954877 0.238044 0.150635 hargrave 2021-06-07 17:11:49 
TT 475 043.4  46.0  45.2 -35.7 4.06E-04 000.6 096.5  62.0 0.128577 0.382341 0.152264 hargrave 2021-06-08 15:22:38 
TT 500 033.2 -28.3 278.7 -59.8 1.14E-02 001.9 028.0  05.8 21.12285 26.85670 24.28638 hargrave 2021-06-09 10:26:09 
TT 515 034.1 -28.4 277.5 -60.3 1.01E-02 002.4 028.7  05.5 14.49879 38.31456 22.66405 hargrave 2021-06-09 19:00:30 
TT 530 030.2 -29.4 280.2 -57.0 8.62E-03 005.6 025.1  05.7 35.88546 74.13139 20.46100 hargrave 2021-06-10 19:48:33 
TT 540 028.5 -29.8 281.2 -55.6 7.60E-03 001.6 023.5  05.7 8.382495 16.29926 15.66654 hargrave 2021-06-14 17:21:49 
TT 550 034.3 -27.6 278.5 -61.0 6.49E-03 001.5 029.2  06.1 9.249890 10.31007 16.13244 hargrave 2021-06-15 16:42:03 
TT 560 031.9 -30.6 276.7 -57.4 4.14E-03 004.7 026.2  04.0 16.52128 28.76464 9.197179 hargrave 2021-06-16 18:09:59 
TT 565 033.3 -29.0 277.5 -59.4 2.85E-03 002.6 027.8  05.2 7.114798 9.897088 6.454282 hargrave 2021-06-17 18:11:50 
TT 568 033.8 -30.8 274.4 -58.5 1.35E-03 002.5 027.6  03.3 2.829571 4.655365 3.159187 hargrave 2021-06-18 16:09:40 
TT 571 023.5 -39.4 273.1 -46.5 6.11E-04 005.1 017.1 -02.5 1.955324 5.141007 1.221694 hargrave 2021-06-21 16:15:49 
TT 574 014.6 -38.4 279.6 -41.3 1.97E-04 002.9 010.4 -00.2 0.291445 0.938920 0.421994 hargrave 2021-07-07 18:06:10 
TT 576 355.8 -52.6 271.1 -23.4 1.26E-04 001.8 356.6 -13.7 0.187612 0.279978 0.252921 hargrave 2021-07-08 19:33:37 
TT 579 327.9 -57.8 268.5  -7.0 9.40E-05 002.4 341.6 -22.1 0.103549 0.378446 0.156729 hargrave 2021-07-09 19:02:00 
TT 582 315.0 -61.2 264.2  -1.0 9.20E-05 001.6 336.8 -28.1 0.268583 0.095028 0.157125 hargrave 2021-07-19 18:35:49 
TT 585 278.9 -51.4 263.0  20.9 8.58E-05 001.9 312.0 -33.7 0.074128 0.287175 0.103385 hargrave 2021-07-21 09:53:04 
