CS13- 3 sun compass orientation
   0.35  16.7  40.0 326.0  82.9   1.0
NRM    346.4  63.4  31.2  -2.5 6.27E-06 004.2 136.1  56.1 0.036061 0.024186 0.026114 hargrave 2021-04-26 15:38:59 
TT 100 316.0  51.9  17.6  11.7 2.92E-06 002.0 107.1  71.6 0.003926 0.002783 0.023361 hargrave 2021-04-28 16:01:19 
TT 150 318.4  52.1  17.8  10.3 2.35E-06 001.2 108.5  70.1 0.002845 0.004270 0.000611 hargrave 2021-05-20 15:26:33 
TT 200 316.5  49.3  15.0  11.6 1.95E-06 001.7 099.5  70.8 0.005492 0.002968 0.001715 hargrave 2021-05-21 10:22:09 
TT 250 315.2  47.3  13.0  12.5 1.88E-06 002.5 092.9  71.1 0.003689 0.002163 0.022356 hargrave 2021-05-21 16:40:29 
TT 300 310.2  46.6  12.5  16.0 1.57E-06 003.4 086.6  74.1 0.003409 0.003539 0.023599 hargrave 2021-05-27 13:53:58 
TT 350 175.2 -01.5 151.6  28.7 1.47E-04 001.2 254.2 -14.8 0.077153 0.116830 0.269922 hargrave 2021-05-28 10:11:37 
TT 350 174.2 -02.5 152.6  27.6 7.34E-05 033.3 254.0 -16.3 2.075654 7.217755 2.061508 hargrave 2021-05-28 10:49:29 
TT 350 301.7  48.4  15.5  21.3 1.47E-06 003.8 086.7  80.1 0.007655 0.002651 0.024562 hargrave 2021-05-28 11:01:51 
TT 375 302.0  47.0  14.0  21.4 1.41E-06 003.1 079.5  79.4 0.005037 0.003045 0.022275 hargrave 2021-05-28 17:56:16 
TT 400 307.1  47.6  13.9  17.9 1.25E-06 003.4 087.7  76.4 0.003237 0.002818 0.021572 hargrave 2021-05-31 18:33:38 
TT 400 307.0  47.7  14.0  18.0 1.25E-06 003.4 088.1  76.5 0.002997 0.002818 0.021237 hargrave 2021-05-31 20:21:49 
TT 425 302.2  45.6  12.5  21.6 1.17E-06 004.0 072.9  78.7 0.003856 0.004076 0.022286 hargrave 2021-06-01 15:33:27 
TT 425 302.1  45.6  12.5  21.7 1.15E-06 004.1 072.8  78.8 0.003773 0.004437 0.021140 hargrave 2021-06-01 17:17:49 
TT 450 303.1  44.8  11.5  21.2 1.15E-06 006.1 071.2  77.8 0.004256 0.008175 0.021114 hargrave 2021-06-07 17:03:11 
TT 475 297.2  51.6  19.7  23.2 1.35E-06 008.5 107.4  83.2 0.007819 0.016960 0.018790 hargrave 2021-06-08 15:13:54 
TT 475 294.0  50.9  19.7  25.3 1.16E-06 004.3 103.7  85.2 0.005014 0.007229 0.001366 hargrave 2021-06-08 15:56:50 
TT 500 299.6  56.8  24.5  20.2 1.65E-06 008.2 136.7  79.8 0.015178 0.015651 0.017618 hargrave 2021-06-09 10:17:27 
TT 515 273.9  43.6  20.1  40.7 1.83E-06 010.2 301.1  79.2 0.014281 0.032441 0.017584 hargrave 2021-06-09 18:51:53 
TT 515 252.0  33.5  28.9  59.7 1.81E-06 006.2 289.7  59.7 0.017970 0.009553 0.003038 hargrave 2021-06-10 09:00:26 
TT 530 221.0  78.4  59.1  18.3 8.51E-07 033.3 198.0  53.5 0.006845 0.053216 0.023832 hargrave 2021-06-10 19:39:54 
TT 530 205.0  31.0 102.4  52.4 1.09E-06 007.1 254.4  28.4 0.007747 0.019548 0.004174 hargrave 2021-06-11 09:21:38 
TT 540 297.4  48.7  16.6  24.0 1.70E-06 014.7 083.6  82.9 0.010700 0.042072 0.017603 hargrave 2021-06-14 17:13:44 
TT 540 292.4  46.8  15.9  27.8 1.95E-06 005.1 051.7  85.1 0.008468 0.014824 0.016333 hargrave 2021-06-14 17:52:09 
TT 550 268.2  25.0 359.9  54.4 2.36E-06 007.6 323.4  61.2 0.018114 0.038109 0.035517 hargrave 2021-06-15 16:32:35 
TT 560 183.6  48.2  93.4  29.7 1.66E-06 014.6 227.5  28.3 0.008993 0.047884 0.004307 hargrave 2021-06-16 18:01:22 
TT 560 198.3  32.0 105.5  47.0 1.81E-06 006.0 249.2  24.9 0.005646 0.033165 0.003984 hargrave 2021-06-17 10:41:55 
TT 565 336.7  74.2  40.4   3.9 1.03E-06 028.9 156.8  58.2 0.010878 0.058157 0.012538 hargrave 2021-06-17 18:03:12 
TT 565 254.8  62.9  46.0  32.5 9.76E-07 019.6 221.0  68.5 0.005996 0.034532 0.002837 hargrave 2021-06-18 10:14:56 
