CS13- 1 sun compass orientation
   0.35  82.6  51.0 326.0  82.9   1.0
NRM    287.5  27.4 355.2  37.3 2.57E-04 001.9 261.3  35.4 0.560193 0.350629 0.545972 hargrave 2021-04-26 15:35:27 
TT 100 273.6  15.9 342.8  52.2 2.30E-04 001.6 264.1  18.4 0.113518 0.231479 0.594180 hargrave 2021-04-28 15:57:47 
TT 150 276.4  06.9 328.3  49.9 2.25E-04 004.8 273.3  15.0 1.749342 0.284391 0.655774 hargrave 2021-05-20 15:21:26 
TT 200 272.2  08.4 330.5  54.1 2.17E-04 003.7 269.4  12.7 1.264933 0.176320 0.620282 hargrave 2021-05-21 10:18:53 
TT 250 273.4  03.4 322.3  52.6 1.93E-04 006.2 274.1  10.5 2.027962 0.051414 0.543430 hargrave 2021-05-21 16:36:56 
TT 300 269.2  01.4 317.8  56.4 1.66E-04 002.2 273.0  06.0 0.429082 0.077275 0.486144 hargrave 2021-05-27 13:50:26 
TT 350 271.4 -03.1 311.1  53.2 1.41E-04 006.7 277.9  04.9 1.596550 0.180586 0.432499 hargrave 2021-05-28 10:07:18 
TT 375 268.5 -01.1 313.1  56.6 1.27E-04 002.7 274.6  03.9 0.473782 0.101988 0.350763 hargrave 2021-05-28 17:52:44 
TT 400 269.9 -05.0 307.2  54.1 1.16E-04 004.3 278.5  02.5 0.802454 0.155792 0.276899 hargrave 2021-05-31 18:30:06 
TT 400 269.8 -05.0 307.2  54.2 1.16E-04 004.4 278.4  02.4 0.819743 0.167259 0.293628 hargrave 2021-05-31 20:18:18 
TT 425 266.9 -03.3 308.4  57.5 1.12E-04 002.2 275.3  01.2 0.381010 0.084686 0.199192 hargrave 2021-06-01 15:29:55 
TT 425 266.8 -03.2 308.5  57.6 1.12E-04 002.3 275.1  01.2 0.410079 0.089837 0.198577 hargrave 2021-06-01 17:14:16 
TT 450 269.8 -07.5 303.2  53.3 1.09E-04 001.7 280.3  00.8 0.223266 0.073179 0.222595 hargrave 2021-06-07 16:59:39 
TT 475 267.9 -06.0 304.4  55.6 1.06E-04 002.3 278.0  00.3 0.370557 0.096284 0.188556 hargrave 2021-06-08 15:10:20 
TT 500 266.5 -04.5 306.0  57.4 1.02E-04 002.9 275.9  00.1 0.484462 0.133862 0.162455 hargrave 2021-06-09 10:13:55 
TT 515 266.9 -05.9 303.9  56.5 9.74E-05 004.8 277.3 -00.4 0.785818 0.128454 0.167595 hargrave 2021-06-09 18:48:21 
TT 530 268.5 -14.2 292.5  51.4 9.01E-05 003.8 284.7 -04.4 0.557235 0.152014 0.170762 hargrave 2021-06-10 19:36:23 
TT 540 267.0 -16.7 287.9  51.2 8.59E-05 011.4 285.8 -07.1 1.673627 0.417248 0.176846 hargrave 2021-06-14 17:10:41 
TT 540 266.4 -15.8 288.6  52.2 8.74E-05 001.8 284.7 -07.0 0.209270 0.069157 0.165474 hargrave 2021-06-14 17:49:56 
TT 550 266.4 -20.5 282.7  49.3 7.32E-05 001.5 288.5 -09.9 0.119488 0.075198 0.136923 hargrave 2021-06-15 16:29:03 
TT 560 270.1 -28.3 277.4  41.7 5.73E-05 001.4 296.8 -12.1 0.084564 0.068282 0.110961 hargrave 2021-06-16 17:57:01 
TT 565 260.5 -25.8 271.0  49.4 4.45E-05 001.5 289.5 -17.5 0.097514 0.035288 0.085489 hargrave 2021-06-17 17:59:40 
TT 568 264.3 -41.4 261.7  35.0 3.07E-05 001.5 305.2 -23.5 0.042722 0.060023 0.061225 hargrave 2021-06-18 15:57:08 
TT 571 274.7 -36.1 273.3  33.6 3.13E-05 002.6 305.6 -13.9 0.084723 0.111512 0.054544 hargrave 2021-06-21 16:04:35 
TT 574 274.8 -42.4 268.0  29.2 3.03E-05 001.5 310.7 -17.7 0.035458 0.073193 0.035782 hargrave 2021-07-07 17:54:02 
TT 576 262.0 -29.4 269.2  45.8 2.79E-05 002.4 293.3 -18.4 0.127437 0.064363 0.021769 hargrave 2021-07-08 19:25:20 
TT 579 265.3 -28.1 273.5  44.8 2.54E-05 004.0 294.0 -15.3 0.127729 0.152078 0.021105 hargrave 2021-07-09 18:55:46 
TT 582 259.2 -37.0 260.6  40.8 1.74E-05 002.1 298.8 -24.6 0.065274 0.067958 0.018437 hargrave 2021-07-19 18:28:04 
TT 585 248.7 -36.4 250.5  44.9 1.89E-05 002.5 293.5 -31.5 0.079985 0.063452 0.017561 hargrave 2021-07-21 09:45:24 
TT 588 243.6 -09.2 261.0  72.0 1.51E-05 001.8 265.2 -20.5 0.028105 0.092027 0.011454 hargrave 2021-07-22 15:22:58 
TT 598 269.2 -31.9 273.2  39.8 1.33E-05 002.7 299.2 -14.9 0.043652 0.029153 0.048223 hargrave 2021-07-23 14:40:18 
TT 610 250.1 -33.4 253.5  47.3 1.82E-05 003.8 291.1 -29.1 0.129309 0.079978 0.025504 hargrave 2021-07-26 18:32:30 
TT 628 069.5 -14.3 175.6 -74.9 8.46E-06 008.1 070.7  00.9 0.050011 0.126330 0.082052 hargrave 2021-08-03 16:55:02 
TT 628 051.8 -32.9 244.0 -63.9 6.37E-06 004.8 046.1 -00.4 0.030422 0.030744 0.049203 hargrave 2021-08-04 08:59:05 
TT 640 232.1  15.5  80.1  80.8 2.13E-05 004.9 238.2 -12.2 0.120705 0.159111 0.016589 hargrave 2021-08-06 11:33:27 
TT 650 254.2  53.4  41.6  41.4 1.53E-05 007.0 221.0  26.0 0.171361 0.078338 0.056060 hargrave 2021-08-08 13:23:47 
TT 660 103.3  57.3  80.3 -15.0 1.95E-05 004.9 146.8  22.4 0.046083 0.164608 0.071139 hargrave 2021-08-10 10:40:09 
TT 665 264.2 -20.6 280.4  50.8 3.25E-05 003.9 287.3 -11.6 0.047766 0.327221 0.126138 hargrave 2021-09-24 16:01:10 
