CS13- 7 sun compass orientation
    2.5  83.9  18.0 326.0  82.9   1.0
NRM    340.3  62.4  29.3  -0.2 4.87E-04 001.2 324.8  79.1 0.148487 0.975448 0.294092 hargrave 2021-04-26 15:46:52 
TT 100 323.4  62.9  28.7   7.5 3.30E-04 001.3 293.0  75.5 0.502896 0.489887 0.264645 hargrave 2021-04-28 16:09:25 
TT 150 321.1  62.4  28.2   8.6 3.08E-04 001.5 291.1  74.4 0.338814 0.694467 0.282277 hargrave 2021-05-20 15:33:38 
TT 200 316.8  61.8  27.7  10.6 2.78E-04 001.3 286.8  72.7 0.126580 0.577101 0.272590 hargrave 2021-05-21 10:28:50 
TT 250 316.1  61.9  27.8  10.9 2.47E-04 001.8 285.8  72.5 0.267102 0.680425 0.219356 hargrave 2021-05-21 16:47:33 
TT 300 327.0  66.6  32.5   6.1 2.10E-04 001.4 286.5  79.2 0.135099 0.469179 0.126534 hargrave 2021-05-27 14:01:01 
TT 350 334.9  68.9  35.1   3.4 1.86E-04 001.2 286.5  83.0 0.191364 0.345531 0.098155 hargrave 2021-05-28 10:18:42 
TT 375 340.5  70.5  37.1   1.9 1.81E-04 001.3 282.9  85.5 0.167199 0.363199 0.093337 hargrave 2021-05-28 18:03:18 
TT 400 349.8  72.0  39.6  -0.4 1.78E-04 001.2 267.8  88.7 0.170465 0.340607 0.064230 hargrave 2021-05-31 18:40:40 
TT 400 349.7  72.0  39.6  -0.3 1.78E-04 001.3 268.9  88.7 0.179234 0.352281 0.061035 hargrave 2021-05-31 20:28:51 
TT 425 357.2  72.9  41.4  -1.9 1.72E-04 001.3 133.2  88.7 0.127762 0.356495 0.034185 hargrave 2021-06-01 15:40:28 
TT 425 357.1  72.9  41.4  -1.9 1.72E-04 001.3 134.4  88.7 0.124496 0.365448 0.036208 hargrave 2021-06-01 17:24:52 
TT 450 004.2  73.3  42.9  -3.3 1.69E-04 001.4 118.0  86.7 0.075417 0.401938 0.060455 hargrave 2021-06-07 17:10:12 
TT 475 001.5  74.0  43.0  -2.3 1.56E-04 001.5 135.2  87.0 0.143808 0.388055 0.049115 hargrave 2021-06-08 15:21:01 
TT 500 359.9  75.5  44.0  -1.1 1.60E-04 001.1 157.3  86.1 0.144957 0.260444 0.006816 hargrave 2021-06-09 10:24:32 
TT 515 352.8  76.5  44.0   0.9 1.27E-04 001.4 183.2  85.5 0.146304 0.274829 0.031655 hargrave 2021-06-09 18:58:54 
TT 530 347.1  75.9  42.9   1.9 1.41E-04 001.6 202.3  85.6 0.126825 0.375979 0.052388 hargrave 2021-06-10 19:46:56 
TT 540 346.1  72.4  39.5   0.8 1.21E-04 001.7 257.1  87.6 0.163436 0.316357 0.056196 hargrave 2021-06-14 17:20:26 
TT 550 342.2  75.1  41.7   2.8 1.21E-04 002.0 221.8  85.5 0.137181 0.392852 0.026123 hargrave 2021-06-15 16:40:25 
TT 560 294.7  60.8  29.5  21.1 7.02E-05 001.8 265.6  65.1 0.070416 0.204163 0.064068 hargrave 2021-06-16 18:08:23 
TT 565 297.1  54.5  22.7  22.3 6.91E-05 002.6 275.9  60.8 0.183792 0.238622 0.103625 hargrave 2021-06-17 18:10:14 
TT 568 282.5  26.8 355.8  41.7 3.59E-05 003.0 278.9  31.1 0.150187 0.160064 0.053071 hargrave 2021-06-18 16:07:51 
TT 571 286.6  01.8 322.5  39.3 3.72E-05 004.2 291.2  08.5 0.288230 0.052031 0.054086 hargrave 2021-06-21 16:14:05 
TT 574 292.2  00.7 322.1  33.6 3.46E-05 002.6 296.9  09.1 0.096701 0.161486 0.027557 hargrave 2021-07-07 18:04:26 
TT 576 274.3 -11.3 300.5  47.7 5.54E-05 002.5 283.4 -07.6 0.212971 0.193029 0.040729 hargrave 2021-07-08 19:32:19 
TT 579 274.9 -08.4 304.9  48.2 4.72E-05 002.9 283.0 -04.6 0.192639 0.250712 0.040033 hargrave 2021-07-09 19:00:47 
TT 582 262.6 -18.7 281.1  53.2 4.32E-05 003.6 274.8 -18.2 0.253655 0.183604 0.042206 hargrave 2021-07-19 18:34:17 
TT 585 260.4 -12.6 287.0  58.8 5.25E-05 000.9 270.6 -13.0 0.073551 0.130940 0.055931 hargrave 2021-07-21 09:51:33 
TT 588 249.9 -11.9 272.1  66.5 5.76E-05 002.4 260.3 -15.7 0.244381 0.070045 0.079636 hargrave 2021-07-22 15:30:51 
TT 598 260.6 -13.3 286.2  58.2 5.83E-05 002.6 271.0 -13.7 0.252507 0.048987 0.074706 hargrave 2021-07-23 14:46:39 
TT 610 259.4 -18.7 277.5  55.4 7.78E-05 001.5 271.7 -19.1 0.197631 0.133516 0.074868 hargrave 2021-07-26 18:38:49 
TT 628 263.6 -19.9 280.7  51.7 7.33E-05 001.0 276.1 -19.0 0.094249 0.161820 0.052161 hargrave 2021-08-03 17:01:27 
TT 640 273.5 -17.1 292.5  45.7 1.11E-04 002.4 284.5 -13.3 0.403368 0.301902 0.079504 hargrave 2021-08-06 11:39:20 
TT 650 261.4 -09.0 293.9  60.0 5.73E-05 006.1 270.4 -09.3 0.606031 0.107738 0.089219 hargrave 2021-08-08 13:30:58 
TT 660 297.7 -29.1 291.2  20.5 2.18E-05 001.8 310.2 -18.2 0.080155 0.103231 0.024630 hargrave 2021-08-10 10:47:07 
TT 665 261.1 -09.6 292.6  59.9 7.42E-05 001.8 270.3 -10.0 0.132985 0.509402 0.107880 hargrave 2021-09-24 16:08:44 
