CS13- 5 sun compass orientation
   0.45 130.9  21.0 326.0  82.9   1.0
NRM    342.8  59.3  26.7  -2.3 1.09E-05 004.0 262.5  64.1 0.062794 0.047520 0.017471 hargrave 2021-04-26 15:43:26 
TT 100 301.2  43.4  10.3  22.8 4.27E-06 007.2 243.3  36.7 0.035980 0.043431 0.020829 hargrave 2021-04-28 16:06:00 
TT 150 294.3  41.2   9.4  28.3 4.18E-06 004.4 238.8  32.6 0.029529 0.024067 0.006954 hargrave 2021-05-20 15:30:11 
TT 200 289.6  34.4   3.0  33.8 3.50E-06 004.9 237.9  24.8 0.014042 0.011145 0.026361 hargrave 2021-05-21 10:25:35 
TT 250 289.1  33.5   2.1  34.4 3.05E-06 002.4 237.9  23.8 0.011465 0.005679 0.004183 hargrave 2021-05-21 16:44:07 
TT 300 287.9  30.8 359.2  36.1 2.59E-06 007.1 237.8  21.0 0.026002 0.019014 0.003008 hargrave 2021-05-27 13:57:35 
TT 350 282.2  32.2   2.8  40.3 2.11E-06 005.1 232.5  20.6 0.013806 0.012724 0.002940 hargrave 2021-05-28 10:15:16 
TT 375 283.1  31.2   1.2  39.9 2.05E-06 004.7 233.6  19.9 0.012808 0.011558 0.001874 hargrave 2021-05-28 17:59:53 
TT 400 287.4  33.1   2.1  35.9 1.86E-06 004.0 236.6  23.0 0.009824 0.008749 0.001393 hargrave 2021-05-31 18:37:15 
TT 400 287.5  32.7   1.6  35.9 1.85E-06 004.3 236.8  22.6 0.010461 0.009218 0.002892 hargrave 2021-05-31 20:25:25 
TT 425 287.7  35.2   4.5  35.0 1.75E-06 001.2 236.0  25.1 0.003218 0.004055 0.001414 hargrave 2021-06-01 15:37:03 
TT 425 288.0  35.4   4.6  34.7 1.76E-06 001.1 236.1  25.3 0.003108 0.004413 0.001176 hargrave 2021-06-01 17:21:26 
TT 450 288.8  35.1   4.0  34.2 1.78E-06 007.9 236.9  25.3 0.016488 0.019511 0.002667 hargrave 2021-06-07 17:06:47 
TT 475 298.8  35.5   2.2  26.2 2.03E-06 006.4 245.2  28.7 0.011267 0.022174 0.005942 hargrave 2021-06-08 15:17:33 
TT 500 278.9  43.6  17.5  37.7 2.82E-06 004.0 225.4  30.5 0.010539 0.018005 0.002084 hargrave 2021-06-09 10:21:05 
TT 515 279.2  33.3   5.4  42.3 3.25E-06 008.9 229.5  20.8 0.034041 0.047261 0.002885 hargrave 2021-06-09 18:55:29 
TT 515 284.3  29.3 358.4  39.5 3.50E-06 006.2 235.3  18.4 0.025627 0.030496 0.003926 hargrave 2021-06-10 09:02:15 
TT 530 277.9  20.3 348.4  47.4 2.41E-06 007.0 232.6  08.1 0.011023 0.034116 0.004616 hargrave 2021-06-10 19:43:31 
TT 540 282.8  20.4 347.3  42.8 2.39E-06 007.4 237.0  09.6 0.011288 0.033586 0.018910 hargrave 2021-06-14 17:17:33 
TT 550 304.6  19.4 344.1  22.5 1.57E-06 004.5 257.0  15.8 0.003593 0.024323 0.016044 hargrave 2021-06-15 16:36:59 
TT 560 303.3  16.6 341.1  23.7 1.96E-06 010.6 256.9  12.8 0.013050 0.030792 0.025528 hargrave 2021-06-16 18:04:59 
TT 560 309.4  06.8 331.0  17.2 2.19E-06 002.3 266.2  05.8 0.006040 0.020154 0.003859 hargrave 2021-06-17 10:45:14 
TT 565 277.5 -16.5 295.7  42.6 2.07E-06 010.4 244.0 -27.0 0.021312 0.040248 0.005310 hargrave 2021-06-17 18:06:48 
TT 565 292.7 -18.8 300.1  28.4 2.37E-06 002.8 259.9 -24.0 0.005659 0.020542 0.002065 hargrave 2021-06-18 10:16:45 
TT 568 323.1  62.4  28.2   7.6 2.01E-06 009.2 243.5  59.6 0.007747 0.032665 0.015208 hargrave 2021-06-18 16:04:19 
TT 568 324.1  48.0  13.7   6.5 1.92E-06 006.1 259.2  48.5 0.011131 0.022772 0.002922 hargrave 2021-06-21 10:25:35 
TT 571 262.3  20.9 357.2  61.1 2.01E-06 012.0 218.3  04.7 0.010290 0.040512 0.021804 hargrave 2021-06-21 16:09:28 
TT 571 261.0  14.3 344.4  64.4 1.87E-06 005.5 218.7 -02.0 0.007341 0.017787 0.003099 hargrave 2021-06-22 09:29:50 
TT 574 277.5  04.0 324.0  48.6 9.19E-07 012.1 237.1 -07.6 0.005442 0.027643 0.001226 hargrave 2021-07-07 17:59:46 
