CS13- 2 sun compass orientation
    0.4 107.9  18.0 326.0  82.9   1.0
NRM    277.5  10.4 333.7  48.9 2.20E-04 005.7 256.9  06.7 2.089615 0.441830 0.418069 hargrave 2021-04-26 15:37:11 
TT 100 272.0 -07.9 304.0  51.1 2.21E-04 004.0 257.2 -12.4 1.476281 0.230137 0.462851 hargrave 2021-04-28 15:59:32 
TT 150 266.3 -08.5 299.2  56.0 2.22E-04 001.9 251.9 -14.7 0.605224 0.108426 0.406105 hargrave 2021-05-20 15:23:11 
TT 200 270.8 -11.0 298.7  50.9 2.14E-04 003.3 257.1 -15.7 1.114006 0.347998 0.375637 hargrave 2021-05-21 10:20:30 
TT 250 270.5 -09.3 301.0  51.9 1.89E-04 001.2 256.3 -14.2 0.146866 0.108035 0.359819 hargrave 2021-05-21 16:38:40 
TT 300 270.9 -10.1 300.1  51.2 1.61E-04 001.6 256.9 -14.8 0.298244 0.145801 0.322654 hargrave 2021-05-27 13:52:10 
TT 350 047.3  67.3  52.5 -15.3 1.30E-06 003.0 079.6  78.9 0.006176 0.002744 0.002201 hargrave 2021-05-28 10:09:50 
TT 350 115.8  19.6 120.3 -25.4 7.37E-05 033.3 103.6  16.2 1.783635 7.321485 2.064180 hargrave 2021-05-28 10:46:13 
TT 350 271.2 -10.2 300.1  50.9 1.47E-04 001.3 257.2 -14.9 0.191365 0.041526 0.267691 hargrave 2021-05-28 11:00:27 
TT 375 270.8 -10.2 299.9  51.3 1.35E-04 001.8 256.9 -15.0 0.317342 0.128798 0.255825 hargrave 2021-05-28 17:54:29 
TT 400 273.2 -11.0 300.3  48.8 1.27E-04 001.2 259.4 -15.0 0.133098 0.093816 0.225522 hargrave 2021-05-31 18:31:50 
TT 400 273.2 -11.0 300.3  48.8 1.27E-04 001.2 259.4 -15.0 0.135424 0.097874 0.213649 hargrave 2021-05-31 20:20:02 
TT 425 273.6 -11.4 300.0  48.3 1.21E-04 001.2 259.9 -15.3 0.120258 0.101805 0.214861 hargrave 2021-06-01 15:31:39 
TT 425 273.7 -11.5 299.9  48.1 1.22E-04 001.3 260.0 -15.3 0.141732 0.110621 0.206261 hargrave 2021-06-01 17:16:01 
TT 450 270.9 -10.7 299.2  51.0 1.16E-04 001.7 257.1 -15.3 0.293373 0.037017 0.195097 hargrave 2021-06-07 17:01:23 
TT 475 271.3 -12.4 297.1  49.9 1.13E-04 003.5 258.0 -16.9 0.631704 0.230433 0.190940 hargrave 2021-06-08 15:12:06 
TT 500 272.2 -13.2 296.6  48.7 1.08E-04 003.2 259.2 -17.4 0.567538 0.046537 0.188549 hargrave 2021-06-09 10:15:40 
TT 515 277.8 -15.0 297.8  43.0 1.05E-04 004.7 265.1 -17.4 0.837156 0.174823 0.172049 hargrave 2021-06-09 18:50:06 
TT 530 272.8 -16.7 292.5  46.5 9.81E-05 001.1 260.9 -20.5 0.066379 0.115175 0.163004 hargrave 2021-06-10 19:38:07 
TT 540 272.5 -17.1 291.8  46.6 9.30E-05 003.2 260.8 -21.0 0.471076 0.174164 0.163099 hargrave 2021-06-14 17:12:09 
TT 550 269.5 -18.5 287.8  48.2 8.60E-05 001.3 258.3 -23.2 0.057354 0.109200 0.166119 hargrave 2021-06-15 16:30:48 
TT 560 266.7 -20.3 283.2  49.2 6.21E-05 001.2 256.2 -25.7 0.053061 0.103305 0.092452 hargrave 2021-06-16 17:59:34 
TT 565 268.8 -21.1 284.1  47.2 5.44E-05 001.1 258.5 -25.9 0.076672 0.099700 0.053745 hargrave 2021-06-17 18:01:25 
TT 568 265.8 -18.6 284.4  51.0 4.64E-05 002.3 254.7 -24.4 0.128805 0.111930 0.087591 hargrave 2021-06-18 15:58:52 
TT 571 268.6 -22.5 282.3  46.5 4.13E-05 002.3 258.8 -27.2 0.108943 0.120148 0.077380 hargrave 2021-06-21 16:06:11 
TT 574 270.4 -20.7 285.8  46.2 3.67E-05 003.1 259.9 -25.0 0.165312 0.112795 0.066053 hargrave 2021-07-07 17:55:39 
TT 576 262.5 -21.8 277.3  51.1 3.83E-05 002.4 252.6 -28.5 0.094304 0.163526 0.048243 hargrave 2021-07-08 19:26:34 
TT 579 264.1 -23.3 277.3  49.0 3.66E-05 002.3 254.6 -29.4 0.090605 0.140238 0.041889 hargrave 2021-07-09 18:57:04 
TT 582 265.2 -21.8 280.0  49.3 3.69E-05 002.9 255.2 -27.6 0.125190 0.156237 0.052133 hargrave 2021-07-19 18:29:41 
TT 585 252.6 -15.2 272.4  62.3 3.34E-05 002.7 240.3 -24.9 0.076366 0.159003 0.042286 hargrave 2021-07-21 09:47:00 
TT 588 245.4 -18.2 256.0  63.1 3.16E-05 001.8 233.7 -29.7 0.097873 0.115725 0.028198 hargrave 2021-07-22 15:24:30 
TT 598 263.8 -16.1 285.7  54.0 3.01E-05 004.7 251.8 -22.7 0.224522 0.108680 0.022126 hargrave 2021-07-23 14:41:49 
TT 610 269.5 -15.7 291.3  49.7 3.72E-05 001.9 257.3 -20.6 0.062173 0.137740 0.058780 hargrave 2021-07-26 18:34:03 
TT 628 169.5 -03.0 152.3  22.9 8.65E-06 007.5 149.8 -18.8 0.049675 0.144676 0.006671 hargrave 2021-08-03 16:56:36 
TT 640 312.8 -20.7 303.5   9.7 3.21E-05 002.8 299.7 -12.4 0.083460 0.107353 0.126731 hargrave 2021-08-06 11:34:41 
TT 650 256.1  25.3  11.8  63.6 1.79E-05 002.7 232.7  15.1 0.127646 0.091729 0.045251 hargrave 2021-08-08 13:25:19 
TT 660 054.6 -01.9  40.9 -84.6 1.88E-05 005.2 037.7  12.5 0.163339 0.092420 0.015792 hargrave 2021-08-10 10:41:39 
TT 665 286.7 -10.5 307.3  36.5 3.89E-05 003.7 272.2 -10.3 0.099860 0.363761 0.174435 hargrave 2021-09-24 16:02:57 
