CS13- 4 sun compass orientation
    0.7  91.0  17.0 326.0  82.9   1.0
NRM    291.8  30.5 357.9  32.9 2.99E-04 002.0 280.1  35.1 0.846751 0.328828 0.567151 hargrave 2021-04-26 15:41:38 
TT 100 272.0  13.7 339.6  54.0 2.54E-04 001.5 266.8  13.4 0.264850 0.247263 0.554942 hargrave 2021-04-28 16:04:12 
TT 150 272.6  09.8 332.9  53.7 2.45E-04 008.7 268.7  09.9 3.704547 0.087587 0.534665 hargrave 2021-05-20 15:28:23 
TT 150 272.5  09.7 332.7  53.8 2.47E-04 001.3 268.6  09.7 0.100461 0.171284 0.533757 hargrave 2021-05-20 15:58:21 
TT 200 270.2  06.6 327.3  56.0 2.45E-04 001.4 267.3  06.1 0.246319 0.107385 0.521794 hargrave 2021-05-21 10:23:52 
TT 250 270.1  05.9 326.0  56.1 2.07E-04 001.5 267.4  05.4 0.292334 0.124390 0.446379 hargrave 2021-05-21 16:42:18 
TT 300 270.0  04.1 322.8  56.0 1.51E-04 001.4 267.8  03.6 0.174363 0.062043 0.307740 hargrave 2021-05-27 13:55:47 
TT 350 266.5  05.2 324.2  59.6 1.33E-04 003.1 264.2  03.6 0.661670 0.119646 0.233964 hargrave 2021-05-28 10:13:28 
TT 375 264.7  07.5 328.6  61.5 1.21E-04 001.7 261.8  05.4 0.268301 0.447291 0.235507 hargrave 2021-05-28 17:58:06 
TT 400 268.2  08.2 330.1  58.1 1.10E-04 001.4 264.9  07.0 0.150791 0.061208 0.230442 hargrave 2021-05-31 18:35:27 
TT 400 268.9  07.9 329.6  57.4 1.10E-04 001.3 265.6  07.0 0.066812 0.079261 0.232549 hargrave 2021-05-31 20:23:38 
TT 425 270.7  06.7 327.5  55.6 1.05E-04 002.5 267.7  06.4 0.401412 0.084165 0.204853 hargrave 2021-06-01 15:35:15 
TT 425 271.6  06.4 327.1  54.6 1.05E-04 003.4 268.7  06.3 0.583912 0.093032 0.209005 hargrave 2021-06-01 17:19:38 
TT 450 268.7  08.2 330.1  57.6 9.85E-05 003.5 265.4  07.2 0.554851 0.135561 0.215733 hargrave 2021-06-07 17:05:00 
TT 475 268.3  07.2 328.2  58.0 9.58E-05 002.6 265.3  06.1 0.367794 0.149799 0.193244 hargrave 2021-06-08 15:15:44 
TT 500 269.6  06.2 326.5  56.6 9.49E-05 002.2 266.9  05.6 0.296084 0.102894 0.199881 hargrave 2021-06-09 10:19:16 
TT 515 268.4  06.2 326.4  57.8 9.47E-05 001.8 265.7  05.2 0.195572 0.148679 0.197100 hargrave 2021-06-09 18:53:42 
TT 530 263.5  02.1 317.0  62.1 9.31E-05 007.4 262.2 -00.2 1.161758 0.254460 0.202662 hargrave 2021-06-10 19:41:44 
TT 540 265.7  01.2 316.1  59.8 8.86E-05 001.5 264.6 -00.4 0.135178 0.084135 0.191254 hargrave 2021-06-14 17:15:20 
TT 550 272.0 -04.6 309.0  52.2 8.76E-05 002.2 272.3 -04.1 0.288721 0.067816 0.178764 hargrave 2021-06-15 16:34:24 
TT 560 271.5 -16.7 291.6  47.6 8.45E-05 004.3 275.5 -15.8 0.609009 0.038899 0.193440 hargrave 2021-06-16 18:03:10 
TT 565 264.4 -15.9 286.5  53.7 7.86E-05 002.0 268.5 -17.1 0.232273 0.036469 0.170144 hargrave 2021-06-17 18:05:01 
TT 568 267.3 -23.8 279.7  46.5 4.86E-05 003.2 273.9 -23.8 0.255399 0.042810 0.120557 hargrave 2021-06-18 16:02:37 
TT 571 270.0 -26.5 279.1  42.9 5.48E-05 001.4 277.4 -25.6 0.132470 0.065009 0.066913 hargrave 2021-06-21 16:07:44 
TT 574 263.4 -24.2 275.6  48.8 4.39E-05 003.5 270.3 -25.3 0.271401 0.076040 0.039635 hargrave 2021-07-07 17:57:13 
TT 576 263.2 -23.6 276.1  49.4 4.76E-05 003.3 269.9 -24.8 0.272113 0.099925 0.065807 hargrave 2021-07-08 19:28:03 
TT 579 268.5 -18.5 286.9  49.0 4.14E-05 002.5 273.2 -18.4 0.178083 0.109389 0.048686 hargrave 2021-07-09 18:58:20 
TT 582 261.9 -28.3 270.1  46.7 3.47E-05 004.3 270.4 -29.6 0.261651 0.100168 0.027852 hargrave 2021-07-19 18:31:16 
TT 585 265.0 -25.5 275.8  46.9 4.61E-05 000.6 272.3 -26.0 0.042239 0.090783 0.057788 hargrave 2021-07-21 09:48:35 
TT 588 252.4 -18.7 267.9  59.6 4.88E-05 002.4 257.7 -23.3 0.170917 0.184030 0.097338 hargrave 2021-07-22 15:28:24 
TT 598 269.2 -19.3 286.5  48.0 3.93E-05 004.7 274.2 -19.0 0.320437 0.027270 0.071791 hargrave 2021-07-23 14:44:14 
TT 610 263.9 -30.8 269.7  43.6 5.09E-05 003.9 273.2 -31.4 0.342624 0.096008 0.069572 hargrave 2021-07-26 18:36:23 
TT 628 234.2 -27.1 233.2  55.8 1.85E-05 005.8 242.2 -36.3 0.150160 0.122030 0.014036 hargrave 2021-08-03 16:59:00 
TT 640 290.6 -23.9 293.9  28.4 5.24E-05 001.9 295.5 -17.3 0.138016 0.173301 0.046541 hargrave 2021-08-06 11:36:58 
TT 650 191.6  05.5 145.4  45.9 1.30E-05 005.2 190.8 -11.2 0.177376 0.051647 0.066273 hargrave 2021-08-08 13:28:31 
TT 660 068.4  06.2  99.2 -71.8 1.88E-05 004.6 070.1  12.4 0.149057 0.034051 0.051823 hargrave 2021-08-10 10:43:59 
TT 665 244.2 -06.5 267.2  74.1 4.84E-05 007.0 246.0 -13.9 0.378240 0.573793 0.058300 hargrave 2021-09-24 16:05:46 
