CS14- 8 mag compass orientation (IGRF corrected)
     40 160.1  29.0   8.7  55.8   1.0
NRM    336.5  41.3 035.5  44.6 1.53E-04 001.6 244.3  33.7 0.312683 0.139039 0.285002 hargrave 2021-07-08 15:41:14 
TT 100 333.0  42.3 036.2  47.3 1.50E-04 004.2 241.0  32.9 0.833977 0.678465 0.301778 hargrave 2021-07-09 14:57:18 
TT 150 331.3  41.4 034.8  48.5 1.42E-04 002.6 240.4  31.5 0.428331 0.407709 0.252919 hargrave 2021-07-19 15:46:23 
TT 200 330.2  40.7 033.5  49.2 1.34E-04 002.2 240.1  30.5 0.242404 0.338583 0.306551 hargrave 2021-07-20 11:58:21 
TT 250 326.6  40.8 033.2  51.9 1.27E-04 003.1 237.4  29.1 0.432231 0.455760 0.264535 hargrave 2021-07-20 18:03:40 
TT 300 328.7  38.1 029.3  50.0 1.09E-04 005.1 240.5  27.7 0.823963 0.477166 0.205679 hargrave 2021-07-21 15:00:09 
TT 350 342.3  42.5 038.3  40.6 4.93E-05 001.7 247.7  37.2 0.070883 0.114015 0.072360 hargrave 2021-07-22 13:23:05 
TT 375 343.8  40.3 035.9  39.0 3.73E-05 002.0 250.4  36.1 0.078190 0.099687 0.053233 hargrave 2021-07-22 19:11:40 
TT 400 341.2  39.6 034.3  40.7 3.41E-05 002.5 249.0  34.4 0.078353 0.162980 0.050053 hargrave 2021-07-23 21:03:56 
TT 425 341.8  39.5 034.4  40.3 3.01E-05 002.8 249.5  34.6 0.106481 0.108200 0.046045 hargrave 2021-07-25 11:19:59 
TT 450 342.5  38.9 033.7  39.6 2.78E-05 003.6 250.5  34.4 0.143469 0.126809 0.041806 hargrave 2021-07-27 11:12:33 
TT 475 344.2  37.9 033.0  38.0 2.50E-05 003.0 252.4  34.4 0.117369 0.055730 0.037148 hargrave 2021-07-28 17:52:16 
TT 500 343.6  38.5 033.6  38.6 2.24E-05 001.7 251.6  34.6 0.046784 0.038959 0.031807 hargrave 2021-08-03 13:45:53 
TT 515 340.0  38.9 033.0  41.5 2.02E-05 001.7 248.5  33.2 0.037941 0.038168 0.031360 hargrave 2021-08-04 13:36:03 
TT 530 339.1  35.0 027.8  41.1 1.74E-05 003.0 250.4  29.7 0.076864 0.050836 0.027281 hargrave 2021-08-06 16:33:59 
TT 540 333.6  36.6 028.3  45.8 1.46E-05 003.1 245.1  28.5 0.063415 0.042176 0.024947 hargrave 2021-08-09 17:15:37 
TT 550 335.7  30.5 020.9  42.4 1.17E-05 001.5 250.5  24.3 0.018653 0.021199 0.019037 hargrave 2021-08-10 19:01:10 
TT 560 327.8  26.2 011.6  47.2 8.57E-06 002.4 246.5  17.1 0.026933 0.026868 0.014024 hargrave 2021-08-11 15:54:51 
TT 566 323.6  15.7 355.5  45.8 5.99E-06 004.9 248.1  06.0 0.043464 0.025814 0.011435 hargrave 2021-08-12 15:57:37 
TT 570 312.5  10.6 339.3  51.2 4.74E-06 003.0 240.7 -03.4 0.018883 0.014283 0.009150 hargrave 2021-08-13 14:18:14 
TT 573 315.2  07.7 339.0  47.2 1.97E-06 007.1 244.5 -04.9 0.020617 0.013256 0.004261 hargrave 2021-08-16 12:30:39 
TT 577 308.0  04.6 327.8  49.8 1.26E-06 003.8 239.3 -10.7 0.004856 0.008091 0.002665 hargrave 2021-08-17 11:36:44 
TT 580 276.5  01.4 274.7  57.1 7.92E-07 008.9 209.3 -24.4 0.004658 0.011782 0.000664 hargrave 2021-08-18 16:08:23 
TT 580 279.7  01.1 280.5  56.9 7.95E-07 005.7 212.7 -23.9 0.004392 0.006979 0.001381 hargrave 2021-08-18 18:12:10 
TT 583 306.4  03.4 324.7  49.8 7.17E-07 004.8 238.3 -12.5 0.002608 0.008341 0.001482 hargrave 2021-08-19 18:15:02 
TT 586 283.3 -10.6 285.1  45.0 7.61E-07 006.2 220.5 -34.0 0.003140 0.008456 0.001241 hargrave 2021-08-25 14:23:06 
TT 589 279.2  08.1 279.9  63.9 5.38E-07 006.3 210.3 -17.2 0.003097 0.005426 0.001070 hargrave 2021-08-26 12:30:23 
TT 600 198.7 -40.3 227.7 -14.7 3.55E-07 013.3 099.7 -52.7 0.002354 0.009347 0.001186 hargrave 2021-08-27 16:19:36 
TT 600 209.6 -57.9 247.1 -18.6 2.29E-07 009.2 080.7 -69.5 0.002603 0.002743 0.000999 hargrave 2021-08-30 11:22:04 
