CS14- 7 mag compass orientation (IGRF corrected)
      2 110.1  13.0   8.7  55.8   1.0
NRM    248.1  36.9 173.5  65.1 6.13E-05 001.8 222.2  27.7 0.159539 0.106083 0.046961 hargrave 2021-07-08 15:39:54 
TT 100 248.2  34.8 178.5  65.0 5.92E-05 001.0 222.7  25.7 0.059043 0.089433 0.039406 hargrave 2021-07-09 14:55:57 
TT 150 246.9  33.0 182.2  63.6 5.35E-05 000.8 221.8  23.7 0.069864 0.053483 0.036081 hargrave 2021-07-19 15:44:59 
TT 200 248.7  30.7 188.1  64.6 4.72E-05 001.5 224.0  21.7 0.082074 0.093788 0.039184 hargrave 2021-07-20 11:56:46 
TT 250 245.6  30.0 187.9  61.8 4.28E-05 001.2 221.2  20.6 0.050631 0.075291 0.031964 hargrave 2021-07-20 18:02:04 
TT 300 243.2  26.7 192.8  58.7 3.79E-05 002.7 219.7  16.9 0.123633 0.185602 0.029601 hargrave 2021-07-21 14:58:49 
TT 350 238.5  21.3 198.2  52.5 2.94E-05 002.2 216.2  10.9 0.105965 0.068955 0.035617 hargrave 2021-07-22 13:21:42 
TT 375 237.1  16.7 203.2  48.9 2.55E-05 002.0 215.4  06.2 0.104338 0.085861 0.023590 hargrave 2021-07-22 19:10:18 
TT 400 234.5  14.3 204.1  45.5 2.33E-05 002.3 213.2  03.4 0.069819 0.081038 0.023006 hargrave 2021-07-23 21:02:36 
TT 425 234.1  09.8 208.9  42.5 2.25E-05 005.3 213.5 -01.0 0.156689 0.162788 0.034209 hargrave 2021-07-25 11:18:35 
TT 450 230.1  07.5 208.0  38.0 2.12E-05 001.5 209.8 -03.8 0.061594 0.071660 0.027164 hargrave 2021-07-27 11:11:12 
TT 475 234.7  08.7 210.5  42.3 1.95E-05 001.9 214.1 -02.1 0.049300 0.062863 0.019181 hargrave 2021-07-28 17:50:56 
TT 500 233.8  14.3 203.5  45.0 1.64E-05 002.4 212.6  03.4 0.051081 0.047256 0.019869 hargrave 2021-08-03 13:44:32 
TT 515 236.0  24.2 192.3  51.7 1.55E-05 001.5 213.4  13.4 0.023158 0.051300 0.019173 hargrave 2021-08-04 13:34:41 
TT 530 243.1  29.8 187.1  59.7 1.38E-05 002.5 219.1  19.9 0.037682 0.046178 0.014939 hargrave 2021-08-06 16:32:37 
TT 540 246.3  31.4 185.5  62.8 1.27E-05 001.4 221.7  22.0 0.021826 0.024968 0.013981 hargrave 2021-08-09 17:14:15 
TT 550 240.2  33.0 179.9  58.1 1.09E-05 002.9 215.9  22.7 0.053533 0.045975 0.011304 hargrave 2021-08-10 18:59:50 
TT 560 239.2  31.1 182.9  56.8 7.23E-06 002.4 215.3  20.7 0.025814 0.031601 0.007092 hargrave 2021-08-11 15:53:27 
TT 566 247.1  17.4 211.3  57.2 4.05E-06 004.1 224.8  08.4 0.018824 0.023483 0.004922 hargrave 2021-08-12 15:56:15 
TT 570 244.4 -00.6 228.7  42.7 2.36E-06 002.5 225.1 -09.8 0.007239 0.008929 0.002096 hargrave 2021-08-13 14:16:53 
TT 573 224.1 -17.4 224.4  16.8 1.18E-06 002.8 206.4 -29.2 0.003516 0.004876 0.002666 hargrave 2021-08-16 12:29:12 
TT 577 173.0 -47.3 226.4 -34.4 5.37E-07 008.3 143.9 -58.4 0.004584 0.005184 0.004204 hargrave 2021-08-17 11:35:20 
TT 577 180.3 -51.9 233.2 -31.1 5.36E-07 006.6 151.7 -63.8 0.002697 0.005914 0.000758 hargrave 2021-08-17 12:54:03 
TT 580 188.3 -26.2 210.7 -14.7 7.39E-07 013.1 166.4 -38.9 0.003207 0.017155 0.001400 hargrave 2021-08-18 16:06:55 
TT 580 193.6 -26.8 213.8 -11.0 7.07E-07 007.3 172.4 -39.7 0.003179 0.008658 0.000874 hargrave 2021-08-18 18:10:50 
TT 583 263.7 -02.6 254.7  50.6 8.44E-07 012.3 244.7 -08.3 0.012609 0.016429 0.000709 hargrave 2021-08-19 18:13:39 
TT 583 273.8  03.4 269.3  58.9 1.03E-06 012.5 253.4 -00.3 0.020618 0.010884 0.001525 hargrave 2021-08-24 14:48:47 
TT 583 277.6  01.7 276.6  57.5 1.04E-06 006.0 257.4 -01.1 0.010041 0.005704 0.001131 hargrave 2021-08-25 09:08:53 
TT 586 144.7 -28.4 193.2 -50.6 1.02E-06 008.4 117.6 -35.1 0.005929 0.018347 0.002533 hargrave 2021-08-25 14:21:45 
TT 586 147.9 -28.7 195.1 -48.1 9.07E-07 004.9 120.9 -36.0 0.003308 0.007034 0.003166 hargrave 2021-08-25 15:34:40 
TT 589 223.2  28.6 179.6  42.8 1.32E-06 004.6 201.0  16.5 0.006710 0.008665 0.005102 hargrave 2021-08-26 12:29:01 
TT 600 095.0 -43.7 294.2 -80.1 4.92E-07 013.2 064.1 -39.1 0.004036 0.012280 0.002917 hargrave 2021-08-27 16:18:15 
TT 600 017.6 -48.7 327.8 -30.4 3.06E-07 010.6 358.0 -35.7 0.004005 0.004617 0.003075 hargrave 2021-08-30 11:19:18 
