CS14- 4 mag compass orientation (IGRF corrected)
      0 366.1  65.0   8.7  55.8   1.0
NRM    284.1  62.8 093.6  61.2 1.58E-04 001.0 174.1  51.8 0.139834 0.198531 0.145049 hargrave 2021-07-08 15:35:51 
TT 100 286.6  62.0 090.9  61.7 1.52E-04 000.9 172.0  52.3 0.186063 0.062686 0.134516 hargrave 2021-07-09 14:51:52 
TT 150 291.0  60.0 085.2  63.0 1.42E-04 000.9 167.5  53.5 0.166541 0.096459 0.115977 hargrave 2021-07-19 15:40:56 
TT 200 290.8  59.2 084.6  63.7 1.31E-04 001.8 167.1  54.3 0.210594 0.342857 0.110051 hargrave 2021-07-20 11:51:52 
TT 250 286.0  59.5 090.1  64.2 1.21E-04 000.9 171.3  54.8 0.122108 0.097561 0.111909 hargrave 2021-07-20 17:57:12 
TT 300 285.2  62.9 092.6  61.0 9.87E-05 000.9 173.3  51.6 0.088046 0.107664 0.081816 hargrave 2021-07-21 14:54:47 
TT 350 280.2  68.6 097.7  55.6 7.41E-05 001.2 177.8  46.3 0.054954 0.134066 0.066772 hargrave 2021-07-22 13:16:52 
TT 375 280.3  68.4 097.7  55.8 6.47E-05 002.9 177.8  46.5 0.122395 0.299127 0.068806 hargrave 2021-07-22 19:06:10 
TT 400 280.2  67.6 097.6  56.6 5.70E-05 002.6 177.7  47.4 0.076800 0.241576 0.050476 hargrave 2021-07-23 20:58:33 
TT 425 282.2  67.1 096.2  57.0 4.88E-05 002.0 176.5  47.7 0.061878 0.151626 0.049813 hargrave 2021-07-25 11:14:25 
TT 450 271.0  67.0 104.2  56.9 4.08E-05 002.1 183.0  47.9 0.061347 0.130329 0.051944 hargrave 2021-07-27 11:07:06 
TT 475 268.4  66.2 106.4  57.4 3.45E-05 003.4 184.7  48.5 0.108719 0.186882 0.023200 hargrave 2021-07-28 17:46:53 
TT 500 275.7  64.8 101.2  59.4 2.79E-05 003.1 180.3  50.2 0.026644 0.149007 0.019306 hargrave 2021-08-03 13:39:45 
TT 515 274.8  64.2 102.1  59.9 2.41E-05 001.6 180.9  50.8 0.041953 0.059919 0.018393 hargrave 2021-08-04 13:30:37 
TT 530 274.7  62.0 102.7  62.1 1.80E-05 000.9 181.1  53.0 0.020608 0.018429 0.014402 hargrave 2021-08-06 16:27:40 
TT 540 276.3  61.3 101.2  62.9 1.42E-05 001.2 179.8  53.7 0.014557 0.027167 0.017789 hargrave 2021-08-09 17:09:31 
TT 550 283.4  55.8 091.5  68.2 8.66E-06 001.0 172.0  58.7 0.014713 0.011828 0.019460 hargrave 2021-08-10 18:55:44 
TT 560 281.8  39.1 072.5  84.5 4.46E-06 001.1 162.5  75.1 0.005765 0.006137 0.002099 hargrave 2021-08-11 15:49:21 
TT 566 276.2  36.1 144.1  87.2 1.61E-06 001.5 179.4  78.9 0.002574 0.003307 0.000522 hargrave 2021-08-12 15:51:27 
TT 570 278.7  45.2 098.9  79.0 1.25E-06 001.6 174.8  69.7 0.002156 0.002762 0.000886 hargrave 2021-08-13 14:12:46 
TT 573 310.5  73.0 085.4  48.0 1.08E-06 001.8 167.8  38.5 0.001661 0.003308 0.000683 hargrave 2021-08-16 12:25:05 
TT 577 286.3  62.2 091.3  61.6 1.07E-06 001.4 172.3  52.2 0.001523 0.002259 0.000711 hargrave 2021-08-17 11:31:13 
TT 580 352.9  65.9 069.1  37.2 1.13E-06 001.4 153.2  28.0 0.001998 0.001673 0.002667 hargrave 2021-08-18 16:02:50 
TT 583 246.1  83.5 103.3  39.6 1.15E-06 003.3 183.8  30.6 0.002129 0.006392 0.001224 hargrave 2021-08-19 18:09:32 
TT 586 252.2  75.4 108.2  46.9 8.08E-07 003.7 187.5  38.1 0.002311 0.005204 0.001415 hargrave 2021-08-25 14:17:41 
TT 589 227.3  63.5 129.6  47.2 7.97E-07 002.0 206.1  40.1 0.001749 0.002641 0.000836 hargrave 2021-08-26 12:24:58 
TT 600 286.1  23.5 311.9  77.5 3.45E-07 008.0 083.0  80.8 0.001511 0.004523 0.001193 hargrave 2021-08-27 16:14:11 
TT 600 271.9  14.9 259.4  69.7 3.71E-07 004.2 338.0  79.1 0.001799 0.002123 0.000567 hargrave 2021-08-30 11:17:10 
