CS14- 2 mag compass orientation (IGRF corrected)
    0.6 364.1  78.0   8.7  55.8   1.0
NRM    289.7  36.5 026.5  80.8 6.70E-05 001.8 152.9  61.7 0.189306 0.089185 0.045394 hargrave 2021-07-08 15:31:04 
TT 100 291.8  35.3 018.3  79.2 6.49E-05 002.6 148.4  61.7 0.270840 0.124279 0.039048 hargrave 2021-07-09 14:46:30 
TT 150 291.4  35.6 019.7  79.5 6.22E-05 002.2 149.2  61.7 0.238066 0.079187 0.028424 hargrave 2021-07-19 15:36:10 
TT 200 291.4  34.3 013.0  79.5 5.85E-05 002.1 147.6  62.7 0.177944 0.117794 0.047375 hargrave 2021-07-20 11:46:17 
TT 250 291.9  34.0 011.6  79.1 5.45E-05 002.2 146.6  62.6 0.167737 0.133859 0.030919 hargrave 2021-07-20 17:51:36 
TT 300 287.3  32.3 356.3  82.6 2.97E-05 001.5 151.2  66.3 0.063784 0.046338 0.014219 hargrave 2021-07-21 14:50:44 
TT 350 283.0  18.3 293.4  73.6 1.27E-05 001.8 127.1  79.4 0.036525 0.023294 0.020550 hargrave 2021-07-22 13:12:47 
TT 375 284.6  06.2 291.0  61.5 9.96E-06 001.8 061.8  78.2 0.029811 0.007033 0.025225 hargrave 2021-07-22 19:02:06 
TT 400 282.3  02.8 285.6  58.4 9.69E-06 001.5 042.1  77.7 0.021021 0.005434 0.027336 hargrave 2021-07-23 20:53:44 
TT 425 287.9 -07.4 292.2  47.5 8.29E-06 002.8 035.9  66.2 0.036815 0.023341 0.018705 hargrave 2021-07-25 11:10:18 
TT 450 286.4 -02.5 291.5  52.6 7.10E-06 001.4 041.0  71.0 0.011093 0.005333 0.025005 hargrave 2021-07-27 11:03:06 
TT 475 278.5 -11.8 278.5  44.0 6.78E-06 006.6 010.6  65.8 0.025759 0.072397 0.027628 hargrave 2021-07-28 17:42:51 
TT 500 280.7 -11.4 281.4  44.4 6.27E-06 003.8 015.9  65.7 0.036848 0.022955 0.007909 hargrave 2021-08-03 13:35:44 
TT 515 280.6 -10.1 281.3  45.7 6.40E-06 001.8 016.5  67.0 0.011752 0.013085 0.009769 hargrave 2021-08-04 13:26:34 
TT 530 283.3 -14.1 284.6  41.5 5.82E-06 001.5 019.5  62.4 0.009440 0.009983 0.007105 hargrave 2021-08-06 16:23:38 
TT 540 282.4 -20.1 283.0  35.6 5.89E-06 003.0 014.4  56.9 0.008670 0.028447 0.010072 hargrave 2021-08-09 17:04:13 
TT 550 282.2 -25.2 282.4  30.5 5.09E-06 002.9 011.9  52.0 0.008384 0.021915 0.012029 hargrave 2021-08-10 18:51:42 
TT 560 279.9 -28.6 279.9  27.2 4.33E-06 001.7 007.7  49.0 0.009838 0.002965 0.008890 hargrave 2021-08-11 15:45:18 
TT 566 273.8 -39.1 274.7  16.6 3.63E-06 002.2 359.7  38.9 0.006210 0.005855 0.013163 hargrave 2021-08-12 15:47:24 
TT 570 291.8 -10.7 296.6  43.5 1.38E-06 007.1 038.5  61.3 0.004168 0.015233 0.006667 hargrave 2021-08-13 14:08:39 
TT 573 314.6  27.3 006.0  58.6 1.97E-07 026.0 118.1  49.1 0.009535 0.004082 0.001054 hargrave 2021-08-16 12:21:01 
TT 573 288.9 -09.5 293.1  45.2 1.69E-07 015.1 035.1  63.9 0.003238 0.003619 0.001365 hargrave 2021-08-16 15:15:06 
TT 577 336.0 -16.4 335.7  15.7 1.28E-06 007.6 066.4  22.6 0.010394 0.014066 0.006186 hargrave 2021-08-17 11:26:34 
TT 580 266.8  12.8 248.9  66.1 4.56E-07 023.2 262.5  82.8 0.002985 0.019767 0.005186 hargrave 2021-08-18 15:58:43 
TT 580 250.3  03.8 231.4  49.7 5.25E-07 005.5 287.2  65.0 0.002898 0.004496 0.002155 hargrave 2021-08-18 18:07:57 
TT 583 352.9  23.2 020.6  25.4 4.60E-07 016.1 111.1  14.8 0.003885 0.021203 0.004505 hargrave 2021-08-19 18:05:26 
TT 583 263.2 -03.5 254.4  49.6 2.23E-07 014.0 324.3  71.0 0.002928 0.005172 0.003509 hargrave 2021-08-24 14:45:53 
TT 583 274.3 -07.2 272.1  48.4 2.24E-07 022.2 000.6  70.7 0.003193 0.008586 0.003367 hargrave 2021-08-25 09:07:21 
TT 586 150.0  68.2 116.6  19.3 8.46E-07 015.1 197.9 -00.6 0.003211 0.022402 0.006921 hargrave 2021-08-25 14:13:40 
TT 586 166.2  59.4 128.4  18.8 8.51E-07 004.7 208.9  01.5 0.003255 0.007295 0.001607 hargrave 2021-08-25 15:33:13 
TT 589 011.1  35.5 040.2  17.4 9.54E-07 004.5 126.0  01.4 0.007564 0.016686 0.004515 hargrave 2021-08-26 12:20:58 
TT 600 086.4  33.8 087.8 -21.0 4.23E-07 030.4 171.2 -43.6 0.003690 0.024922 0.002057 hargrave 2021-08-27 16:09:30 
TT 600 160.1  00.9 170.9 -22.8 4.32E-07 008.2 263.8 -23.2 0.003522 0.006273 0.003088 hargrave 2021-08-30 11:15:41 
