CS14- 5 mag compass orientation (IGRF corrected)
      0 352.1 100.0   8.7  55.8   1.0
NRM    298.3  14.8 325.9  63.8 1.36E-05 000.9 124.2  46.4 0.016420 0.012881 0.013523 hargrave 2021-07-08 15:37:10 
TT 100 300.5  22.8 343.6  67.8 1.09E-05 001.0 131.6  40.1 0.011453 0.010146 0.017258 hargrave 2021-07-09 14:53:10 
TT 150 299.2  20.2 336.4  67.1 9.89E-06 001.3 129.7  42.6 0.013082 0.015052 0.019655 hargrave 2021-07-19 15:42:15 
TT 200 301.0  18.6 336.2  64.8 9.22E-06 002.7 126.6  42.1 0.036187 0.025439 0.015804 hargrave 2021-07-20 11:53:29 
TT 250 299.0  19.2 334.1  66.6 8.66E-06 003.0 128.8  43.4 0.040186 0.028419 0.020438 hargrave 2021-07-20 17:58:48 
TT 300 297.9  18.5 331.0  66.8 7.50E-06 003.0 128.8  44.6 0.029322 0.023005 0.019984 hargrave 2021-07-21 14:56:05 
TT 350 298.0  15.7 326.7  64.6 6.27E-06 001.5 125.5  46.1 0.008834 0.005317 0.020565 hargrave 2021-07-22 13:18:12 
TT 375 296.2  15.2 322.7  65.3 5.38E-06 001.6 126.2  47.9 0.005716 0.003632 0.021489 hargrave 2021-07-22 19:07:30 
TT 400 296.9  11.1 318.7  61.5 4.90E-06 003.0 120.4  49.5 0.016068 0.012852 0.022201 hargrave 2021-07-23 20:59:52 
TT 425 296.6  09.7 316.7  60.5 3.56E-06 003.3 118.8  50.4 0.015825 0.009503 0.016812 hargrave 2021-07-25 11:15:44 
TT 450 291.3  07.5 305.1  60.9 2.90E-06 001.6 120.0  56.0 0.004848 0.003731 0.015923 hargrave 2021-07-27 11:08:24 
TT 475 287.3  05.6 296.3  60.3 2.25E-06 003.0 120.7  60.4 0.001898 0.001471 0.022743 hargrave 2021-07-28 17:48:13 
TT 500 284.1 -03.3 287.5  52.1 1.82E-06 004.0 105.5  67.2 0.004221 0.003192 0.024574 hargrave 2021-08-03 13:41:04 
TT 515 279.7 -06.2 280.2  49.6 1.47E-06 003.7 101.0  72.2 0.001697 0.002211 0.022527 hargrave 2021-08-04 13:31:57 
TT 530 283.5 -17.1 284.6  38.5 1.10E-06 007.3 068.9  68.0 0.004759 0.001715 0.025637 hargrave 2021-08-06 16:29:03 
TT 540 286.8 -16.3 288.7  38.9 9.67E-07 002.2 072.7  65.2 0.001277 0.003484 0.001316 hargrave 2021-08-09 17:10:50 
TT 550 298.0 -00.5 310.2  50.9 4.03E-07 004.0 102.8  53.1 0.001938 0.002759 0.000730 hargrave 2021-08-10 18:57:04 
TT 560 310.0 -07.0 320.5  39.3 2.87E-07 008.8 089.7  42.6 0.001926 0.004049 0.001711 hargrave 2021-08-11 15:50:39 
TT 560 300.5 -12.9 306.3  38.5 2.60E-07 002.6 081.8  52.2 0.000740 0.000776 0.001308 hargrave 2021-08-12 09:12:09 
TT 566 321.6  09.4 346.8  43.6 2.14E-07 008.5 106.2  27.6 0.000750 0.004429 0.001103 hargrave 2021-08-12 15:52:47 
TT 566 314.2  13.3 344.5  51.7 1.99E-07 005.5 113.3  33.2 0.001027 0.001625 0.001033 hargrave 2021-08-12 16:33:05 
TT 570 048.6  55.0 072.2  09.0 5.62E-07 011.8 156.3 -37.8 0.005346 0.009183 0.005544 hargrave 2021-08-13 14:14:05 
TT 570 064.7  63.0 083.7  10.9 5.97E-07 002.9 170.4 -35.6 0.001353 0.002577 0.001337 hargrave 2021-08-13 14:58:44 
TT 573 312.3  35.7 021.6  62.6 1.28E-07 011.1 136.9  24.2 0.003932 0.001504 0.000661 hargrave 2021-08-16 12:26:25 
TT 573 319.0  24.9 004.7  54.0 1.01E-07 010.7 123.3  24.5 0.001104 0.001916 0.000441 hargrave 2021-08-16 15:17:13 
TT 577 299.1  06.8 317.9  56.8 4.02E-07 006.5 113.1  49.4 0.001830 0.003552 0.002481 hargrave 2021-08-17 11:32:32 
TT 580 330.1 -25.0 325.4  13.3 1.68E-07 016.5 066.9  24.0 0.002004 0.006935 0.001373 hargrave 2021-08-18 16:04:10 
TT 580 335.2 -37.9 319.8  00.9 1.36E-07 012.3 053.2  19.4 0.001436 0.001911 0.002196 hargrave 2021-08-18 18:09:22 
TT 583 272.8  22.9 252.7  77.6 4.25E-07 012.0 162.4  55.5 0.001211 0.008846 0.001468 hargrave 2021-08-19 18:10:52 
TT 583 254.0  16.7 220.8  61.7 3.99E-07 005.8 196.9  62.1 0.001065 0.003974 0.001937 hargrave 2021-08-24 14:47:19 
TT 586 342.2  19.3 011.2  32.3 3.28E-07 006.1 110.8  05.9 0.002003 0.008448 0.001840 hargrave 2021-08-25 14:19:00 
TT 589 288.2  50.5 078.4  72.3 3.92E-07 006.8 161.9  25.4 0.002654 0.004500 0.001601 hargrave 2021-08-26 12:26:17 
TT 600 356.1 -23.2 342.6 -03.2 4.32E-07 005.1 066.4  00.3 0.001601 0.008715 0.001497 hargrave 2021-08-27 16:15:30 
