CS14- 3 mag compass orientation (IGRF corrected)
    0.4 153.1  27.0   8.7  55.8   1.0
NRM    328.5  60.8 064.3  48.7 3.91E-04 000.8 228.5  49.5 0.208383 0.401149 0.348783 hargrave 2021-07-08 15:34:24 
TT 100 329.7  60.0 062.9  48.3 3.81E-04 000.7 230.0  49.3 0.409160 0.140167 0.263367 hargrave 2021-07-09 14:50:27 
TT 150 328.3  59.8 062.9  49.1 3.57E-04 001.6 229.4  48.6 0.813478 0.581468 0.272001 hargrave 2021-07-19 15:39:34 
TT 200 329.5  58.4 060.6  48.8 3.30E-04 001.3 231.5  48.1 0.441471 0.528721 0.239474 hargrave 2021-07-20 11:50:13 
TT 250 326.7  58.7 061.7  50.1 2.96E-04 000.7 229.6  47.4 0.096898 0.265797 0.247911 hargrave 2021-07-20 17:55:32 
TT 300 327.7  60.9 064.7  49.0 2.24E-04 000.6 227.9  49.3 0.169232 0.049711 0.177101 hargrave 2021-07-21 14:53:22 
TT 350 333.7  63.2 066.8  45.7 1.61E-04 002.0 228.4  52.9 0.456254 0.349330 0.108120 hargrave 2021-07-22 13:15:28 
TT 375 330.3  63.4 067.6  47.1 1.25E-04 003.2 226.5  51.9 0.559875 0.431729 0.093266 hargrave 2021-07-22 19:04:47 
TT 400 328.3  62.2 066.4  48.3 9.82E-05 002.6 226.8  50.4 0.350470 0.277697 0.072008 hargrave 2021-07-23 20:57:08 
TT 425 326.9  61.5 065.7  49.2 8.12E-05 003.9 226.9  49.4 0.418913 0.350621 0.060407 hargrave 2021-07-25 11:13:00 
TT 450 327.5  61.1 065.0  49.1 7.09E-05 000.9 227.6  49.4 0.072963 0.086523 0.051685 hargrave 2021-07-27 11:05:44 
TT 475 340.6  56.3 056.5  43.2 6.42E-05 010.6 240.4  50.7 1.084736 0.518309 0.044273 hargrave 2021-07-28 17:45:31 
TT 475 328.5  60.7 064.2  48.7 6.56E-05 001.2 228.6  49.4 0.121917 0.091672 0.050784 hargrave 2021-07-30 17:22:20 
TT 500 326.5  61.6 066.0  49.3 5.84E-05 001.2 226.5  49.4 0.081707 0.104993 0.042672 hargrave 2021-08-03 13:38:23 
TT 515 329.5  60.6 063.8  48.3 5.24E-05 002.0 229.2  49.7 0.157921 0.110464 0.033567 hargrave 2021-08-04 13:29:12 
TT 530 329.5  61.6 065.3  48.0 4.18E-05 003.9 228.0  50.4 0.100103 0.055838 0.461130 hargrave 2021-08-06 16:26:17 
TT 540 326.0  59.3 062.7  50.3 3.30E-05 002.5 228.6  47.5 0.103662 0.100359 0.018226 hargrave 2021-08-09 17:08:09 
TT 550 317.9  59.0 064.8  54.2 2.55E-05 003.8 224.3  44.7 0.115403 0.128619 0.024125 hargrave 2021-08-10 18:54:20 
TT 560 315.5  56.4 061.7  56.6 1.50E-05 001.1 225.0  41.8 0.025795 0.015151 0.010741 hargrave 2021-08-11 15:47:56 
TT 566 318.1  52.7 054.5  56.6 1.09E-05 002.6 229.4  39.6 0.045843 0.022600 0.007013 hargrave 2021-08-12 15:50:04 
TT 570 319.4  56.8 060.8  54.5 7.15E-06 002.6 227.0  43.3 0.036098 0.008682 0.006646 hargrave 2021-08-13 14:11:20 
TT 573 315.9  49.0 048.5  58.9 5.74E-06 002.8 230.6  35.8 0.025093 0.015074 0.006095 hargrave 2021-08-16 12:23:43 
TT 577 320.9  66.4 074.3  49.5 5.70E-06 003.3 218.5  51.1 0.013521 0.030652 0.003278 hargrave 2021-08-17 11:29:51 
TT 580 314.6  64.0 073.4  53.0 4.85E-06 001.4 218.0  47.6 0.011510 0.014774 0.005183 hargrave 2021-08-18 16:01:25 
TT 583 307.5  61.9 074.2  56.9 5.00E-06 001.8 216.1  43.9 0.013715 0.017227 0.004431 hargrave 2021-08-19 18:08:10 
TT 586 323.6  68.6 076.3  47.5 4.27E-06 002.9 217.1  53.3 0.006944 0.027238 0.010301 hargrave 2021-08-25 14:16:19 
TT 589 337.2  70.5 076.0  42.4 4.24E-06 001.7 219.3  58.3 0.004656 0.013410 0.006626 hargrave 2021-08-26 12:23:36 
TT 600 319.0  62.7 069.9  52.1 2.50E-06 006.3 221.5  47.8 0.004680 0.031012 0.003219 hargrave 2021-08-27 16:12:48 
