CS14- 6 mag compass orientation (IGRF corrected)
    1.3 142.1  48.0   8.7  55.8   1.0
NRM    004.0 -42.5 329.8 -19.2 4.09E-04 003.0 326.5 -05.0 1.274511 1.695914 0.358408 hargrave 2021-07-08 15:38:25 
TT 100 358.6 -39.4 330.4 -14.2 3.96E-04 004.5 321.5 -04.8 1.965528 2.404119 0.446260 hargrave 2021-07-09 14:54:26 
TT 150 359.3 -40.0 330.2 -15.0 3.66E-04 001.3 322.3 -04.9 0.382060 0.672975 0.364826 hargrave 2021-07-19 15:43:30 
TT 200 002.1 -41.6 329.9 -17.6 3.38E-04 002.4 324.9 -05.0 0.789153 1.104799 0.346252 hargrave 2021-07-20 11:55:02 
TT 250 002.1 -41.5 330.0 -17.5 3.09E-04 001.4 324.8 -04.9 0.378355 0.564596 0.303189 hargrave 2021-07-20 18:00:21 
TT 300 359.8 -40.4 330.0 -15.5 2.77E-04 001.7 322.8 -05.1 0.467920 0.610147 0.258617 hargrave 2021-07-21 14:57:21 
TT 350 005.8 -43.9 329.2 -21.1 2.12E-04 000.8 328.5 -05.4 0.224391 0.141918 0.203494 hargrave 2021-07-22 13:19:30 
TT 375 359.9 -40.9 329.6 -15.8 1.94E-04 004.0 323.1 -05.4 0.831137 1.076307 0.178239 hargrave 2021-07-22 19:08:48 
TT 400 001.9 -42.1 329.4 -17.7 1.85E-04 000.9 325.1 -05.4 0.148569 0.225942 0.165997 hargrave 2021-07-23 21:01:08 
TT 425 359.0 -40.6 329.5 -15.1 1.76E-04 001.3 322.4 -05.6 0.275752 0.251043 0.191754 hargrave 2021-07-25 11:17:04 
TT 450 005.5 -43.8 329.2 -20.8 1.68E-04 002.0 328.2 -05.4 0.791040 0.309644 0.154861 hargrave 2021-07-27 11:09:40 
TT 475 000.6 -41.6 329.3 -16.7 1.53E-04 002.4 324.0 -05.6 0.285528 0.577531 0.148671 hargrave 2021-07-28 17:49:28 
TT 500 004.6 -43.7 328.9 -20.2 1.37E-04 004.1 327.6 -05.7 0.537386 0.836763 0.131272 hargrave 2021-08-03 13:42:21 
TT 515 001.1 -41.8 329.3 -17.0 1.25E-04 002.7 324.4 -05.6 0.279137 0.535858 0.114611 hargrave 2021-08-04 13:33:13 
TT 530 003.0 -43.1 328.9 -18.9 1.05E-04 001.1 326.3 -05.8 0.080906 0.165834 0.096071 hargrave 2021-08-06 16:30:23 
TT 540 005.2 -44.4 328.5 -20.9 9.14E-05 002.2 328.3 -06.0 0.148003 0.334843 0.077793 hargrave 2021-08-09 17:12:06 
TT 550 003.2 -43.6 328.5 -19.3 6.98E-05 000.9 326.7 -06.2 0.061938 0.089094 0.062757 hargrave 2021-08-10 18:58:19 
TT 560 004.0 -44.4 328.1 -20.1 4.53E-05 007.5 327.6 -06.5 0.257569 0.544083 0.042913 hargrave 2021-08-11 15:51:55 
TT 566 000.9 -42.9 328.3 -17.5 2.91E-05 001.3 324.9 -06.5 0.045046 0.051118 0.030047 hargrave 2021-08-12 15:54:05 
TT 570 355.1 -39.6 328.7 -12.1 2.03E-05 004.2 319.4 -06.6 0.092841 0.117685 0.018071 hargrave 2021-08-13 14:15:25 
TT 573 002.7 -41.8 329.9 -18.0 9.91E-06 002.9 325.4 -04.9 0.034474 0.037081 0.009227 hargrave 2021-08-16 12:27:41 
TT 577 003.1 -39.9 331.9 -17.4 8.39E-06 002.0 324.5 -03.1 0.027300 0.020982 0.007170 hargrave 2021-08-17 11:33:49 
TT 580 359.4 -34.6 334.8 -12.1 6.34E-06 000.8 319.1 -00.6 0.012209 0.008732 0.006071 hargrave 2021-08-18 16:05:26 
TT 583 354.2 -31.3 335.1 -06.6 5.23E-06 002.0 313.6 -00.6 0.019565 0.012297 0.005443 hargrave 2021-08-19 18:12:11 
TT 586 354.7 -38.1 329.7 -11.0 4.58E-06 000.7 318.3 -05.6 0.008044 0.007968 0.004112 hargrave 2021-08-25 14:20:17 
TT 589 000.1 -34.6 335.2 -12.6 4.32E-06 001.7 319.6 -00.2 0.015003 0.006059 0.003403 hargrave 2021-08-26 12:27:33 
TT 600 014.9 -35.4 340.8 -23.5 2.39E-06 001.2 330.3  05.4 0.009143 0.003119 0.002424 hargrave 2021-08-27 16:16:47 
