CS14- 1 mag compass orientation (IGRF corrected)
    0.4 350.1  76.0   8.7  55.8   1.0
NRM    312.1  56.5 063.5  58.2 2.35E-04 001.5 149.1  32.1 0.313726 0.482983 0.262052 hargrave 2021-07-08 15:29:35 
TT 100 312.6  55.7 061.9  58.3 2.29E-04 001.3 148.1  32.2 0.341691 0.339650 0.210125 hargrave 2021-07-09 14:45:03 
TT 150 313.4  52.9 056.7  59.1 2.18E-04 002.0 144.9  32.9 0.457781 0.585283 0.195174 hargrave 2021-07-19 15:34:45 
TT 200 308.6  56.6 065.7  59.8 2.03E-04 000.7 150.3  33.8 0.119099 0.065864 0.204887 hargrave 2021-07-20 11:44:34 
TT 250 308.8  54.2 061.4  61.0 1.84E-04 000.7 147.6  34.8 0.117469 0.067752 0.180005 hargrave 2021-07-20 17:49:53 
TT 300 313.9  54.0 058.4  58.4 1.21E-04 002.9 145.9  32.2 0.349844 0.503950 0.113342 hargrave 2021-07-21 14:49:19 
TT 350 318.8  59.9 065.9  53.4 7.16E-05 001.5 151.1  27.5 0.049351 0.154935 0.119854 hargrave 2021-07-22 13:11:17 
TT 375 317.5  61.6 068.8  53.2 5.74E-05 002.1 153.1  27.5 0.151941 0.173689 0.060166 hargrave 2021-07-22 19:00:41 
TT 400 315.9  63.0 071.5  53.1 4.96E-05 003.5 154.9  27.6 0.126656 0.281726 0.047298 hargrave 2021-07-23 20:52:19 
TT 425 315.5  60.7 068.3  54.5 4.55E-05 001.6 152.6  28.7 0.101989 0.074921 0.046663 hargrave 2021-07-25 11:08:54 
TT 450 317.1  60.9 068.0  53.8 4.07E-05 001.2 152.5  27.9 0.069513 0.060845 0.040997 hargrave 2021-07-27 11:00:59 
TT 475 313.2  61.8 071.0  54.8 3.75E-05 002.8 154.4  29.3 0.121134 0.138901 0.037450 hargrave 2021-07-28 17:41:26 
TT 500 315.9  60.3 067.6  54.5 3.21E-05 001.6 152.1  28.7 0.086474 0.068313 0.035714 hargrave 2021-08-03 13:34:18 
TT 515 311.9  60.4 069.6  56.2 2.78E-05 003.9 153.2  30.4 0.171345 0.128518 0.028374 hargrave 2021-08-04 13:24:27 
TT 530 305.6  60.6 073.7  58.4 2.25E-05 002.4 155.4  33.0 0.065243 0.077640 0.024445 hargrave 2021-08-06 16:22:12 
TT 540 309.6  59.9 070.2  57.4 1.98E-05 001.2 153.4  31.7 0.036017 0.034883 0.022054 hargrave 2021-08-09 17:02:48 
TT 550 307.3  55.4 064.5  61.1 1.54E-05 002.0 149.4  35.0 0.042834 0.047010 0.022308 hargrave 2021-08-10 18:50:15 
TT 560 302.6  56.4 069.8  62.4 1.07E-05 001.8 152.3  36.7 0.034540 0.025659 0.020885 hargrave 2021-08-11 15:43:52 
TT 566 306.1  59.9 072.4  58.7 7.68E-06 002.6 154.5  33.2 0.032356 0.027695 0.005705 hargrave 2021-08-12 15:45:58 
TT 570 296.8  62.9 082.7  59.1 4.44E-06 002.7 160.7  34.7 0.004746 0.020904 0.003469 hargrave 2021-08-13 14:07:09 
TT 573 321.9  60.2 065.2  52.0 4.50E-06 002.1 150.8  26.0 0.015515 0.013347 0.004603 hargrave 2021-08-16 12:18:09 
TT 577 344.1  62.6 065.0  41.1 4.31E-06 004.9 151.7  15.1 0.011357 0.037561 0.003902 hargrave 2021-08-17 11:25:06 
TT 580 327.8  70.5 077.7  45.3 3.69E-06 003.2 160.8  20.5 0.006828 0.021282 0.003770 hargrave 2021-08-18 15:57:14 
TT 583 339.4  55.2 055.0  43.8 3.31E-06 003.3 143.9  17.5 0.009408 0.023581 0.004188 hargrave 2021-08-19 18:03:57 
TT 586 007.7  76.9 083.0  33.4 3.89E-06 005.3 167.4  09.7 0.006834 0.035581 0.005650 hargrave 2021-08-25 14:12:14 
TT 589 358.8  60.2 062.5  34.0 2.99E-06 001.6 150.2  07.9 0.010177 0.012830 0.002631 hargrave 2021-08-26 12:19:33 
TT 600 342.2  62.7 065.2  42.0 2.88E-06 008.0 151.8  16.0 0.007668 0.042555 0.002545 hargrave 2021-08-27 16:08:04 
TT 600 324.1  70.0 077.9  46.6 2.56E-06 002.7 160.6  21.9 0.008737 0.008939 0.004447 hargrave 2021-08-30 11:14:13 
TT 609 321.1  71.4 080.5  46.7 2.06E-06 007.1 162.5  22.3 0.005611 0.024377 0.008807 hargrave 2021-08-31 14:24:56 
TT 619 255.0  82.3 102.8  41.2 1.61E-06 013.7 180.7  21.7 0.003501 0.038166 0.010031 hargrave 2021-09-01 13:46:06 
TT 619 221.0  77.6 112.4  40.1 1.51E-06 004.1 188.5  23.5 0.004949 0.011143 0.002967 hargrave 2021-09-01 16:40:06 
TT 630 338.0  56.6 057.0  44.6 1.15E-06 015.1 145.4  18.3 0.004722 0.029187 0.015508 hargrave 2021-09-02 08:58:34 
TT 630 316.3  66.4 075.8  51.0 9.11E-07 005.9 158.3  26.0 0.003530 0.007912 0.004945 hargrave 2021-09-02 14:13:50 
TT 640 208.7  76.8 114.5  37.7 1.54E-06 008.8 191.1  22.0 0.002934 0.024196 0.003288 hargrave 2021-09-02 17:48:01 
TT 640 204.5  60.5 135.1  36.9 1.55E-06 012.2 207.6  28.7 0.009226 0.032884 0.001379 hargrave 2021-09-03 08:24:25 
TT 650 356.7  00.4 002.3  10.1 1.37E-06 007.2 092.0 -06.3 0.009079 0.067213 0.015036 hargrave 2021-09-24 13:35:26 
TT 660 343.6  39.0 034.1  38.8 7.17E-07 041.6 127.3  13.7 0.005398 0.065922 0.010968 hargrave 2021-09-24 18:44:09 
TT 660 295.2  07.3 312.0  59.1 2.16E-07 071.1 082.7  54.9 0.003497 0.060940 0.025330 hargrave 2021-09-25 12:54:32 
TT 664 270.4 -19.7 269.1  35.5 3.80E-07 060.0 016.9  54.8 0.009009 0.064858 0.014814 hargrave 2021-09-25 18:35:08 
