CS15- 3 mag compass orientation (IGRF corrected)
    0.6 185.1   5.0   8.9  69.0   1.0
NRM    015.6  20.5 030.4  01.4 7.28E-04 000.5 278.6  21.3 0.279478 0.197732 0.623541 hargrave 2021-07-08 15:45:36 
TT 100 011.0  18.9 027.3  04.8 5.08E-04 000.6 274.2  19.3 0.335881 0.155258 0.402457 hargrave 2021-07-09 15:01:42 
TT 150 005.5  16.7 023.4  09.0 2.95E-04 001.1 268.9  16.7 0.479227 0.079167 0.268120 hargrave 2021-07-19 15:52:12 
TT 200 000.1  13.4 018.5  12.8 1.96E-04 001.2 263.8  12.9 0.370720 0.079527 0.162818 hargrave 2021-07-20 12:05:13 
TT 250 349.6  11.8 013.5  22.0 1.42E-04 000.5 253.6  10.4 0.050880 0.096703 0.112601 hargrave 2021-07-20 18:08:57 
TT 300 340.7  09.9 008.4  29.7 9.18E-05 000.8 244.9  07.8 0.095709 0.068482 0.076179 hargrave 2021-07-21 15:05:14 
TT 350 330.9  06.6 000.8  37.7 2.57E-05 002.9 235.5  03.8 0.051515 0.213506 0.028566 hargrave 2021-07-22 13:27:29 
TT 375 319.9 -01.4 344.7  44.1 1.50E-05 001.8 225.0 -05.0 0.032722 0.041366 0.023310 hargrave 2021-07-22 19:16:07 
TT 400 310.9 -07.5 330.0  47.6 1.19E-05 002.2 216.2 -11.5 0.031658 0.031016 0.022916 hargrave 2021-07-23 21:08:14 
TT 425 306.3 -14.4 318.3  45.5 9.66E-06 002.6 212.0 -18.7 0.025231 0.037839 0.008086 hargrave 2021-07-25 11:24:22 
TT 450 302.5 -10.5 317.5  50.9 9.90E-06 003.3 207.9 -14.9 0.024370 0.053305 0.010843 hargrave 2021-07-27 11:16:52 
TT 475 298.5 -16.4 307.7  47.9 9.98E-06 002.9 204.1 -21.0 0.012974 0.046055 0.022729 hargrave 2021-07-28 17:56:36 
TT 500 290.2 -13.3 297.9  54.0 1.00E-05 002.8 195.5 -18.1 0.023695 0.038565 0.022154 hargrave 2021-08-03 13:50:14 
TT 515 281.3 -16.5 282.7  52.4 8.28E-06 002.4 186.4 -21.5 0.018022 0.027362 0.020590 hargrave 2021-08-04 13:40:23 
TT 530 269.9 -32.3 269.5  36.0 6.95E-06 002.4 174.5 -37.3 0.015678 0.020902 0.019901 hargrave 2021-08-06 16:38:24 
TT 540 263.0 -26.5 260.2  40.1 8.54E-06 003.0 167.3 -31.4 0.025446 0.040099 0.021955 hargrave 2021-08-09 17:20:02 
TT 550 277.3 -17.9 276.6  51.0 8.96E-06 002.5 182.3 -22.9 0.023439 0.035207 0.016901 hargrave 2021-08-10 19:05:32 
TT 560 279.3 -19.2 279.5  49.8 9.77E-06 002.9 184.4 -24.2 0.029863 0.043319 0.022018 hargrave 2021-08-11 15:59:13 
TT 566 288.2 -30.0 289.1  38.2 1.24E-05 001.3 193.8 -34.9 0.024414 0.022366 0.013543 hargrave 2021-08-12 16:02:45 
TT 570 311.6 -15.3 323.0  41.5 1.46E-05 002.1 217.4 -19.3 0.027292 0.052765 0.015665 hargrave 2021-08-13 14:23:21 
TT 573 297.4  15.5 354.6  71.6 1.38E-05 003.7 201.8  10.9 0.035169 0.100986 0.018417 hargrave 2021-08-16 12:35:48 
TT 577 298.4  13.0 348.9  69.8 1.37E-05 002.0 202.9  08.4 0.053426 0.055072 0.014486 hargrave 2021-08-17 11:41:53 
TT 580 303.3  08.8 345.1  63.5 1.04E-05 001.9 208.0  04.4 0.031618 0.032669 0.017103 hargrave 2021-08-18 16:12:47 
TT 583 307.8  11.6 354.8  60.8 1.67E-05 003.9 212.3  07.4 0.063838 0.108340 0.016031 hargrave 2021-08-19 18:20:07 
TT 586 311.8 -01.5 338.1  50.7 1.69E-05 001.7 216.9 -05.5 0.032309 0.052286 0.016128 hargrave 2021-08-25 14:27:28 
TT 589 326.4 -01.5 349.1  38.4 1.34E-05 002.4 231.5 -04.6 0.055815 0.063706 0.029283 hargrave 2021-08-26 12:35:26 
TT 600 321.3  17.8 011.9  50.0 2.10E-05 001.7 225.2  14.3 0.031531 0.072513 0.020379 hargrave 2021-08-27 16:23:57 
