CS15- 1 mag compass orientation (IGRF corrected)
    1.2 169.1  82.0   8.9  69.0   1.0
NRM    068.7  30.4 068.5 -31.0 3.01E-04 002.2 202.2  65.6 0.612732 0.878586 0.394929 hargrave 2021-07-08 15:42:37 
TT 100 092.7  11.8 087.8 -56.7 2.33E-04 001.4 106.8  76.1 0.270460 0.495674 0.139820 hargrave 2021-07-09 14:58:42 
TT 150 107.5 -07.5 131.8 -74.2 1.87E-04 002.3 062.0  57.7 0.218904 0.607752 0.365017 hargrave 2021-07-19 15:47:46 
TT 200 115.4 -11.8 161.2 -71.7 1.70E-04 001.9 061.7  48.8 0.312092 0.300958 0.379655 hargrave 2021-07-20 12:00:02 
TT 250 117.6 -14.7 172.6 -71.1 1.46E-04 002.4 059.3  45.5 0.447650 0.169844 0.382293 hargrave 2021-07-20 18:05:21 
TT 300 113.5 -18.8 182.3 -76.1 7.22E-05 002.3 051.3  46.8 0.199875 0.096883 0.202887 hargrave 2021-07-21 15:01:37 
TT 350 058.9 -49.8 316.6 -47.3 1.17E-05 002.3 345.2  29.6 0.042567 0.023920 0.047277 hargrave 2021-07-22 13:24:30 
TT 375 010.8 -53.6 317.4 -17.8 1.09E-05 004.2 326.4  06.0 0.052916 0.060474 0.015090 hargrave 2021-07-22 19:13:05 
TT 400 004.5 -51.3 318.8 -13.6 1.09E-05 002.6 322.9  03.2 0.043084 0.023708 0.038449 hargrave 2021-07-23 21:05:19 
TT 425 356.5 -49.8 318.5 -08.3 1.10E-05 002.2 320.2 -01.4 0.040935 0.033162 0.026521 hargrave 2021-07-25 11:21:26 
TT 450 354.7 -50.4 317.4 -07.5 1.03E-05 002.6 320.6 -02.6 0.047100 0.036396 0.008494 hargrave 2021-07-27 11:13:56 
TT 475 354.6 -49.6 318.2 -07.1 1.03E-05 002.9 319.8 -02.5 0.039133 0.039010 0.011234 hargrave 2021-07-28 17:53:40 
TT 500 353.8 -52.4 315.3 -07.8 1.14E-05 001.8 322.5 -03.5 0.022570 0.026404 0.015011 hargrave 2021-08-03 13:47:17 
TT 515 354.0 -44.4 322.7 -04.5 1.09E-05 001.8 314.6 -02.1 0.033118 0.017728 0.010979 hargrave 2021-08-04 13:37:26 
TT 530 352.3 -47.0 319.9 -04.6 1.08E-05 001.7 317.0 -03.7 0.021358 0.030583 0.008697 hargrave 2021-08-06 16:35:26 
TT 540 001.9 -44.4 324.9 -09.8 1.12E-05 001.8 315.8  03.4 0.031242 0.027313 0.010934 hargrave 2021-08-09 17:17:03 
TT 550 353.7 -33.3 332.7  00.5 1.12E-05 003.8 303.5 -00.6 0.059066 0.045739 0.010794 hargrave 2021-08-10 19:02:32 
TT 560 353.9 -14.8 349.5  08.2 1.14E-05 002.5 285.3  02.5 0.043281 0.018648 0.021615 hargrave 2021-08-11 15:56:14 
TT 566 344.2 -14.0 346.1  16.9 1.40E-05 002.0 283.3 -06.6 0.038878 0.026655 0.027869 hargrave 2021-08-12 15:59:05 
TT 570 349.0 -08.1 353.8  15.3 1.55E-05 006.0 278.0 -01.2 0.162089 0.029554 0.029928 hargrave 2021-08-13 14:19:38 
TT 573 353.6  08.8 011.9  17.4 1.15E-05 002.7 261.8  05.6 0.048773 0.014158 0.024775 hargrave 2021-08-16 12:32:02 
TT 577 344.3  14.6 014.8  27.8 1.11E-05 004.8 254.9 -02.6 0.073656 0.048100 0.043300 hargrave 2021-08-17 11:38:08 
TT 580 340.1  06.2 004.2  29.0 1.25E-05 004.0 262.6 -08.0 0.080480 0.019851 0.035346 hargrave 2021-08-18 16:09:47 
TT 583 348.9  18.4 020.2  24.6 1.26E-05 005.4 251.7  02.4 0.111484 0.025040 0.042037 hargrave 2021-08-19 18:16:26 
TT 586 344.1  11.4 011.3  27.1 1.18E-05 001.4 258.0 -03.3 0.017665 0.025486 0.024271 hargrave 2021-08-25 14:24:31 
TT 589 352.8  20.9 023.9  21.7 1.32E-05 003.3 249.7  06.3 0.053244 0.040410 0.045614 hargrave 2021-08-26 12:31:47 
TT 600 355.0  08.0 011.6  15.8 1.26E-05 002.2 262.8  06.9 0.026868 0.026448 0.036406 hargrave 2021-08-27 16:21:00 
TT 609 336.6  06.9 003.6  32.5 1.14E-05 003.0 261.3 -11.3 0.054586 0.023442 0.024636 hargrave 2021-08-31 14:26:09 
TT 619 344.0 -03.3 356.2  21.8 1.80E-05 002.6 272.6 -05.5 0.075816 0.042024 0.030662 hargrave 2021-09-01 13:47:22 
TT 630 339.4  06.4 004.2  29.8 1.95E-05 002.4 262.3 -08.6 0.062386 0.032240 0.055635 hargrave 2021-09-02 08:59:47 
TT 640 335.0  09.8 006.3  35.0 2.26E-05 003.6 258.0 -12.3 0.139275 0.148968 0.054095 hargrave 2021-09-02 17:49:18 
TT 650 336.4  12.3 009.7  34.5 1.47E-05 007.7 255.8 -10.5 0.129254 0.237366 0.040336 hargrave 2021-09-24 13:37:01 
TT 660 339.3  11.8 010.1  31.6 2.04E-05 003.1 256.8 -07.8 0.050989 0.260031 0.020031 hargrave 2021-09-24 18:45:43 
TT 664 334.3  00.1 355.1  32.1 1.67E-05 004.9 267.8 -14.6 0.110717 0.171605 0.041449 hargrave 2021-09-25 18:36:41 
