CS15- 5 mag compass orientation (IGRF corrected)
    1.3  57.1  23.0   8.9  69.0   1.0
NRM    087.5  20.2 083.1 -47.4 2.03E-04 004.3 125.3  07.5 1.215389 0.865606 0.248442 hargrave 2021-07-08 15:51:19 
TT 100 097.8  04.9 096.4 -64.1 1.82E-04 003.3 129.9 -10.1 0.734954 0.707984 0.226763 hargrave 2021-07-09 15:07:30 
TT 150 108.2 -05.7 130.6 -72.2 1.62E-04 000.9 137.2 -23.2 0.070348 0.159593 0.209687 hargrave 2021-07-19 15:57:20 
TT 200 115.0 -09.7 155.3 -70.8 1.52E-04 002.0 143.3 -28.8 0.208853 0.446629 0.180540 hargrave 2021-07-20 12:11:06 
TT 250 116.1 -12.2 163.5 -71.3 1.39E-04 001.1 143.9 -31.5 0.194392 0.098557 0.154655 hargrave 2021-07-20 18:14:54 
TT 300 114.6 -12.8 162.9 -72.9 9.16E-05 003.7 142.0 -31.7 0.222079 0.553235 0.109849 hargrave 2021-07-21 15:10:53 
TT 350 095.9 -15.6 070.5 -83.9 1.93E-05 000.9 121.0 -29.0 0.027752 0.018107 0.014154 hargrave 2021-07-22 13:32:34 
TT 375 090.0 -21.7 002.1 -81.7 1.39E-05 003.2 112.3 -32.6 0.064185 0.043869 0.009410 hargrave 2021-07-22 19:21:12 
TT 400 083.9 -23.6 355.4 -75.9 1.30E-05 002.8 105.3 -32.0 0.062169 0.012097 0.008038 hargrave 2021-07-23 21:13:15 
TT 425 078.5 -25.5 351.4 -70.8 1.15E-05 004.0 099.1 -31.7 0.080159 0.012298 0.007538 hargrave 2021-07-25 11:29:28 
TT 450 075.7 -25.3 353.0 -68.2 1.05E-05 001.7 096.5 -30.4 0.029669 0.010171 0.008690 hargrave 2021-07-27 11:21:11 
TT 475 073.4 -20.3 006.0 -66.1 8.61E-06 001.7 096.7 -25.0 0.023969 0.014335 0.006589 hargrave 2021-07-28 18:02:12 
TT 500 068.6 -19.8 005.8 -61.7 7.65E-06 001.1 092.5 -22.7 0.013530 0.013013 0.009177 hargrave 2021-08-03 13:55:16 
TT 515 072.9 -17.9 011.6 -65.3 6.38E-06 000.8 097.3 -22.6 0.007518 0.009572 0.004912 hargrave 2021-08-04 13:44:42 
TT 530 067.2 -20.9 003.3 -60.5 5.12E-06 002.7 090.7 -23.1 0.023966 0.010976 0.006622 hargrave 2021-08-06 16:43:35 
TT 540 053.9 -15.2 008.9 -47.0 3.77E-06 001.4 081.1 -12.7 0.007873 0.011687 0.008361 hargrave 2021-08-09 17:25:04 
TT 550 056.4 -12.6 013.6 -48.6 3.26E-06 001.4 084.4 -11.3 0.006997 0.009932 0.004495 hargrave 2021-08-10 19:09:53 
TT 560 028.7 -17.2 358.8 -24.1 3.02E-06 003.6 057.6 -05.4 0.013909 0.013520 0.008420 hargrave 2021-08-11 16:03:39 
TT 566 007.0 -17.9 351.5 -04.6 3.22E-06 002.2 037.6  00.1 0.006603 0.005333 0.011499 hargrave 2021-08-12 16:08:30 
TT 570 344.5 -15.2 345.0  16.2 2.73E-06 002.8 016.8  06.8 0.007627 0.010984 0.007985 hargrave 2021-08-13 14:28:35 
TT 573 357.6  16.1 020.4  15.9 2.47E-06 006.0 036.8  35.3 0.005799 0.015237 0.020878 hargrave 2021-08-16 12:40:13 
TT 577 026.5  18.5 032.7 -08.9 2.91E-06 005.1 068.6  28.7 0.026493 0.005865 0.004386 hargrave 2021-08-17 11:46:52 
TT 580 017.5  22.1 032.5  00.3 3.36E-06 003.1 061.0  35.2 0.007420 0.016425 0.007119 hargrave 2021-08-18 16:17:47 
TT 583 016.7  10.3 021.3 -03.4 3.23E-06 004.6 055.4  24.5 0.015581 0.021396 0.006556 hargrave 2021-08-19 18:25:04 
TT 586 005.3  40.0 046.2  16.0 2.94E-06 002.8 057.4  55.8 0.009581 0.009569 0.006156 hargrave 2021-08-25 14:31:48 
TT 589 039.5  17.7 038.0 -20.1 2.48E-06 002.1 080.8  23.1 0.004515 0.019532 0.002253 hargrave 2021-08-26 12:39:46 
TT 600 018.3  25.1 035.6  00.8 2.77E-06 005.5 063.2  37.8 0.014420 0.024346 0.004377 hargrave 2021-08-27 16:28:17 
