CS15- 6 mag compass orientation (IGRF corrected)
    1.7 118.1  24.0   8.9  69.0   1.0
NRM    006.3  19.2 026.1  09.1 2.17E-03 004.8 332.2  41.1 7.125571 16.38907 2.873153 hargrave 2021-07-08 15:52:46 
TT 100 359.5  18.1 023.0  14.9 1.85E-03 000.9 324.4  38.6 1.874293 0.821684 2.166837 hargrave 2021-07-09 15:09:00 
TT 150 350.7  19.7 022.1  23.3 1.52E-03 000.9 313.7  37.7 1.608689 1.063153 1.675518 hargrave 2021-07-19 15:58:46 
TT 200 339.9  22.2 022.2  33.7 1.33E-03 002.2 300.7  36.6 4.236131 2.711909 1.082580 hargrave 2021-07-20 12:12:50 
TT 250 333.2  23.5 022.6  39.9 1.21E-03 000.5 293.1  35.4 0.550131 0.360524 0.890320 hargrave 2021-07-20 18:16:38 
TT 300 328.0  24.7 023.3  44.8 1.07E-03 000.5 287.2  34.4 0.476619 0.669321 0.793282 hargrave 2021-07-21 15:12:19 
TT 350 323.6  24.6 022.7  48.8 9.65E-04 004.3 282.9  32.6 7.192375 1.280075 0.726624 hargrave 2021-07-22 13:34:05 
TT 375 323.3  23.1 020.3  48.9 9.09E-04 001.0 283.4  31.1 1.510551 0.229990 0.660178 hargrave 2021-07-22 19:22:40 
TT 400 321.5  23.4 020.6  50.6 8.67E-04 001.1 281.5  30.7 1.465384 0.861165 0.611169 hargrave 2021-07-23 21:14:45 
TT 425 320.2  23.3 020.4  51.8 8.35E-04 002.6 280.3  30.2 3.626461 0.950004 0.604641 hargrave 2021-07-25 11:30:58 
TT 450 321.4  23.0 020.0  50.6 7.98E-04 003.0 281.6  30.4 4.111468 0.781631 0.698584 hargrave 2021-07-27 11:22:38 
TT 475 323.5  21.1 017.3  48.6 7.63E-04 001.7 284.6  29.4 2.143053 0.458266 0.725522 hargrave 2021-07-28 18:03:40 
TT 500 321.7  21.7 017.9  50.3 7.29E-04 005.1 282.5  29.2 6.337749 1.215882 0.694629 hargrave 2021-08-03 13:56:43 
TT 515 321.1  20.9 016.6  50.7 7.03E-04 002.4 282.4  28.3 2.904272 0.361055 0.676338 hargrave 2021-08-04 13:46:10 
TT 530 323.7  18.1 013.1  47.8 6.63E-04 002.0 286.2  26.8 2.232378 0.560688 0.652449 hargrave 2021-08-06 16:45:02 
TT 540 313.8  22.2 017.6  57.6 6.42E-04 005.0 274.8  26.6 5.560967 0.815647 0.512707 hargrave 2021-08-09 17:26:31 
TT 550 318.9  19.1 013.2  52.5 6.11E-04 002.1 281.1  25.8 2.253496 0.199084 0.564584 hargrave 2021-08-10 19:11:22 
TT 560 316.1  18.8 012.0  55.1 5.79E-04 002.8 278.5  24.4 2.832348 0.278209 0.503497 hargrave 2021-08-11 16:05:06 
TT 566 320.2  11.8 002.5  49.4 5.10E-04 002.1 285.6  19.7 1.827116 0.267445 0.503622 hargrave 2021-08-12 16:09:59 
TT 570 308.1  14.2 359.9  61.4 4.63E-04 003.0 273.2  17.0 2.433270 0.114652 0.387023 hargrave 2021-08-13 14:30:02 
TT 573 312.7  16.8 007.3  57.8 4.10E-04 001.9 276.4  21.2 1.327695 0.154632 0.342288 hargrave 2021-08-16 12:41:43 
TT 577 311.7  15.6 004.6  58.4 3.68E-04 004.2 276.0  19.7 2.693106 0.252894 0.321948 hargrave 2021-08-17 11:48:20 
TT 580 316.1  14.0 004.0  53.9 3.40E-04 001.9 280.8  20.1 1.113367 0.095141 0.284730 hargrave 2021-08-18 16:19:14 
TT 583 315.4  14.1 003.8  54.6 3.31E-04 002.2 280.0  19.9 1.273012 0.116323 0.278938 hargrave 2021-08-19 18:26:34 
TT 586 314.5  12.7 000.9  55.0 3.09E-04 003.5 279.9  18.2 1.869618 0.109228 0.308605 hargrave 2021-08-25 14:33:19 
TT 589 314.4  14.8 004.4  55.7 3.06E-04 002.4 278.8  20.1 1.218653 0.213187 0.301792 hargrave 2021-08-26 12:41:14 
TT 600 316.3  15.5 006.5  54.1 2.81E-04 000.9 280.3  21.5 0.350267 0.149045 0.284954 hargrave 2021-08-27 16:29:45 
TT 609 315.7  17.7 010.0  55.2 2.72E-04 000.8 278.7  23.3 0.314995 0.094996 0.242290 hargrave 2021-08-31 14:29:43 
TT 619 315.6  13.0 002.1  54.1 2.46E-04 001.0 280.7  19.0 0.353248 0.279845 0.233676 hargrave 2021-09-01 13:50:54 
TT 630 320.5  16.1 009.0  50.3 2.34E-04 001.7 284.0  23.7 0.634877 0.255825 0.196519 hargrave 2021-09-02 09:02:29 
TT 640 312.9  22.3 017.7  58.4 1.87E-04 001.6 273.9  26.3 0.490039 0.308194 0.172623 hargrave 2021-09-02 17:52:36 
TT 650 309.7  21.5 015.6  61.3 1.76E-04 003.2 271.4  24.3 0.978934 0.434278 0.156978 hargrave 2021-09-24 13:40:12 
TT 660 305.4  23.0 018.5  65.4 1.41E-04 001.0 266.7  23.9 0.130531 0.641027 0.180406 hargrave 2021-09-24 18:49:41 
TT 664 315.1  23.2 019.6  56.5 1.18E-04 002.2 275.5  28.0 0.472055 0.527538 0.152017 hargrave 2021-09-25 18:39:51 
