CS15- 8 mag compass orientation (IGRF corrected)
    0.4  51.1  17.0   8.9  69.0   1.0
NRM    065.2 -09.1 023.9 -55.5 5.37E-04 000.5 100.9 -12.8 0.185536 0.080721 0.451723 hargrave 2021-07-08 15:55:31 
TT 100 074.6 -17.8 012.7 -66.9 4.90E-04 001.2 107.4 -23.8 0.884447 0.199796 0.447542 hargrave 2021-07-09 15:11:48 
TT 150 093.2 -30.2 306.7 -79.5 4.22E-04 002.8 122.5 -40.6 1.802272 1.018817 0.277261 hargrave 2021-07-19 16:02:15 
TT 200 104.1 -34.1 260.7 -76.1 4.00E-04 001.0 133.2 -46.9 0.361912 0.567772 0.273181 hargrave 2021-07-20 12:16:09 
TT 250 116.2 -36.0 237.4 -68.7 3.63E-04 000.6 147.3 -51.0 0.268351 0.131434 0.238754 hargrave 2021-07-20 18:19:54 
TT 300 120.3 -37.1 234.5 -65.4 2.74E-04 001.1 152.1 -52.6 0.123766 0.469147 0.177964 hargrave 2021-07-21 15:15:44 
TT 350 122.8 -31.2 219.2 -66.3 2.12E-04 001.6 156.8 -47.1 0.384499 0.404239 0.159148 hargrave 2021-07-22 13:36:53 
TT 375 126.1 -31.2 217.3 -63.6 1.94E-04 001.8 160.9 -47.5 0.286909 0.503837 0.158318 hargrave 2021-07-22 19:25:27 
TT 400 126.5 -31.9 218.5 -63.1 1.80E-04 002.3 161.2 -48.2 0.121082 0.690894 0.163407 hargrave 2021-07-23 21:17:30 
TT 425 124.6 -32.5 221.0 -64.4 1.71E-04 001.4 158.8 -48.6 0.281641 0.291355 0.161548 hargrave 2021-07-25 11:33:49 
TT 450 124.4 -31.7 219.4 -64.8 1.53E-04 004.8 158.7 -47.8 0.328030 1.228288 0.128215 hargrave 2021-07-27 11:26:03 
TT 475 126.2 -32.1 219.2 -63.2 1.46E-04 002.4 160.9 -48.4 0.155901 0.584924 0.110343 hargrave 2021-07-28 18:07:06 
TT 500 125.5 -31.9 219.1 -64.0 1.37E-04 001.7 160.0 -48.1 0.070102 0.397151 0.101567 hargrave 2021-08-03 14:00:11 
TT 515 124.0 -31.8 219.8 -65.2 1.29E-04 001.1 158.1 -47.8 0.070782 0.224436 0.088839 hargrave 2021-08-04 13:49:35 
TT 530 126.5 -34.5 224.0 -62.2 1.26E-04 001.6 160.8 -50.8 0.165960 0.314194 0.080729 hargrave 2021-08-06 16:48:33 
TT 540 128.2 -32.4 218.7 -61.6 1.17E-04 000.8 163.4 -48.9 0.078667 0.136505 0.072009 hargrave 2021-08-09 17:30:40 
TT 550 122.2 -31.8 221.2 -66.5 1.18E-04 001.5 155.9 -47.7 0.214342 0.214955 0.080299 hargrave 2021-08-10 19:14:12 
TT 560 125.1 -29.7 214.4 -64.8 1.10E-04 004.5 159.9 -45.9 0.354194 0.804966 0.070759 hargrave 2021-08-11 16:08:39 
TT 566 122.6 -31.9 221.2 -66.2 1.17E-04 001.2 156.4 -47.8 0.188099 0.140432 0.074932 hargrave 2021-08-12 16:12:48 
TT 570 129.1 -34.7 222.8 -60.1 1.27E-04 001.8 164.2 -51.3 0.165886 0.361059 0.093097 hargrave 2021-08-13 14:33:32 
TT 573 119.7 -25.0 204.7 -70.5 1.10E-04 001.5 154.2 -40.6 0.176482 0.229219 0.066904 hargrave 2021-08-16 12:45:15 
TT 577 118.9 -27.6 212.9 -70.7 1.09E-04 001.2 152.7 -43.1 0.087449 0.215609 0.074436 hargrave 2021-08-17 11:51:47 
TT 580 119.6 -27.4 211.8 -70.1 1.05E-04 000.8 153.6 -43.0 0.178455 0.042124 0.064981 hargrave 2021-08-18 16:22:51 
TT 583 121.7 -24.5 202.6 -68.7 1.06E-04 000.9 156.7 -40.3 0.061253 0.142056 0.076648 hargrave 2021-08-19 18:30:03 
TT 586 122.8 -24.4 202.2 -67.7 1.03E-04 001.8 158.0 -40.4 0.073631 0.312361 0.097626 hargrave 2021-08-25 14:36:05 
TT 589 121.9 -20.9 192.8 -68.6 1.01E-04 000.9 157.4 -36.8 0.106553 0.084536 0.088281 hargrave 2021-08-26 12:44:42 
TT 600 120.1 -22.7 197.7 -70.3 9.89E-05 002.6 155.0 -38.4 0.126946 0.425770 0.075863 hargrave 2021-08-27 16:33:12 
TT 609 119.8 -23.0 198.7 -70.6 1.03E-04 001.7 154.6 -38.6 0.147939 0.262932 0.063072 hargrave 2021-08-31 14:33:02 
TT 619 121.3 -23.8 200.7 -69.1 9.85E-05 002.6 156.3 -39.6 0.128583 0.428261 0.086656 hargrave 2021-09-01 13:53:25 
TT 630 121.8 -25.8 206.1 -68.5 7.93E-05 004.3 156.5 -41.6 0.089209 0.590465 0.094014 hargrave 2021-09-02 09:04:56 
TT 640 112.9 -27.7 219.5 -75.6 8.01E-05 001.2 145.5 -42.3 0.201929 0.082952 0.044907 hargrave 2021-09-02 17:55:44 
TT 650 109.3 -28.0 227.6 -78.2 5.67E-05 004.3 141.3 -42.0 0.075894 0.474547 0.056056 hargrave 2021-09-24 13:43:10 
TT 660 116.4 -24.4 204.2 -73.5 4.93E-05 005.0 150.5 -39.6 0.054784 0.490429 0.080645 hargrave 2021-09-24 18:52:38 
TT 664 107.1 -31.4 245.5 -77.3 4.19E-05 004.4 137.6 -44.8 0.117381 0.400977 0.041343 hargrave 2021-09-25 18:42:48 
