CS15- 4 mag compass orientation (IGRF corrected)
    1.3  78.1  23.0   8.9  69.0   1.0
NRM    061.5  16.1 051.3 -37.8 1.64E-04 003.0 081.1  21.3 0.879987 0.072135 0.106231 hargrave 2021-07-08 15:47:09 
TT 100 075.5 -04.9 040.9 -62.2 1.06E-04 000.9 085.7 -03.5 0.141179 0.059937 0.081431 hargrave 2021-07-09 15:03:17 
TT 150 098.9 -14.2 098.9 -83.2 7.81E-05 001.0 103.7 -21.1 0.085891 0.161168 0.063670 hargrave 2021-07-19 15:53:46 
TT 200 119.2 -22.0 195.5 -71.1 7.41E-05 000.7 120.7 -35.6 0.047440 0.042922 0.079581 hargrave 2021-07-20 12:07:01 
TT 250 132.1 -21.0 195.0 -59.0 6.89E-05 001.8 135.4 -38.7 0.101037 0.188428 0.063913 hargrave 2021-07-20 18:10:50 
TT 300 134.9 -21.7 196.7 -56.5 6.10E-05 001.7 138.3 -40.1 0.050005 0.165982 0.072324 hargrave 2021-07-21 15:06:45 
TT 350 143.5 -19.0 194.3 -48.1 4.16E-05 002.3 149.4 -39.5 0.084288 0.139897 0.054360 hargrave 2021-07-22 13:29:02 
TT 375 149.1 -21.2 198.7 -43.4 3.25E-05 001.5 155.6 -42.6 0.089834 0.047750 0.040238 hargrave 2021-07-22 19:17:39 
TT 400 147.2 -21.9 199.2 -45.2 2.93E-05 002.1 153.2 -43.0 0.044030 0.095583 0.038836 hargrave 2021-07-23 21:09:48 
TT 425 148.2 -23.6 201.8 -44.5 2.70E-05 002.9 153.9 -44.8 0.097853 0.082703 0.050065 hargrave 2021-07-25 11:25:54 
TT 450 149.2 -27.2 207.0 -43.9 2.39E-05 001.8 154.3 -48.6 0.061558 0.032663 0.033759 hargrave 2021-07-27 11:18:24 
TT 475 153.1 -26.8 206.7 -40.4 2.06E-05 002.4 159.5 -48.7 0.016064 0.078284 0.037488 hargrave 2021-07-28 17:58:07 
TT 500 154.6 -30.0 211.1 -39.4 1.81E-05 001.5 160.8 -52.2 0.033668 0.028897 0.022165 hargrave 2021-08-03 13:51:46 
TT 515 153.7 -30.6 211.8 -40.2 1.64E-05 001.8 159.3 -52.6 0.040737 0.023863 0.020104 hargrave 2021-08-04 13:41:54 
TT 530 149.8 -34.5 217.1 -43.5 1.25E-05 001.7 152.6 -55.8 0.014357 0.033461 0.012929 hargrave 2021-08-06 16:39:59 
TT 540 152.2 -32.5 214.3 -41.5 1.12E-05 001.6 156.7 -54.2 0.027546 0.011951 0.009979 hargrave 2021-08-09 17:21:33 
TT 550 159.4 -28.2 209.4 -35.0 1.05E-05 002.5 167.9 -50.9 0.029892 0.033331 0.010538 hargrave 2021-08-10 19:07:02 
TT 560 167.8 -24.8 206.9 -27.1 8.50E-06 002.5 179.7 -47.8 0.016929 0.032902 0.007466 hargrave 2021-08-11 16:00:49 
TT 566 176.3 -35.2 219.7 -21.9 8.03E-06 002.6 192.7 -57.9 0.020488 0.029107 0.006528 hargrave 2021-08-12 16:04:17 
TT 570 180.6 -21.5 206.6 -14.9 5.59E-06 001.7 196.2 -43.8 0.009542 0.013977 0.005029 hargrave 2021-08-13 14:24:57 
TT 573 175.3 -30.1 214.0 -21.7 2.88E-06 002.0 190.3 -52.8 0.007502 0.008928 0.005729 hargrave 2021-08-16 12:37:23 
TT 577 120.0  24.2 124.5 -40.4 2.55E-06 003.5 136.7  08.0 0.010117 0.014294 0.005747 hargrave 2021-08-17 11:43:24 
TT 580 132.1 -14.4 182.7 -57.8 6.24E-06 002.3 137.6 -32.4 0.031074 0.008762 0.006415 hargrave 2021-08-18 16:14:19 
TT 583 118.0 -22.2 196.3 -72.2 2.62E-06 003.5 119.3 -35.4 0.018280 0.015784 0.004656 hargrave 2021-08-19 18:21:38 
TT 586 141.5 -14.0 186.2 -48.9 5.37E-06 003.4 148.4 -34.1 0.010784 0.036486 0.004731 hargrave 2021-08-25 14:29:00 
TT 589 098.1 -00.9 096.6 -69.9 5.10E-06 002.6 108.2 -08.5 0.021945 0.011686 0.005573 hargrave 2021-08-26 12:36:58 
TT 600 091.8 -06.9 072.0 -74.3 2.91E-06 002.2 100.0 -11.7 0.007920 0.033272 0.003898 hargrave 2021-08-27 16:25:29 
