CS15- 7 mag compass orientation (IGRF corrected)
    0.7  67.1  37.0   8.9  69.0   1.0
NRM    012.5  12.4 021.7  01.2 7.44E-03 001.4 048.1  40.6 15.28560 9.812040 5.123664 hargrave 2021-07-08 15:54:11 
TT 100 010.7  11.4 020.1  02.4 6.85E-03 000.7 045.4  40.5 6.809730 1.785929 5.566924 hargrave 2021-07-09 15:10:24 
TT 150 005.4  11.0 018.0  07.1 5.78E-03 001.3 039.0  42.2 4.399791 10.84271 5.217154 hargrave 2021-07-19 16:00:13 
TT 200 002.3  12.3 018.2  10.4 4.88E-03 002.1 035.8  44.6 12.62071 12.53516 3.830244 hargrave 2021-07-20 12:14:32 
TT 250 356.8  14.0 018.1  16.1 4.06E-03 001.2 029.2  48.0 5.996851 4.948769 3.317089 hargrave 2021-07-20 18:18:18 
TT 300 351.1  16.4 018.8  22.0 3.23E-03 000.7 022.0  51.8 2.797940 0.972031 2.707245 hargrave 2021-07-21 15:13:42 
TT 350 344.0  17.1 017.4  28.8 2.61E-03 001.5 011.1  53.7 3.390292 5.369254 2.266392 hargrave 2021-07-22 13:35:31 
TT 375 344.1  17.3 017.7  28.7 2.37E-03 001.9 011.3  53.9 3.157153 7.197812 1.858755 hargrave 2021-07-22 19:24:05 
TT 400 341.3  16.8 016.3  31.1 2.22E-03 000.7 006.8  53.6 1.892992 0.662322 1.914581 hargrave 2021-07-23 21:16:08 
TT 425 339.5  16.5 015.5  32.8 2.09E-03 001.8 003.9  53.4 1.389074 6.006973 1.927965 hargrave 2021-07-25 11:32:25 
TT 450 339.8  16.6 015.7  32.5 1.97E-03 002.8 004.4  53.5 2.390529 9.307218 1.657705 hargrave 2021-07-27 11:24:01 
TT 475 340.1  16.3 015.5  32.2 1.85E-03 001.6 004.8  53.3 2.064252 4.547322 1.776561 hargrave 2021-07-28 18:05:03 
TT 500 339.6  16.3 015.3  32.6 1.75E-03 003.1 004.0  53.2 2.231277 9.154722 1.576494 hargrave 2021-08-03 13:58:08 
TT 515 339.7  15.9 014.9  32.4 1.67E-03 000.9 004.2  52.9 1.799166 1.423626 1.604973 hargrave 2021-08-04 13:47:33 
TT 530 337.5  14.7 012.8  34.2 1.56E-03 000.8 000.6  51.7 1.506443 0.712159 1.610898 hargrave 2021-08-06 16:46:30 
TT 540 336.6  15.3 013.2  35.1 1.49E-03 002.9 359.3  52.3 1.524217 7.260215 1.575382 hargrave 2021-08-09 17:28:35 
TT 550 333.9  15.5 012.6  37.7 1.39E-03 001.3 354.9  52.4 1.079041 2.651505 1.423670 hargrave 2021-08-10 19:12:49 
TT 560 331.6  15.3 011.7  39.8 1.30E-03 002.1 351.3  52.1 1.904646 4.134021 1.330903 hargrave 2021-08-11 16:06:33 
TT 566 329.6  10.2 004.6  40.2 1.09E-03 001.0 349.2  46.8 0.968138 1.088057 1.302068 hargrave 2021-08-12 16:11:27 
TT 570 320.9  10.2 000.6  48.2 8.86E-04 001.0 337.1  45.3 0.677254 1.015724 0.988331 hargrave 2021-08-13 14:31:26 
TT 573 323.0  13.9 006.8  47.4 8.09E-04 001.6 338.8  49.4 0.297627 2.059393 0.944309 hargrave 2021-08-16 12:43:07 
TT 577 323.5  12.0 004.3  46.5 7.10E-04 001.7 340.0  47.6 0.194610 1.977032 0.874667 hargrave 2021-08-17 11:49:44 
TT 580 321.1  11.4 002.3  48.5 6.72E-04 002.5 336.9  46.4 0.523672 2.822261 0.790294 hargrave 2021-08-18 16:20:41 
TT 583 320.8  11.1 001.7  48.6 6.43E-04 000.9 336.6  46.1 0.591843 0.326478 0.766267 hargrave 2021-08-19 18:28:01 
TT 586 320.4  10.5 000.7  48.9 6.14E-04 001.9 336.2  45.4 1.193816 1.468110 0.736088 hargrave 2021-08-25 14:34:43 
TT 589 320.1  10.6 000.7  49.1 6.01E-04 002.8 335.9  45.5 0.641940 2.815975 0.788479 hargrave 2021-08-26 12:42:39 
TT 600 321.9  10.5 001.4  47.4 5.74E-04 000.9 338.3  45.8 0.575281 0.154076 0.695044 hargrave 2021-08-27 16:31:08 
TT 609 321.9  11.4 002.7  47.8 5.38E-04 003.1 338.0  46.6 0.558622 2.784410 0.674675 hargrave 2021-08-31 14:31:00 
TT 619 321.6  11.2 002.3  47.9 4.97E-04 004.1 337.7  46.4 0.885305 3.399613 0.600580 hargrave 2021-09-01 13:52:10 
TT 630 319.1  11.2 001.0  50.3 4.68E-04 003.7 334.2  45.7 0.910060 2.801427 0.595722 hargrave 2021-09-02 09:03:42 
TT 640 323.1  12.0 004.2  46.8 3.97E-04 001.4 339.5  47.5 0.174008 0.879616 0.467551 hargrave 2021-09-02 17:53:50 
TT 650 318.9  12.9 003.5  51.0 3.55E-04 000.8 333.3  47.3 0.135757 0.202116 0.573150 hargrave 2021-09-24 13:41:42 
TT 660 320.9  16.6 009.9  50.1 2.97E-04 000.5 334.6  51.4 0.271775 0.178433 0.538847 hargrave 2021-09-24 18:51:11 
TT 664 318.7  13.3 004.0  51.3 2.37E-04 000.6 332.8  47.7 0.161935 0.275243 0.410170 hargrave 2021-09-25 18:41:20 
