CS15- 2 mag compass orientation (IGRF corrected)
    0.5  79.1  50.0   8.9  69.0   1.0
NRM    026.1 -07.8 007.6 -18.8 4.67E-03 001.8 044.2  31.3 11.28605 7.079883 6.545738 hargrave 2021-07-08 15:44:03 
TT 100 029.1 -08.7 007.7 -21.9 4.19E-03 000.9 046.5  28.8 2.592438 4.706242 4.095949 hargrave 2021-07-09 15:00:12 
TT 150 031.6 -11.8 005.3 -25.2 3.23E-03 001.0 046.8  24.9 2.333127 3.791255 3.749364 hargrave 2021-07-19 15:49:58 
TT 200 034.9 -14.9 003.1 -29.2 2.53E-03 003.5 047.7  20.5 11.87454 9.815653 2.723877 hargrave 2021-07-20 12:02:36 
TT 250 042.3 -17.4 002.4 -36.7 1.86E-03 001.1 052.0  14.3 2.166338 2.150261 2.145564 hargrave 2021-07-20 18:07:06 
TT 300 051.1 -21.1 359.7 -45.6 1.35E-03 002.4 055.9  06.0 4.536681 3.113023 1.415048 hargrave 2021-07-21 15:03:45 
TT 350 062.0 -26.8 351.7 -55.8 1.03E-03 002.2 058.9 -05.1 3.171424 1.944656 1.129420 hargrave 2021-07-22 13:25:58 
TT 375 066.6 -29.9 345.4 -59.6 9.05E-04 000.7 059.3 -10.1 0.640251 0.343566 0.928798 hargrave 2021-07-22 19:14:36 
TT 400 067.0 -32.6 339.9 -59.4 8.45E-04 000.6 057.4 -12.2 0.242051 0.169286 0.883850 hargrave 2021-07-23 21:06:44 
TT 425 070.5 -32.1 339.3 -62.4 7.94E-04 001.6 059.8 -14.1 1.861084 0.985679 0.718670 hargrave 2021-07-25 11:22:53 
TT 450 071.6 -33.2 336.4 -63.0 7.42E-04 002.9 059.5 -15.6 3.357991 1.686442 0.634227 hargrave 2021-07-27 11:15:23 
TT 475 074.6 -34.0 332.5 -64.9 6.94E-04 000.9 060.3 -18.0 0.769604 0.532584 0.624424 hargrave 2021-07-28 17:55:06 
TT 500 076.7 -35.1 328.3 -66.0 6.53E-04 000.6 060.5 -20.1 0.329587 0.175882 0.577740 hargrave 2021-08-03 13:48:44 
TT 515 078.7 -37.6 321.1 -65.9 6.12E-04 003.5 059.3 -22.8 3.225858 1.878392 0.530165 hargrave 2021-08-04 13:38:53 
TT 530 082.9 -38.1 314.4 -68.1 5.98E-04 002.5 060.8 -25.9 2.239967 1.368364 0.496833 hargrave 2021-08-06 16:36:53 
TT 540 084.6 -39.6 309.1 -67.7 5.63E-04 002.3 060.0 -27.8 1.895516 1.208720 0.472592 hargrave 2021-08-09 17:18:30 
TT 550 087.7 -41.1 301.7 -67.7 5.31E-04 001.9 059.9 -30.6 1.406984 0.939127 0.416813 hargrave 2021-08-10 19:04:02 
TT 560 091.7 -43.6 292.2 -66.6 4.99E-04 002.9 058.8 -34.3 2.127236 1.324903 0.412213 hargrave 2021-08-11 15:57:41 
TT 566 101.8 -48.7 274.8 -62.2 4.75E-04 000.6 055.9 -42.7 0.332969 0.257465 0.347484 hargrave 2021-08-12 16:00:33 
TT 570 116.1 -44.7 251.9 -62.4 4.35E-04 001.8 065.1 -51.3 1.178066 0.642166 0.220494 hargrave 2021-08-13 14:21:05 
TT 573 113.3 -45.6 256.5 -62.7 3.90E-04 002.0 063.1 -49.5 1.220820 0.563402 0.202395 hargrave 2021-08-16 12:33:33 
TT 577 118.1 -46.5 251.9 -60.1 3.79E-04 003.6 062.6 -53.0 2.133123 1.084263 0.176143 hargrave 2021-08-17 11:39:38 
TT 580 124.2 -44.0 242.4 -58.9 3.41E-04 000.5 068.1 -56.8 0.226296 0.145900 0.136258 hargrave 2021-08-18 16:11:17 
TT 583 128.1 -43.0 237.8 -57.2 3.31E-04 000.5 070.7 -59.5 0.220242 0.191508 0.173790 hargrave 2021-08-19 18:17:53 
TT 586 129.3 -42.6 236.2 -56.7 3.24E-04 000.9 071.9 -60.3 0.519904 0.126362 0.113339 hargrave 2021-08-25 14:25:58 
TT 589 132.7 -44.8 237.4 -53.4 3.07E-04 001.7 067.7 -62.9 0.839869 0.285596 0.094414 hargrave 2021-08-26 12:33:14 
TT 600 129.2 -43.1 237.1 -56.4 3.21E-04 001.0 070.7 -60.3 0.496625 0.300304 0.115783 hargrave 2021-08-27 16:22:27 
TT 609 131.2 -44.1 237.2 -54.7 2.87E-04 001.2 069.2 -61.8 0.569394 0.224446 0.104609 hargrave 2021-08-31 14:27:40 
TT 619 132.2 -39.3 229.1 -56.2 2.77E-04 001.5 079.4 -61.8 0.650622 0.269652 0.091884 hargrave 2021-09-01 13:48:53 
TT 630 131.4 -41.4 232.9 -55.9 2.51E-04 000.6 074.8 -61.6 0.202650 0.211339 0.205126 hargrave 2021-09-02 09:01:15 
TT 640 130.5 -38.9 229.5 -57.5 2.39E-04 001.4 079.4 -60.4 0.448058 0.437830 0.078560 hargrave 2021-09-02 17:50:37 
TT 650 133.4 -41.5 232.0 -54.5 2.04E-04 001.8 075.1 -63.1 0.414023 0.594988 0.269590 hargrave 2021-09-24 13:38:37 
TT 660 130.3 -38.4 228.7 -57.9 1.63E-04 003.7 080.4 -60.1 0.831134 0.798173 0.199953 hargrave 2021-09-24 18:47:19 
TT 664 124.8 -35.5 227.2 -63.1 1.58E-04 001.7 082.9 -55.0 0.179573 0.577904 0.154023 hargrave 2021-09-25 18:38:17 
