CS2- 8 mag compass orientation (IGRF corrected)
      2  24.2  29.0  12.1  22.5   1.0
NRM    338.6  59.9 022.3  64.8 2.64E-04 000.8 106.8  68.5 0.344676 0.138436 0.086664 hargrave 2021-07-08 14:37:42 
TT 100 331.1  58.9 014.2  67.0 2.14E-04 001.3 099.8  71.7 0.479052 0.060855 0.049612 hargrave 2021-07-09 13:56:07 
TT 150 323.0  57.8 004.3  69.4 1.73E-04 001.9 090.5  75.1 0.579492 0.076753 0.032666 hargrave 2021-07-19 14:44:05 
TT 200 320.9  57.5 001.2  69.9 1.58E-04 000.9 087.3  76.0 0.255836 0.056284 0.025123 hargrave 2021-07-20 10:45:39 
TT 250 321.1  56.1 358.8  68.8 1.46E-04 000.7 082.6  75.2 0.168599 0.058597 0.040302 hargrave 2021-07-20 16:47:00 
TT 300 323.1  59.0 006.8  70.2 1.33E-04 001.5 094.8  75.5 0.338605 0.060353 0.025969 hargrave 2021-07-21 13:58:36 
TT 350 323.5  57.3 003.9  68.9 1.19E-04 001.1 089.3  74.7 0.221463 0.058446 0.025691 hargrave 2021-07-22 12:21:00 
TT 375 324.5  56.4 003.1  67.8 1.08E-04 001.1 087.1  73.8 0.195081 0.060108 0.032010 hargrave 2021-07-22 18:09:47 
TT 400 323.0  55.4 359.8  67.7 1.01E-04 001.3 082.6  74.0 0.222142 0.078228 0.043150 hargrave 2021-07-23 20:04:35 
TT 425 324.0  56.1 002.1  67.8 9.52E-05 001.1 085.8  73.9 0.172674 0.066817 0.022389 hargrave 2021-07-25 10:17:38 
TT 450 324.5  55.0 000.8  66.8 8.99E-05 001.5 083.1  73.0 0.212692 0.107329 0.017642 hargrave 2021-07-27 10:13:21 
TT 475 327.2  57.6 008.1  67.6 8.59E-05 001.0 093.2  73.0 0.112458 0.099338 0.027240 hargrave 2021-07-28 16:51:02 
TT 500 324.0  55.6 001.2  67.4 8.08E-05 001.1 084.1  73.6 0.126594 0.107066 0.037118 hargrave 2021-08-03 12:40:52 
TT 515 325.8  58.2 007.9  68.5 6.51E-05 001.0 093.9  73.9 0.103349 0.036936 0.031457 hargrave 2021-08-04 12:34:05 
TT 530 318.9  60.9 007.2  73.0 3.29E-05 000.6 100.6  78.1 0.034390 0.011190 0.020720 hargrave 2021-08-06 15:30:32 
TT 540 314.1  56.4 350.6  71.6 2.93E-05 001.3 074.6  78.7 0.061436 0.020456 0.048848 hargrave 2021-08-09 16:13:14 
TT 550 309.3  60.0 352.9  76.0 1.81E-05 001.4 088.9  82.5 0.038541 0.024440 0.015422 hargrave 2021-08-10 18:00:22 
TT 560 322.9  54.4 357.9  66.9 7.32E-06 002.6 079.3  73.5 0.006993 0.027350 0.026673 hargrave 2021-08-11 14:49:14 
TT 566 344.9  74.2 058.3  69.5 6.82E-06 001.8 146.2  67.7 0.012705 0.010395 0.020475 hargrave 2021-08-12 14:52:33 
TT 570 033.8  68.6 066.9  53.9 5.03E-06 002.0 144.5  51.7 0.008106 0.015787 0.003936 hargrave 2021-08-13 13:13:59 
TT 573 037.5  54.4 057.9  41.0 3.25E-06 006.9 132.1  40.3 0.021543 0.011156 0.032111 hargrave 2021-08-16 11:25:36 
TT 577 355.8 -01.8 356.3  04.5 1.83E-06 011.6 063.9  11.7 0.037738 0.008438 0.023719 hargrave 2021-08-17 10:36:33 
TT 577 343.0 -00.7 344.7  10.1 2.12E-06 002.1 052.3  18.0 0.008278 0.008077 0.002803 hargrave 2021-08-17 12:52:34 
TT 580 216.3  16.2 208.5  24.2 7.35E-06 001.3 272.5  20.0 0.015340 0.022774 0.006601 hargrave 2021-08-18 15:07:48 
TT 583 124.9  52.1 118.2  30.8 4.23E-06 005.6 187.1  23.4 0.008635 0.032451 0.025808 hargrave 2021-08-19 17:13:56 
TT 586 139.1 -16.9 146.2 -34.1 4.42E-06 005.2 213.1 -42.4 0.020894 0.032513 0.017097 hargrave 2021-08-25 13:22:56 
TT 589 098.3  46.6 099.3  24.1 3.61E-06 006.8 168.6  18.4 0.036395 0.032503 0.018233 hargrave 2021-08-26 11:29:21 
TT 600 102.0  21.7 102.0 -00.8 3.89E-06 007.0 168.6 -06.7 0.011309 0.037654 0.033004 hargrave 2021-08-27 15:19:40 
