CS2- 5 mag compass orientation (IGRF corrected)
   0.25 346.2  32.0  12.1  22.5   1.0
NRM    322.4  54.3 357.3  67.1 1.64E-04 001.8 113.4  54.5 0.109346 0.433769 0.255869 hargrave 2021-07-08 14:33:02 
TT 100 316.7  51.1 345.3  66.4 1.39E-04 002.8 105.3  55.4 0.409097 0.474490 0.274729 hargrave 2021-07-09 13:50:52 
TT 150 309.6  49.4 333.2  67.3 1.10E-04 001.7 098.0  58.2 0.112667 0.242325 0.178189 hargrave 2021-07-19 14:40:08 
TT 200 307.1  47.0 326.8  65.9 9.97E-05 001.9 092.5  58.1 0.060782 0.261876 0.187801 hargrave 2021-07-20 10:40:02 
TT 250 308.4  49.1 331.0  67.3 9.19E-05 002.3 096.6  58.6 0.213608 0.251443 0.174245 hargrave 2021-07-20 16:42:15 
TT 300 306.0  52.4 331.4  71.0 8.24E-05 001.4 100.4  61.7 0.066806 0.161062 0.106809 hargrave 2021-07-21 13:53:45 
TT 350 304.8  53.3 330.8  72.1 6.94E-05 001.1 101.3  62.8 0.066096 0.111584 0.056524 hargrave 2021-07-22 12:16:10 
TT 375 303.8  51.5 326.4  70.8 6.40E-05 001.8 097.2  62.4 0.129022 0.128345 0.105254 hargrave 2021-07-22 18:04:59 
TT 400 306.7  52.1 332.1  70.5 6.07E-05 002.0 100.3  61.2 0.084762 0.163390 0.121237 hargrave 2021-07-23 20:00:33 
TT 425 305.6  51.1 329.0  70.0 5.73E-05 002.0 097.9  61.2 0.149515 0.117356 0.084438 hargrave 2021-07-25 10:12:49 
TT 450 306.2  50.2 328.9  69.0 5.54E-05 002.5 096.8  60.4 0.181873 0.152563 0.068997 hargrave 2021-07-27 10:08:45 
TT 475 306.9  50.9 330.8  69.4 5.35E-05 002.5 098.5  60.5 0.155071 0.156760 0.095455 hargrave 2021-07-28 16:46:22 
TT 500 305.7  49.0 326.6  68.0 5.28E-05 004.4 094.4  60.0 0.228676 0.374201 0.084969 hargrave 2021-08-03 12:36:10 
TT 515 310.1  52.5 338.0  69.8 5.07E-05 003.0 103.3  59.6 0.068987 0.239026 0.110802 hargrave 2021-08-04 12:28:35 
TT 530 291.8  55.7 307.7  77.3 4.41E-05 001.8 098.4  70.6 0.033181 0.120889 0.074399 hargrave 2021-08-06 15:25:47 
TT 540 292.8  36.9 298.8  58.8 4.65E-05 003.3 064.6  58.1 0.198034 0.171359 0.077908 hargrave 2021-08-09 16:08:35 
TT 550 329.4  51.0 000.2  61.8 4.96E-05 002.0 113.1  49.1 0.054757 0.145365 0.089176 hargrave 2021-08-10 17:56:27 
TT 560 326.7  45.2 350.9  58.0 4.40E-05 002.0 104.9  46.6 0.048832 0.125940 0.080620 hargrave 2021-08-11 14:44:34 
TT 566 316.2  71.1 044.4  77.6 3.12E-05 002.2 142.4  62.6 0.033636 0.097550 0.063965 hargrave 2021-08-12 14:47:46 
TT 570 330.5  27.0 342.9  40.2 3.09E-05 003.3 092.4  30.8 0.151030 0.086717 0.061210 hargrave 2021-08-13 13:09:21 
TT 573 033.1  54.1 054.7  41.9 2.19E-05 002.1 153.2  27.4 0.087639 0.050313 0.042951 hargrave 2021-08-16 11:20:51 
TT 577 061.4  63.9 078.3  44.6 1.84E-05 003.4 172.3  32.5 0.058296 0.084236 0.053267 hargrave 2021-08-17 10:31:55 
TT 580 093.1  76.6 098.5  54.3 1.46E-05 005.1 185.4  45.1 0.053659 0.121475 0.017657 hargrave 2021-08-18 15:03:52 
TT 583 356.1  31.3 010.8  34.8 2.23E-05 002.7 115.4  21.3 0.072703 0.050671 0.065930 hargrave 2021-08-19 17:09:56 
TT 586 070.2  61.0 082.4  40.6 1.30E-05 005.6 176.7  29.1 0.044217 0.124943 0.016580 hargrave 2021-08-25 13:18:59 
TT 589 356.8  36.7 014.5  39.3 2.49E-05 002.0 119.2  25.4 0.066871 0.031637 0.055770 hargrave 2021-08-26 11:24:40 
TT 600 001.2  43.7 023.1  43.7 2.49E-05 004.5 126.9  29.2 0.095294 0.146554 0.087142 hargrave 2021-08-27 15:15:40 
