CS2- 2 mag compass orientation (IGRF corrected)
    0.8 224.2  86.0  12.1  22.5   1.0
NRM    290.7  33.5 294.8  55.6 2.48E-04 003.1 151.1 -46.4 0.148179 1.239349 0.506221 hargrave 2021-07-08 14:28:07 
TT 100 281.5  21.7 281.3  44.2 2.27E-04 005.2 130.2 -48.9 1.294804 1.597771 0.246139 hargrave 2021-07-09 13:45:58 
TT 150 279.6  24.5 278.8  47.0 1.94E-04 001.8 132.0 -45.9 0.213615 0.493574 0.353652 hargrave 2021-07-19 14:35:11 
TT 200 278.4  24.2 277.2  46.6 1.75E-04 001.7 130.8 -45.2 0.165337 0.330247 0.358327 hargrave 2021-07-20 10:34:41 
TT 250 277.8  25.3 276.4  47.7 1.57E-04 002.2 131.7 -44.1 0.121710 0.509387 0.297380 hargrave 2021-07-20 16:35:21 
TT 300 280.4  32.4 279.6  54.9 1.32E-04 001.8 141.2 -41.5 0.142079 0.264907 0.285362 hargrave 2021-07-21 13:48:39 
TT 350 283.0  37.5 283.5  60.0 1.15E-04 002.4 147.9 -39.4 0.085614 0.410035 0.251128 hargrave 2021-07-22 12:11:03 
TT 375 282.9  40.3 283.4  62.7 1.05E-04 003.3 150.1 -37.2 0.143837 0.539730 0.253969 hargrave 2021-07-22 17:59:53 
TT 400 282.3  41.3 282.4  63.8 9.49E-05 002.0 150.6 -36.1 0.189839 0.192831 0.230005 hargrave 2021-07-23 19:54:55 
TT 425 283.0  41.4 283.6  63.9 9.09E-05 002.1 151.1 -36.4 0.079415 0.256168 0.215876 hargrave 2021-07-25 10:07:40 
TT 450 282.9  42.3 283.5  64.8 8.43E-05 002.0 151.8 -35.7 0.187136 0.094443 0.203250 hargrave 2021-07-27 10:04:29 
TT 475 283.2  42.9 284.0  65.4 7.54E-05 001.9 152.4 -35.3 0.117581 0.153463 0.166314 hargrave 2021-07-28 16:41:28 
TT 500 287.5  44.1 291.8  66.5 7.13E-05 002.2 156.4 -36.2 0.143944 0.164487 0.175771 hargrave 2021-08-03 12:30:19 
TT 515 288.8  47.1 295.1  69.3 6.89E-05 003.4 159.3 -34.2 0.067269 0.374609 0.154117 hargrave 2021-08-04 12:23:25 
TT 530 286.3  50.8 291.2  73.2 6.48E-05 002.3 160.0 -30.2 0.126948 0.162705 0.161874 hargrave 2021-08-06 15:20:45 
TT 540 271.4  40.5 264.3  62.4 5.93E-05 004.0 143.0 -30.7 0.315615 0.228379 0.144133 hargrave 2021-08-09 16:03:41 
TT 550 286.9  52.1 293.3  74.4 5.69E-05 002.8 161.2 -29.3 0.092542 0.237299 0.133583 hargrave 2021-08-10 17:50:45 
TT 560 267.9  49.7 253.2  70.9 6.66E-05 003.6 149.5 -23.1 0.258883 0.296211 0.158460 hargrave 2021-08-11 14:39:33 
TT 566 282.2  56.6 282.4  79.1 5.42E-05 002.0 161.4 -24.0 0.135392 0.071110 0.135632 hargrave 2021-08-12 14:42:42 
TT 570 267.2  57.3 241.3  77.7 4.76E-05 003.1 155.4 -18.0 0.133310 0.202404 0.138073 hargrave 2021-08-13 13:02:55 
TT 573 289.1  64.7 331.0  86.0 3.51E-05 002.7 169.0 -18.8 0.100766 0.105355 0.095605 hargrave 2021-08-16 11:16:26 
TT 577 284.1  70.7 090.4  86.7 2.84E-05 004.2 170.2 -12.7 0.068297 0.184811 0.081148 hargrave 2021-08-17 10:27:38 
TT 580 311.1  56.4 346.6  72.7 2.04E-05 002.1 178.0 -29.5 0.046830 0.047027 0.045358 hargrave 2021-08-18 14:59:34 
TT 583 257.9  55.0 228.0  73.1 2.36E-05 005.1 150.4 -15.1 0.117760 0.183847 0.069505 hargrave 2021-08-19 17:05:37 
TT 586 331.4  35.1 348.3  47.3 1.09E-05 004.1 201.0 -47.7 0.049664 0.059209 0.018676 hargrave 2021-08-25 13:14:01 
TT 589 230.7  59.2 187.3  66.3 7.10E-06 005.3 149.4  00.1 0.067526 0.026385 0.035190 hargrave 2021-08-26 11:19:45 
TT 600 251.1  59.5 207.4  74.3 1.19E-05 003.3 152.7 -09.7 0.016154 0.065288 0.028567 hargrave 2021-08-27 15:11:22 
