CS2- 6 mag compass orientation (IGRF corrected)
   1.65 225.2  79.0  12.1  22.5   1.0
NRM    359.7  37.2 017.5  38.6 3.87E-04 000.9 218.5 -26.3 0.343745 0.106460 0.542045 hargrave 2021-07-08 14:35:01 
TT 100 359.4  33.8 015.2  35.7 3.56E-04 002.0 221.3 -28.6 0.279428 0.696984 0.973107 hargrave 2021-07-09 13:52:46 
TT 150 355.6  35.8 012.9  39.0 3.22E-04 003.3 217.2 -29.7 1.368324 1.070670 0.718035 hargrave 2021-07-19 14:41:24 
TT 200 352.8  37.0 011.1  41.1 3.13E-04 002.0 214.4 -30.4 0.249605 0.554744 0.941851 hargrave 2021-07-20 10:42:22 
TT 250 357.5  33.8 013.5  36.5 3.10E-04 003.0 220.1 -29.8 1.179793 0.788867 0.743440 hargrave 2021-07-20 16:43:45 
TT 300 357.9  34.3 014.1  36.7 3.06E-04 002.0 220.0 -29.3 0.339594 0.747151 0.734083 hargrave 2021-07-21 13:55:47 
TT 350 358.7  34.1 014.8  36.3 2.78E-04 001.6 220.6 -28.8 0.482637 0.162525 0.597573 hargrave 2021-07-22 12:18:10 
TT 375 357.9  34.8 014.4  37.2 2.60E-04 001.7 219.5 -28.9 0.473757 0.124058 0.610050 hargrave 2021-07-22 18:06:57 
TT 400 000.7  31.9 015.3  33.5 2.40E-04 001.3 223.7 -28.9 0.162683 0.127156 0.524602 hargrave 2021-07-23 20:01:46 
TT 425 359.0  34.1 015.0  36.1 2.24E-04 001.4 220.8 -28.7 0.104843 0.183426 0.507673 hargrave 2021-07-25 10:14:52 
TT 450 358.8  34.6 015.1  36.6 2.05E-04 003.3 220.3 -28.5 0.823991 0.717474 0.460049 hargrave 2021-07-27 10:10:39 
TT 475 357.1  36.0 014.4  38.5 1.92E-04 002.1 218.0 -28.6 0.516204 0.299225 0.417826 hargrave 2021-07-28 16:48:20 
TT 500 000.6  32.1 015.4  33.7 1.81E-04 001.4 223.5 -28.9 0.308258 0.072575 0.345326 hargrave 2021-08-03 12:38:06 
TT 515 356.4  36.9 014.4  39.6 1.60E-04 002.1 216.8 -28.4 0.396646 0.142122 0.415308 hargrave 2021-08-04 12:30:30 
TT 530 352.2  36.1 009.9  40.5 6.64E-05 002.6 214.7 -31.4 0.230776 0.183299 0.118007 hargrave 2021-08-06 15:27:05 
TT 540 346.2  37.1 004.8  43.7 3.59E-05 002.3 209.6 -33.8 0.163686 0.051667 0.038316 hargrave 2021-08-09 16:10:29 
TT 550 007.4  38.7 025.1  37.0 3.59E-05 002.9 221.2 -20.5 0.074941 0.163796 0.078732 hargrave 2021-08-10 17:57:40 
TT 560 311.0  50.1 336.0  67.4 1.88E-05 001.9 176.9 -28.8 0.046300 0.049650 0.020426 hargrave 2021-08-11 14:45:47 
TT 566 018.1  35.8 032.7  30.5 1.72E-05 002.0 228.2 -14.5 0.041452 0.046110 0.023322 hargrave 2021-08-12 14:49:03 
TT 570 296.5  57.8 322.8  78.3 9.02E-06 002.8 169.5 -19.5 0.034049 0.040051 0.006356 hargrave 2021-08-13 13:10:34 
TT 573 024.6  31.9 036.3  24.6 1.11E-05 003.5 234.1 -11.1 0.083830 0.037254 0.010395 hargrave 2021-08-16 11:22:04 
TT 577 030.4 -23.9 019.4 -29.0 4.76E-06 006.7 291.8 -17.8 0.050082 0.011693 0.023662 hargrave 2021-08-17 10:33:11 
TT 580 016.6  54.8 043.7  47.5 8.11E-06 001.3 210.7 -06.6 0.016109 0.012635 0.011281 hargrave 2021-08-18 15:05:06 
TT 583 240.8  74.3 146.9  75.3 9.51E-06 001.1 164.8  06.4 0.017797 0.017052 0.005868 hargrave 2021-08-19 17:11:09 
TT 586 002.4  36.0 019.2  36.5 4.82E-06 005.4 221.1 -25.3 0.010267 0.046817 0.012977 hargrave 2021-08-25 13:20:12 
TT 589 318.2  85.0 092.9  71.3 6.93E-06 002.4 180.3  06.0 0.033365 0.028863 0.006685 hargrave 2021-08-26 11:26:39 
TT 600 296.8  61.5 335.5  81.3 7.19E-06 001.8 171.0 -16.0 0.025451 0.018909 0.006566 hargrave 2021-08-27 15:16:55 
