CS2- 7 mag compass orientation (IGRF corrected)
    0.5 328.2  32.0  12.1  22.5   1.0
NRM    333.1  69.4 041.5  71.7 2.71E-03 002.5 146.1  51.1 7.229219 9.034592 1.956726 hargrave 2021-07-08 14:36:28 
TT 100 323.8  66.7 028.6  74.0 2.13E-03 003.1 139.4  52.6 8.587448 7.562431 1.528811 hargrave 2021-07-09 13:54:53 
TT 150 312.0  65.7 017.2  78.1 1.41E-03 001.6 134.2  56.5 3.276673 2.250971 0.900049 hargrave 2021-07-19 14:42:51 
TT 200 306.8  72.5 053.9  80.3 1.04E-03 007.9 145.8  60.1 7.508337 12.38043 0.724608 hargrave 2021-07-20 10:44:07 
TT 250 298.4  62.1 341.7  81.2 7.62E-04 001.1 123.7  60.8 1.237914 0.731904 0.327046 hargrave 2021-07-20 16:45:29 
TT 300 293.0  62.3 328.7  83.0 5.62E-04 003.8 122.4  63.2 3.223410 1.830773 0.251579 hargrave 2021-07-21 13:57:17 
TT 350 293.6  59.6 320.4  80.6 4.56E-04 001.7 117.2  62.1 1.260298 0.460710 0.187461 hargrave 2021-07-22 12:19:43 
TT 375 294.3  59.9 323.3  80.7 4.17E-04 000.6 118.1  61.9 0.248263 0.318358 0.188240 hargrave 2021-07-22 18:08:27 
TT 400 293.3  57.8 314.9  79.0 3.86E-04 002.0 113.4  61.5 1.246801 0.416682 0.148593 hargrave 2021-07-23 20:03:17 
TT 425 295.9  60.8 330.5  81.1 3.63E-04 002.3 120.4  61.5 1.353216 0.558856 0.167306 hargrave 2021-07-25 10:16:22 
TT 450 295.1  58.6 321.4  79.4 3.37E-04 001.5 115.7  61.0 0.870727 0.232075 0.155271 hargrave 2021-07-27 10:12:06 
TT 475 292.9  59.4 317.8  80.6 3.19E-04 001.6 116.4  62.3 0.851424 0.166047 0.164170 hargrave 2021-07-28 16:49:47 
TT 500 290.5  57.7 307.5  79.5 3.03E-04 000.8 112.1  62.9 0.423840 0.122392 0.109845 hargrave 2021-08-03 12:39:34 
TT 515 287.9  57.8 300.0  80.0 2.83E-04 002.2 111.0  64.2 1.029852 0.347943 0.103058 hargrave 2021-08-04 12:31:59 
TT 530 289.4  60.3 309.3  82.1 2.52E-04 003.5 117.0  64.3 1.410311 0.639358 0.099025 hargrave 2021-08-06 15:28:33 
TT 540 285.2  56.9 291.4  79.3 2.45E-04 001.8 107.8  65.2 0.725293 0.232982 0.090291 hargrave 2021-08-09 16:11:56 
TT 550 283.2  56.5 285.4  79.0 2.16E-04 002.3 106.0  66.1 0.807298 0.261554 0.077837 hargrave 2021-08-10 17:59:07 
TT 560 295.2  60.6 328.1  81.1 1.40E-04 000.7 119.8  61.7 0.104395 0.142554 0.054329 hargrave 2021-08-11 14:47:13 
TT 566 305.3  57.9 340.8  75.8 1.03E-04 001.6 119.2  55.9 0.237709 0.180019 0.057092 hargrave 2021-08-12 14:50:32 
TT 570 306.6  60.0 349.0  77.0 8.56E-05 001.0 123.1  56.3 0.128927 0.091575 0.043773 hargrave 2021-08-13 13:12:02 
TT 573 340.1  47.0 006.8  54.5 6.78E-05 001.9 127.2  33.1 0.251085 0.149747 0.285038 hargrave 2021-08-16 11:23:34 
TT 577 357.7  72.5 057.5  65.5 6.31E-05 002.4 157.4  46.9 0.081955 0.282630 0.113942 hargrave 2021-08-17 10:34:38 
TT 580 215.1  59.7 174.4  60.8 3.28E-05 001.8 252.1  78.0 0.069911 0.077533 0.009279 hargrave 2021-08-18 15:06:33 
TT 583 024.9  67.0 060.7  54.8 5.92E-05 005.4 164.3  37.4 0.206759 0.516320 0.060147 hargrave 2021-08-19 17:12:41 
TT 586 003.5  63.4 044.4  58.4 5.02E-05 001.4 152.2  38.4 0.062461 0.100142 0.063960 hargrave 2021-08-25 13:21:41 
TT 589 335.3  51.5 006.9  59.9 6.43E-05 001.9 127.8  38.5 0.168197 0.130885 0.063938 hargrave 2021-08-26 11:28:06 
TT 600 020.8  61.6 052.7  51.7 5.12E-05 001.8 159.8  33.0 0.105354 0.153398 0.048652 hargrave 2021-08-27 15:18:22 
