CS2- 4 mag compass orientation (IGRF corrected)
    0.1 115.2  83.0  12.1  22.5   1.0
NRM    344.7  58.4 024.5  61.5 1.32E-03 001.5 203.2  30.0 0.756786 2.761828 1.997051 hargrave 2021-07-08 14:31:53 
TT 100 343.1  59.9 025.7  63.1 1.11E-03 001.3 202.5  28.4 0.271394 1.961248 1.583167 hargrave 2021-07-09 13:49:42 
TT 150 327.4  57.8 008.7  67.7 6.77E-04 001.5 209.2  22.6 0.454560 1.472841 0.989729 hargrave 2021-07-19 14:38:55 
TT 200 323.4  53.7 357.5  66.2 5.90E-04 000.9 214.2  22.1 0.253988 0.218236 0.916759 hargrave 2021-07-20 10:38:34 
TT 250 323.4  55.3 359.9  67.4 4.84E-04 000.9 212.7  21.6 0.063920 0.367073 0.693151 hargrave 2021-07-20 16:40:48 
TT 300 318.7  55.6 355.1  69.3 3.87E-04 003.3 213.2  18.9 1.276758 1.747196 0.561080 hargrave 2021-07-21 13:52:32 
TT 350 322.1  56.6 000.9  68.8 3.23E-04 001.8 211.6  20.4 0.355552 0.820368 0.458073 hargrave 2021-07-22 12:14:55 
TT 375 324.3  57.9 005.7  68.9 2.93E-04 001.1 209.9  21.1 0.090543 0.379123 0.379741 hargrave 2021-07-22 18:03:48 
TT 400 324.2  58.0 006.0  69.1 2.68E-04 001.4 209.7  21.0 0.214644 0.516592 0.370069 hargrave 2021-07-23 19:59:23 
TT 425 323.4  56.8 002.7  68.5 2.54E-04 002.5 211.1  21.0 0.665944 0.788561 0.385898 hargrave 2021-07-25 10:11:36 
TT 450 322.6  58.2 004.6  69.8 2.35E-04 003.1 209.9  20.1 0.678069 1.027944 0.312113 hargrave 2021-07-27 10:07:34 
TT 475 321.1  56.5 359.5  69.1 2.24E-04 001.0 211.9  20.0 0.273728 0.202468 0.287913 hargrave 2021-07-28 16:45:12 
TT 500 320.7  55.3 356.9  68.4 2.18E-04 002.2 213.2  20.1 0.293792 0.777350 0.240687 hargrave 2021-08-03 12:34:56 
TT 515 320.7  54.4 355.3  67.7 2.12E-04 002.0 214.1  20.4 0.463747 0.543485 0.292695 hargrave 2021-08-04 12:27:24 
TT 530 321.8  52.7 354.1  66.0 2.07E-04 003.0 215.6  21.5 0.577117 0.917538 0.216090 hargrave 2021-08-06 15:24:37 
TT 540 321.2  53.6 354.7  66.9 1.98E-04 001.7 214.8  20.9 0.375660 0.360148 0.272795 hargrave 2021-08-09 16:07:25 
TT 550 320.6  51.4 350.7  65.4 1.95E-04 001.4 217.2  21.1 0.272920 0.302047 0.261531 hargrave 2021-08-10 17:55:16 
TT 560 327.4  59.5 012.0  68.8 1.86E-04 001.6 207.6  21.9 0.326280 0.331750 0.264199 hargrave 2021-08-11 14:43:23 
TT 566 328.2  54.5 003.8  65.0 1.73E-04 000.8 212.4  24.4 0.087243 0.114219 0.219304 hargrave 2021-08-12 14:46:32 
TT 570 336.0  54.8 012.0  62.3 1.56E-04 001.7 209.7  28.3 0.272226 0.354765 0.161717 hargrave 2021-08-13 13:08:10 
TT 573 349.2  60.3 030.8  61.2 1.31E-04 002.4 199.7  30.3 0.154953 0.513162 0.174226 hargrave 2021-08-16 11:19:41 
TT 577 349.8  55.5 024.7  57.6 1.17E-04 001.5 203.3  33.9 0.124293 0.240319 0.159646 hargrave 2021-08-17 10:30:45 
TT 580 338.5  54.0 013.1  60.7 1.07E-04 002.5 209.6  29.9 0.229596 0.395117 0.123327 hargrave 2021-08-18 15:02:42 
TT 583 353.2  59.1 031.8  58.9 1.02E-04 001.7 198.8  32.5 0.126286 0.248003 0.108650 hargrave 2021-08-19 17:08:43 
TT 586 337.7  54.1 012.6  61.1 8.68E-05 001.6 209.7  29.5 0.174064 0.112969 0.120857 hargrave 2021-08-25 13:17:49 
TT 589 347.5  58.6 027.0  60.6 8.50E-05 001.4 201.8  30.9 0.179215 0.170979 0.084492 hargrave 2021-08-26 11:23:30 
TT 600 348.8  59.8 029.7  61.0 5.98E-05 001.3 200.3  30.5 0.089634 0.096898 0.090738 hargrave 2021-08-27 15:14:30 
TT 609 343.2  62.6 030.5  64.9 6.73E-05 001.7 200.2  26.6 0.059497 0.190519 0.106375 hargrave 2021-08-31 13:45:50 
TT 619 329.5  56.5 008.5  66.0 6.44E-05 001.6 210.0  24.2 0.062794 0.160584 0.084060 hargrave 2021-09-01 13:06:01 
TT 630 332.6  67.2 034.9  71.1 5.52E-05 000.9 199.1  20.2 0.257649 0.039002 0.082827 hargrave 2021-09-02 08:21:23 
TT 640 334.5  71.0 046.9  71.8 5.48E-05 001.8 195.4  18.6 0.143733 0.137907 0.078737 hargrave 2021-09-02 17:10:08 
TT 650 329.3  75.5 061.4  73.7 4.67E-05 000.8 192.4  14.9 0.136656 0.038047 0.043965 hargrave 2021-09-24 12:49:31 
TT 660 331.0  55.4 008.2  64.6 4.63E-05 001.9 210.6  25.5 0.137901 0.085626 0.098734 hargrave 2021-09-24 17:57:38 
TT 664 341.5  71.3 049.5  69.6 4.21E-05 001.1 193.7  20.2 0.212278 0.065827 0.052089 hargrave 2021-09-25 17:49:17 
