CS2- 3 mag compass orientation (IGRF corrected)
    0.1 253.2  84.0  12.1  22.5   1.0
NRM    296.9  55.6 319.3  76.2 2.54E-04 002.3 154.6 -17.6 0.399398 0.948068 0.216698 hargrave 2021-07-08 14:30:45 
TT 100 293.6  53.2 308.8  74.6 2.25E-04 001.1 151.4 -17.6 0.295612 0.316812 0.197837 hargrave 2021-07-09 13:48:36 
TT 150 289.1  50.7 297.4  72.8 1.83E-04 001.7 147.6 -16.8 0.206884 0.494526 0.183458 hargrave 2021-07-19 14:37:49 
TT 200 287.5  50.3 293.7  72.6 1.68E-04 003.3 146.7 -16.1 0.488033 0.815882 0.167668 hargrave 2021-07-20 10:37:09 
TT 250 284.2  47.5 286.3  70.0 1.60E-04 000.7 143.1 -15.6 0.082109 0.074604 0.171035 hargrave 2021-07-20 16:39:24 
TT 300 283.9  49.5 285.9  72.0 1.51E-04 000.9 144.8 -14.5 0.191583 0.061534 0.158281 hargrave 2021-07-21 13:51:24 
TT 350 283.1  48.7 284.2  71.1 1.40E-04 001.6 143.8 -14.4 0.291186 0.262748 0.156633 hargrave 2021-07-22 12:13:46 
TT 375 279.2  45.9 276.7  68.3 1.27E-04 001.1 140.0 -13.2 0.188600 0.093769 0.154266 hargrave 2021-07-22 18:02:35 
TT 400 281.4  49.6 280.5  72.1 1.16E-04 003.6 144.1 -13.0 0.406443 0.617151 0.137437 hargrave 2021-07-23 19:58:16 
TT 425 277.8  44.5 274.3  66.9 1.10E-04 003.8 138.3 -12.8 0.426179 0.598279 0.133124 hargrave 2021-07-25 10:10:26 
TT 450 281.8  50.4 281.4  72.9 1.00E-04 001.0 144.9 -12.9 0.080797 0.121007 0.123252 hargrave 2021-07-27 10:06:27 
TT 475 279.1  48.9 275.9  71.3 9.58E-05 001.0 142.8 -12.0 0.093511 0.127105 0.120496 hargrave 2021-07-28 16:44:06 
TT 500 278.4  47.7 274.8  70.1 9.27E-05 001.0 141.5 -12.0 0.116007 0.113288 0.124778 hargrave 2021-08-03 12:33:46 
TT 515 276.8  47.8 271.6  70.1 8.92E-05 001.0 141.1 -11.0 0.119971 0.104891 0.126424 hargrave 2021-08-04 12:26:16 
TT 530 276.0  48.3 269.8  70.6 8.14E-05 003.3 141.5 -10.3 0.222950 0.415776 0.145295 hargrave 2021-08-06 15:23:26 
TT 540 273.6  43.6 267.0  65.6 7.73E-05 002.5 136.3 -10.3 0.218127 0.242005 0.122302 hargrave 2021-08-09 16:06:19 
TT 550 273.1  44.2 265.9  66.2 7.50E-05 004.2 136.8 -09.8 0.355913 0.417141 0.110113 hargrave 2021-08-10 17:54:10 
TT 560 273.9  43.5 267.6  65.6 6.72E-05 001.3 136.3 -10.5 0.134795 0.141224 0.101226 hargrave 2021-08-11 14:42:13 
TT 566 275.8  47.2 269.8  69.5 5.59E-05 001.1 140.4 -10.5 0.092578 0.047179 0.080836 hargrave 2021-08-12 14:45:24 
TT 570 270.3  47.9 259.1  69.5 4.00E-05 003.7 139.8 -06.8 0.175894 0.211556 0.033610 hargrave 2021-08-13 13:06:18 
TT 573 288.4  56.2 299.7  78.4 2.56E-05 002.7 152.2 -13.4 0.155291 0.105007 0.021909 hargrave 2021-08-16 11:18:31 
TT 577 282.8  66.4 295.2  88.8 1.70E-05 004.3 159.5 -05.8 0.074710 0.109253 0.016695 hargrave 2021-08-17 10:29:38 
TT 580 292.9  54.3 308.7  75.8 1.05E-05 004.6 152.1 -16.7 0.064350 0.062149 0.011746 hargrave 2021-08-18 15:01:35 
TT 583 313.5  66.2 020.8  77.7 1.29E-05 001.5 168.1 -14.6 0.032712 0.025076 0.015761 hargrave 2021-08-19 17:07:36 
TT 586 310.8  65.6 016.2  78.5 1.11E-05 002.2 166.8 -14.6 0.028141 0.041402 0.015191 hargrave 2021-08-25 13:16:41 
TT 589 273.0  39.4 267.2  61.5 1.36E-05 004.7 132.2 -11.2 0.097768 0.061598 0.021664 hargrave 2021-08-26 11:22:23 
TT 600 274.7  57.4 260.0  79.4 1.05E-05 001.3 149.8 -06.2 0.030031 0.031717 0.012814 hargrave 2021-08-27 15:13:23 
TT 609 270.8  50.2 258.5  71.9 1.08E-05 002.6 142.2 -06.5 0.039280 0.039694 0.011008 hargrave 2021-08-31 13:44:34 
TT 619 300.8  84.6 096.3  72.6 9.10E-06 002.8 176.3  02.0 0.027618 0.042847 0.014112 hargrave 2021-09-01 13:04:42 
TT 630 263.3  77.2 123.7  78.9 9.46E-06 005.7 167.4  03.6 0.084395 0.065821 0.053754 hargrave 2021-09-02 08:20:07 
TT 640 222.0  68.9 160.5  68.6 1.16E-05 002.0 161.3  16.4 0.042227 0.042794 0.014933 hargrave 2021-09-02 17:09:01 
TT 650 280.8  74.5 105.0  83.0 1.26E-05 002.4 166.3 -01.3 0.057120 0.061006 0.020388 hargrave 2021-09-24 12:48:07 
TT 660 234.6  77.3 136.4  73.3 1.09E-05 002.5 167.8  09.9 0.047806 0.045602 0.035734 hargrave 2021-09-24 17:56:14 
TT 664 104.3  89.2 102.2  66.7 5.63E-06 005.7 180.7  06.4 0.068797 0.053719 0.011937 hargrave 2021-09-25 17:47:53 
