CS3- 5 mag compass orientation (IGRF corrected)
    0.1  51.2  20.0  36.5  23.2   1.0
NRM    348.9  40.2 009.3  54.6 1.45E-03 002.4 040.5  56.9 3.844278 4.769147 0.765051 hargrave 2021-07-08 14:43:42 
TT 100 347.8  39.6 007.5  54.4 1.45E-03 000.5 038.8  56.5 0.688875 0.618394 0.940909 hargrave 2021-07-09 14:00:48 
TT 150 347.8  39.4 007.4  54.3 1.42E-03 001.1 038.7  56.3 1.308095 2.356463 0.741931 hargrave 2021-07-19 14:50:09 
TT 200 347.0  39.1 006.2  54.3 1.41E-03 001.3 037.5  56.2 2.457764 1.956936 0.756986 hargrave 2021-07-20 10:52:08 
TT 250 346.6  39.2 005.9  54.5 1.42E-03 002.2 037.0  56.4 3.597214 4.107761 0.876141 hargrave 2021-07-20 16:55:03 
TT 300 347.0  39.0 006.1  54.2 1.40E-03 001.0 037.4  56.2 1.805899 1.547962 0.783957 hargrave 2021-07-21 14:04:03 
TT 350 345.7  38.8 004.5  54.5 1.40E-03 001.1 035.6  56.2 2.018568 1.706372 0.726412 hargrave 2021-07-22 12:26:27 
TT 375 346.8  39.2 006.1  54.5 1.42E-03 001.8 037.2  56.4 2.999303 3.365861 0.810837 hargrave 2021-07-22 18:14:29 
TT 400 349.0  39.6 009.0  54.1 1.41E-03 001.3 040.4  56.3 2.542390 1.847932 1.344175 hargrave 2021-07-23 20:09:57 
TT 425 345.7  38.9 004.5  54.5 1.41E-03 000.7 035.5  56.3 0.526086 1.824084 1.703425 hargrave 2021-07-25 10:22:16 
TT 450 347.7  39.1 007.1  54.1 1.39E-03 002.3 038.4  56.1 3.709434 4.100958 0.715115 hargrave 2021-07-27 10:17:55 
TT 475 346.5  38.9 005.5  54.3 1.41E-03 001.0 036.7  56.2 1.106531 2.061942 0.754022 hargrave 2021-07-28 16:55:39 
TT 500 347.9  38.8 007.2  53.7 1.37E-03 000.7 038.6  55.8 1.300657 0.975914 0.720696 hargrave 2021-08-03 12:46:16 
TT 515 345.6  38.2 003.9  53.9 1.34E-03 002.2 035.2  55.6 3.196506 3.935480 0.786490 hargrave 2021-08-04 12:39:27 
TT 530 347.9  38.0 006.6  53.0 1.25E-03 002.4 038.2  55.0 3.203493 4.003477 0.682808 hargrave 2021-08-06 15:36:37 
TT 540 347.9  37.4 006.1  52.5 1.14E-03 002.1 037.9  54.5 2.749260 3.230590 0.609552 hargrave 2021-08-09 16:17:50 
TT 550 350.8  37.4 009.5  51.5 9.62E-04 001.8 041.7  53.8 2.263123 2.067747 0.633751 hargrave 2021-08-10 18:06:19 
TT 560 345.1  35.3 001.4  51.5 7.82E-04 000.4 033.3  53.0 0.282731 0.223077 0.451714 hargrave 2021-08-11 14:53:53 
TT 566 347.9  35.5 004.7  50.8 6.20E-04 000.8 037.0  52.6 0.765338 0.437646 0.497780 hargrave 2021-08-12 14:58:40 
TT 570 352.6  36.7 011.0  50.2 5.36E-04 000.9 043.6  52.7 0.577609 0.599332 0.349909 hargrave 2021-08-13 13:19:23 
TT 573 347.5  36.0 004.7  51.3 6.07E-04 002.9 036.8  53.2 2.213628 2.141067 0.548947 hargrave 2021-08-16 11:30:59 
TT 577 354.4  37.9 013.8  50.6 6.76E-04 002.5 046.4  53.4 2.521770 1.647942 0.789900 hargrave 2021-08-17 10:41:50 
TT 580 350.0  37.0 008.2  51.4 7.22E-04 002.8 040.4  53.6 2.188238 2.802462 0.392909 hargrave 2021-08-18 15:13:52 
TT 583 347.8  36.7 005.5  51.9 7.50E-04 001.4 037.4  53.8 0.980263 1.519504 0.406363 hargrave 2021-08-19 17:19:15 
TT 586 346.7  36.7 004.2  52.2 7.67E-04 001.4 036.0  54.0 1.012392 1.543315 0.439949 hargrave 2021-08-25 13:28:14 
TT 589 347.8  37.0 005.7  52.1 7.85E-04 001.0 037.6  54.1 1.085136 0.790824 0.444803 hargrave 2021-08-26 11:35:16 
TT 600 346.0  36.4 003.2  52.2 8.08E-04 001.1 035.0  53.9 0.902826 1.255789 0.458056 hargrave 2021-08-27 15:24:58 
