CS3- 1 mag compass orientation (IGRF corrected)
    0.3  67.2  22.0  36.5  23.2   1.0
NRM    007.8  60.2 052.3  63.1 4.40E-03 000.9 074.3  74.8 6.574614 2.127478 1.006192 hargrave 2021-07-08 14:39:36 
TT 100 010.8  57.5 050.2  60.1 2.98E-03 000.7 071.6  71.7 3.553242 1.182640 1.128274 hargrave 2021-07-09 13:57:22 
TT 150 008.6  55.9 046.2  59.8 1.62E-03 001.0 065.4  71.2 1.173848 2.505949 0.948168 hargrave 2021-07-19 14:46:01 
TT 200 007.1  54.4 043.0  59.3 1.12E-03 000.7 060.6  70.6 0.833962 1.019154 0.573086 hargrave 2021-07-20 10:47:08 
TT 250 007.8  52.5 041.2  57.6 4.17E-04 081.4 058.7  68.7 8.409147 13.80365 41.52645 hargrave 2021-07-20 16:50:04 
TT 250 004.1  54.0 039.9  60.2 8.29E-04 001.4 055.5  71.2 1.932469 0.457888 0.468336 hargrave 2021-07-21 07:07:31 
TT 300 009.5  54.9 045.7  58.8 6.80E-04 001.5 064.9  70.2 1.710002 0.355394 0.394201 hargrave 2021-07-21 13:59:51 
TT 350 010.0  53.1 043.9  57.2 5.38E-04 000.8 062.7  68.5 0.601962 0.336486 0.424671 hargrave 2021-07-22 12:22:16 
TT 375 009.5  54.4 045.0  58.4 4.80E-04 001.5 064.0  69.7 1.167124 0.209611 0.333597 hargrave 2021-07-22 18:11:00 
TT 400 008.7  53.8 043.5  58.2 4.29E-04 000.8 061.9  69.5 0.427847 0.340723 0.375740 hargrave 2021-07-23 20:06:31 
TT 425 011.3  54.8 046.9  58.0 3.75E-04 001.5 067.0  69.5 0.904364 0.394039 0.515768 hargrave 2021-07-25 10:18:50 
TT 450 013.2  55.4 049.2  57.7 3.31E-04 001.1 070.5  69.3 0.550626 0.307737 0.397205 hargrave 2021-07-27 10:14:32 
TT 475 018.1  54.2 051.6  54.9 2.80E-04 001.1 074.6  66.6 0.401026 0.365132 0.117239 hargrave 2021-07-28 16:52:14 
TT 500 013.2  54.2 047.7  56.8 2.53E-04 001.2 068.5  68.3 0.223471 0.467507 0.116615 hargrave 2021-08-03 12:42:04 
TT 515 014.3  53.9 048.2  56.1 2.11E-04 001.3 069.4  67.7 0.347316 0.316192 0.094408 hargrave 2021-08-04 12:35:18 
TT 530 010.2  50.5 041.0  55.1 1.85E-04 001.8 059.3  66.2 0.410905 0.332819 0.312186 hargrave 2021-08-06 15:31:44 
TT 540 020.3  49.1 048.2  50.1 1.63E-04 003.3 070.4  61.6 0.291933 0.797704 0.404789 hargrave 2021-08-09 16:14:25 
TT 550 010.9  47.7 038.7  52.6 1.47E-04 003.1 057.0  63.5 0.530849 0.576445 0.267603 hargrave 2021-08-10 18:01:34 
TT 560 019.8  42.0 041.9  44.3 1.39E-04 002.4 062.9  55.6 0.316143 0.458544 0.238794 hargrave 2021-08-11 14:50:28 
TT 566 028.1  52.8 057.8  50.1 9.85E-05 003.1 083.4  61.8 0.383917 0.390994 0.073747 hargrave 2021-08-12 14:53:46 
TT 570 007.0  53.7 042.0  58.9 1.08E-04 002.5 059.3  70.0 0.255086 0.370560 0.167858 hargrave 2021-08-13 13:15:11 
TT 573 348.9  19.1 357.7  35.2 7.38E-05 003.5 014.6  40.6 0.390605 0.518899 0.414231 hargrave 2021-08-16 11:26:48 
TT 577 009.4  35.3 027.6  42.7 6.26E-05 005.7 045.7  52.7 0.705326 0.223137 0.146357 hargrave 2021-08-17 10:37:45 
TT 580 036.5  44.0 057.3  39.7 5.59E-05 003.7 082.6  51.4 0.304742 0.246619 0.023345 hargrave 2021-08-18 15:09:04 
TT 583 052.9  30.1 063.5  21.4 6.32E-05 003.3 089.3  33.1 0.350515 0.167342 0.058305 hargrave 2021-08-19 17:15:08 
TT 586 081.2  30.2 087.5  12.9 3.35E-05 009.5 114.5  22.8 0.666535 0.287116 0.035707 hargrave 2021-08-25 13:24:08 
TT 586 072.1  36.3 081.9  21.1 2.98E-05 006.3 109.6  31.6 0.290095 0.260534 0.027314 hargrave 2021-08-25 15:31:07 
TT 589 033.0  07.8 036.4  08.6 9.55E-05 008.2 060.4  19.6 1.497711 0.281732 0.340979 hargrave 2021-08-26 11:30:32 
TT 589 029.7  05.1 032.3  07.4 1.02E-04 001.3 056.2  18.0 0.150825 0.181712 0.139419 hargrave 2021-08-27 10:25:01 
TT 600 098.6 -05.3 095.4 -25.6 2.53E-05 012.7 117.7 -16.3 0.303397 0.323397 0.424898 hargrave 2021-08-27 15:20:52 
TT 600 024.0  30.2 038.3  32.4 1.35E-05 012.0 060.3  43.5 0.207679 0.261353 0.025858 hargrave 2021-08-30 11:10:40 
