CS3- 4 mag compass orientation (IGRF corrected)
    0.2  17.2  27.0  36.5  23.2   1.0
NRM    359.0  55.3 037.1  63.2 3.05E-03 002.1 111.6  54.4 8.978072 5.794836 2.611738 hargrave 2021-07-08 14:41:54 
TT 100 000.5  55.4 038.7  62.6 2.64E-03 000.8 112.8  53.8 2.048335 1.713443 2.681481 hargrave 2021-07-09 13:59:42 
TT 150 354.8  54.3 031.7  64.1 2.03E-03 000.7 107.6  55.6 0.479154 1.673728 1.708958 hargrave 2021-07-19 14:48:15 
TT 200 351.9  54.3 028.7  65.2 1.73E-03 001.0 105.5  56.8 1.926890 2.205716 1.107432 hargrave 2021-07-20 10:50:47 
TT 250 348.5  53.7 024.2  66.1 1.55E-03 000.7 102.3  57.9 1.361314 1.051351 1.061378 hargrave 2021-07-20 16:53:42 
TT 300 347.3  53.7 022.8  66.5 1.43E-03 001.5 101.3  58.4 3.532724 0.391807 1.202532 hargrave 2021-07-21 14:02:08 
TT 350 342.3  51.0 012.6  66.2 1.34E-03 000.6 093.5  58.8 0.544247 0.792895 0.980199 hargrave 2021-07-22 12:24:36 
TT 375 344.9  53.2 019.2  67.1 1.29E-03 000.6 098.8  59.2 0.498282 1.002864 0.936555 hargrave 2021-07-22 18:13:22 
TT 400 343.2  52.4 015.8  67.0 1.11E-03 001.5 096.2  59.4 2.207634 5.620027 10.53588 hargrave 2021-07-23 20:08:51 
TT 425 341.9  51.5 012.8  66.8 1.19E-03 000.4 093.9  59.4 0.567764 0.477574 0.854433 hargrave 2021-07-25 10:21:08 
TT 450 343.7  52.4 016.4  66.8 1.14E-03 000.7 096.6  59.1 1.039949 0.633099 0.756613 hargrave 2021-07-27 10:16:48 
TT 475 340.4  50.2 009.1  66.3 1.11E-03 000.4 090.9  59.2 0.407955 0.418131 0.546046 hargrave 2021-07-28 16:54:32 
TT 500 339.6  50.0 007.8  66.4 1.07E-03 000.5 089.9  59.4 0.555033 0.607936 0.527908 hargrave 2021-08-03 12:44:24 
TT 515 338.8  49.5 005.9  66.2 1.03E-03 000.4 088.3  59.4 0.455847 0.542677 0.489717 hargrave 2021-08-04 12:37:35 
TT 530 339.0  50.4 007.4  66.9 9.85E-04 001.4 089.8  59.9 2.309141 0.531275 0.457466 hargrave 2021-08-06 15:34:46 
TT 540 340.4  51.3 010.6  67.2 9.30E-04 000.4 092.4  59.9 0.391723 0.319087 0.477966 hargrave 2021-08-09 16:16:44 
TT 550 335.0  47.3 357.9  65.5 8.53E-04 000.5 081.8  59.5 0.581380 0.286451 0.400758 hargrave 2021-08-10 18:04:31 
TT 560 337.0  48.5 002.1  66.0 7.41E-04 000.5 085.3  59.5 0.592395 0.231540 0.359424 hargrave 2021-08-11 14:52:47 
TT 566 337.3  47.6 001.6  65.1 6.09E-04 001.1 084.5  58.7 1.123203 0.124512 0.299734 hargrave 2021-08-12 14:56:48 
TT 570 339.7  50.1 007.9  66.4 5.16E-04 000.8 090.0  59.4 0.665533 0.162225 0.245933 hargrave 2021-08-13 13:18:12 
TT 573 339.2  47.7 004.3  64.6 4.30E-04 001.2 086.4  57.9 0.664784 0.434690 0.488017 hargrave 2021-08-16 11:29:52 
TT 577 336.5  47.2 360.0  65.0 4.24E-04 001.2 083.2  58.7 0.841460 0.096197 0.427257 hargrave 2021-08-17 10:40:42 
TT 580 341.8  47.1 007.1  63.2 4.20E-04 000.3 088.1  56.3 0.157039 0.140871 0.205631 hargrave 2021-08-18 15:12:02 
TT 583 336.8  47.3 000.4  65.0 4.38E-04 002.1 083.5  58.7 1.555029 0.286912 0.216008 hargrave 2021-08-19 17:17:23 
TT 586 340.2  48.8 007.0  65.2 4.44E-04 000.5 088.8  58.2 0.371783 0.109871 0.219360 hargrave 2021-08-25 13:26:25 
TT 589 338.3  48.1 003.5  65.2 4.66E-04 002.2 086.1  58.6 1.741279 0.131722 0.210830 hargrave 2021-08-26 11:33:28 
TT 600 340.9  49.3 008.5  65.3 4.60E-04 000.8 090.0  58.3 0.583343 0.104297 0.228312 hargrave 2021-08-27 15:23:08 
