CS3- 2 mag compass orientation (IGRF corrected)
   0.05 358.2  27.0  36.5  23.2   1.0
NRM    340.5  49.8 008.6  65.9 8.23E-04 001.2 105.6  50.3 1.731576 0.302744 0.444316 hargrave 2021-07-08 14:40:44 
TT 100 338.3  48.4 003.8  65.5 7.76E-04 002.5 102.5  50.3 3.118460 0.969579 0.691717 hargrave 2021-07-09 13:58:33 
TT 150 338.6  50.6 007.1  67.2 7.27E-04 002.8 105.0  51.7 3.437157 0.787153 0.417968 hargrave 2021-07-19 14:47:09 
TT 200 336.1  49.9 002.6  67.4 6.92E-04 003.7 102.4  52.3 4.300879 1.350263 0.386674 hargrave 2021-07-20 10:48:35 
TT 250 335.0  50.0 001.3  67.9 6.83E-04 002.1 101.8  52.9 2.409246 0.673870 0.479571 hargrave 2021-07-20 16:51:29 
TT 300 336.7  51.8 006.2  68.9 6.70E-04 002.1 105.1  53.4 2.303899 0.698501 0.459433 hargrave 2021-07-21 14:01:00 
TT 350 335.0  50.8 002.3  68.6 6.55E-04 001.2 102.6  53.5 1.289631 0.324810 0.418377 hargrave 2021-07-22 12:23:27 
TT 375 336.4  51.9 006.0  69.1 6.51E-04 000.4 105.0  53.6 0.243637 0.189141 0.401960 hargrave 2021-07-22 18:12:10 
TT 400 336.4  52.6 007.0  69.6 6.41E-04 005.3 105.8  54.1 5.492982 2.317092 0.430139 hargrave 2021-07-23 20:07:41 
TT 425 333.6  50.4 359.6  68.7 6.36E-04 003.0 101.0  53.8 3.154445 1.196387 0.591250 hargrave 2021-07-25 10:20:02 
TT 450 333.7  50.5 359.8  68.7 6.22E-04 000.6 101.2  53.8 0.491392 0.163976 0.457983 hargrave 2021-07-27 10:15:41 
TT 475 334.6  51.4 002.6  69.3 6.26E-04 000.6 103.1  54.1 0.596522 0.210386 0.468403 hargrave 2021-07-28 16:53:26 
TT 500 334.3  51.1 001.6  69.1 6.11E-04 001.6 102.4  54.0 1.696994 0.290512 0.680772 hargrave 2021-08-03 12:43:13 
TT 515 332.1  50.1 356.9  68.9 6.05E-04 000.9 099.6  54.3 0.895167 0.204227 0.389644 hargrave 2021-08-04 12:36:27 
TT 530 331.7  49.7 355.8  68.7 5.78E-04 000.7 098.8  54.2 0.596254 0.153662 0.572376 hargrave 2021-08-06 15:33:36 
TT 540 336.4  52.7 007.2  69.7 5.37E-04 000.9 105.9  54.2 0.709257 0.270018 0.453700 hargrave 2021-08-09 16:15:34 
TT 550 335.8  52.5 006.0  69.8 4.75E-04 000.7 105.3  54.3 0.542687 0.125352 0.245490 hargrave 2021-08-10 18:03:24 
TT 560 332.3  50.1 357.1  68.8 4.00E-04 001.2 099.6  54.1 0.811262 0.105396 0.250532 hargrave 2021-08-11 14:51:36 
TT 566 335.0  52.2 004.4  69.8 3.34E-04 001.2 104.3  54.5 0.171260 0.812813 0.179952 hargrave 2021-08-12 14:55:38 
TT 570 333.2  52.1 001.4  70.3 2.76E-04 000.5 102.8  55.2 0.145530 0.109991 0.159949 hargrave 2021-08-13 13:17:05 
TT 573 333.3  50.7 359.7  69.1 2.59E-04 002.5 101.3  54.2 1.055989 0.436812 0.284660 hargrave 2021-08-16 11:28:45 
TT 577 330.7  49.5 353.9  68.8 2.81E-04 001.5 097.7  54.4 0.663250 0.459240 0.232377 hargrave 2021-08-17 10:39:36 
TT 580 332.7  51.1 359.3  69.6 3.11E-04 000.7 101.3  54.7 0.286843 0.216262 0.178553 hargrave 2021-08-18 15:10:55 
TT 583 330.8  50.8 355.7  69.9 3.35E-04 003.3 099.3  55.3 1.847711 0.467156 0.213137 hargrave 2021-08-19 17:16:17 
TT 586 328.1  49.3 349.3  69.3 3.53E-04 000.8 095.3  55.5 0.461271 0.185071 0.183607 hargrave 2021-08-25 13:25:17 
TT 589 332.2  50.8 357.9  69.5 3.62E-04 001.2 100.4  54.7 0.716761 0.228100 0.187603 hargrave 2021-08-26 11:31:41 
TT 600 332.0  50.8 357.7  69.6 3.67E-04 000.7 100.4  54.8 0.269864 0.352639 0.213625 hargrave 2021-08-27 15:22:01 
