CS3- 7 mag compass orientation (IGRF corrected)
    0.1  50.2  18.0  36.5  23.2   1.0
NRM    006.8  74.8 085.5  69.8 1.87E-04 001.6 123.8  76.8 0.511005 0.134700 0.062929 hargrave 2021-07-08 14:48:12 
TT 100 350.4  74.8 085.1  74.0 1.33E-04 000.6 122.0  81.0 0.147706 0.041251 0.054752 hargrave 2021-07-09 14:03:57 
TT 150 344.5  74.9 086.6  75.5 1.20E-04 001.0 124.1  82.6 0.213191 0.029626 0.014776 hargrave 2021-07-19 14:54:43 
TT 200 339.3  75.0 088.6  76.8 1.13E-04 001.3 127.7  83.8 0.245444 0.097158 0.054888 hargrave 2021-07-20 10:56:51 
TT 250 336.7  75.0 089.6  77.4 1.11E-04 001.1 129.9  84.5 0.200028 0.077495 0.040863 hargrave 2021-07-20 16:59:43 
TT 300 332.2  75.3 093.7  78.3 1.08E-04 000.7 140.0  85.3 0.120486 0.032332 0.045693 hargrave 2021-07-21 14:07:23 
TT 350 333.4  75.2 092.4  78.1 1.04E-04 000.6 136.6  85.1 0.113560 0.028810 0.017484 hargrave 2021-07-22 12:30:30 
TT 375 335.0  75.1 091.3  77.7 1.02E-04 000.8 133.8  84.8 0.127599 0.049291 0.024466 hargrave 2021-07-22 18:18:29 
TT 400 336.0  75.7 093.2  77.2 9.92E-05 000.7 137.8  84.3 0.102792 0.049128 0.019186 hargrave 2021-07-23 20:13:11 
TT 425 334.0  75.5 093.3  77.8 9.69E-05 000.9 138.4  84.8 0.121846 0.071042 0.102324 hargrave 2021-07-25 10:27:01 
TT 450 334.6  74.4 088.6  78.2 9.48E-05 000.8 127.2  85.2 0.128073 0.021277 0.021566 hargrave 2021-07-27 10:21:44 
TT 475 334.2  73.9 086.4  78.5 9.37E-05 000.8 121.5  85.5 0.118291 0.052183 0.027348 hargrave 2021-07-28 17:00:12 
TT 500 333.9  72.9 081.7  78.9 8.80E-05 000.8 108.7  85.8 0.114488 0.031166 0.065526 hargrave 2021-08-03 12:49:37 
TT 515 330.6  73.1 084.9  79.7 8.41E-05 000.9 115.0  86.7 0.128749 0.042965 0.006382 hargrave 2021-08-04 12:43:59 
TT 530 325.6  73.9 093.1  80.5 8.00E-05 000.7 142.8  87.5 0.093720 0.023738 0.055427 hargrave 2021-08-06 15:39:52 
TT 540 321.5  72.4 090.4  82.4 7.52E-05 000.7 137.1  89.4 0.090784 0.035351 0.027203 hargrave 2021-08-09 16:21:04 
TT 550 318.2  73.4 100.6  82.3 6.90E-05 000.9 202.1  88.5 0.099280 0.055670 0.010628 hargrave 2021-08-10 18:10:50 
TT 560 352.0  79.3 100.1  72.6 5.80E-05 001.2 147.4  79.5 0.102122 0.076364 0.027766 hargrave 2021-08-11 14:58:33 
TT 566 002.3  79.8 100.3  70.7 5.39E-05 001.3 146.6  77.6 0.104890 0.069300 0.034141 hargrave 2021-08-12 15:01:55 
TT 570 008.3  79.3 098.5  69.7 5.24E-05 001.4 143.5  76.6 0.106152 0.065780 0.008906 hargrave 2021-08-13 13:23:17 
TT 573 015.9  81.6 104.7  68.4 5.02E-05 001.2 152.0  75.1 0.096474 0.034492 0.041404 hargrave 2021-08-16 11:34:56 
TT 577 003.6  81.3 104.5  70.2 5.04E-05 001.2 152.7  76.9 0.079154 0.073047 0.033529 hargrave 2021-08-17 10:45:43 
TT 580 004.7  80.5 101.9  70.2 4.99E-05 001.1 148.9  77.0 0.080191 0.059651 0.009620 hargrave 2021-08-18 15:17:47 
TT 583 005.4  80.1 100.8  70.1 5.12E-05 001.3 147.2  77.0 0.093108 0.076471 0.013042 hargrave 2021-08-19 17:24:30 
TT 586 355.6  77.8 094.8  72.3 5.20E-05 001.0 138.5  79.4 0.085012 0.030943 0.036623 hargrave 2021-08-25 13:32:05 
TT 589 007.3  78.6 096.5  69.9 5.05E-05 000.9 140.5  76.9 0.069227 0.026234 0.035730 hargrave 2021-08-26 11:39:47 
TT 600 009.5  77.1 092.2  69.4 5.14E-05 000.7 134.0  76.4 0.054797 0.031764 0.016357 hargrave 2021-08-27 15:28:09 
