CS3- 6 mag compass orientation (IGRF corrected)
   0.05  27.2  28.0  36.5  23.2   1.0
NRM    343.7  48.8 011.5  64.0 3.97E-04 001.4 084.4  61.3 0.955612 0.176651 0.199240 hargrave 2021-07-08 14:47:04 
TT 100 342.3  47.6 008.3  63.4 3.76E-04 000.9 081.3  61.1 0.204650 0.467071 0.256664 hargrave 2021-07-09 14:02:49 
TT 150 342.3  47.7 008.4  63.5 3.68E-04 001.1 081.4  61.2 0.599135 0.264086 0.264698 hargrave 2021-07-19 14:52:49 
TT 200 340.8  46.8 005.5  63.2 3.62E-04 001.1 078.6  61.2 0.571979 0.116787 0.526579 hargrave 2021-07-20 10:55:25 
TT 250 340.6  47.1 005.5  63.6 3.64E-04 000.7 078.8  61.5 0.152409 0.356365 0.256462 hargrave 2021-07-20 16:58:18 
TT 300 341.0  47.5 006.4  63.8 3.60E-04 001.2 079.7  61.7 0.691927 0.226509 0.250892 hargrave 2021-07-21 14:06:11 
TT 350 339.4  46.5 003.2  63.5 3.58E-04 000.7 076.7  61.7 0.107510 0.356072 0.303469 hargrave 2021-07-22 12:29:16 
TT 375 341.0  47.6 006.6  63.9 3.63E-04 000.9 079.9  61.7 0.390568 0.284026 0.311962 hargrave 2021-07-22 18:17:18 
TT 400 340.5  47.3 005.6  63.8 3.60E-04 000.7 079.0  61.7 0.218176 0.081108 0.729697 hargrave 2021-07-23 20:12:02 
TT 425 339.7  47.2 004.3  63.9 3.59E-04 002.2 077.9  62.0 1.269572 0.344005 0.860655 hargrave 2021-07-25 10:25:04 
TT 450 342.0  48.4 008.7  64.2 3.53E-04 000.7 082.0  61.8 0.241483 0.208288 0.356222 hargrave 2021-07-27 10:20:36 
TT 475 341.4  48.1 007.6  64.1 3.57E-04 000.7 081.0  61.9 0.274914 0.191510 0.419496 hargrave 2021-07-28 16:58:19 
TT 500 340.9  47.4 006.3  63.7 3.44E-04 000.7 079.6  61.6 0.133111 0.340523 0.270576 hargrave 2021-08-03 12:48:24 
TT 515 341.5  48.0 007.7  64.1 3.32E-04 001.9 081.0  61.8 1.081215 0.109147 0.252016 hargrave 2021-08-04 12:42:09 
TT 530 339.9  46.8 004.1  63.5 3.16E-04 000.6 077.5  61.6 0.141785 0.216685 0.205569 hargrave 2021-08-06 15:38:43 
TT 540 339.5  46.3 003.1  63.2 2.88E-04 000.8 076.4  61.4 0.165818 0.245549 0.264882 hargrave 2021-08-09 16:19:52 
TT 550 340.3  46.7 004.7  63.3 2.55E-04 001.1 077.9  61.4 0.433587 0.079429 0.230024 hargrave 2021-08-10 18:09:00 
TT 560 340.7  46.7 005.1  63.1 2.23E-04 001.6 078.2  61.2 0.532893 0.243880 0.200384 hargrave 2021-08-11 14:56:36 
TT 566 341.6  47.5 007.3  63.6 1.97E-04 000.8 080.5  61.4 0.145181 0.162159 0.176645 hargrave 2021-08-12 15:00:46 
TT 570 340.1  47.6 005.3  64.1 1.81E-04 001.0 078.9  62.1 0.269350 0.084011 0.140699 hargrave 2021-08-13 13:22:05 
TT 573 342.4  49.0 010.1  64.5 1.72E-04 000.8 083.5  62.0 0.192445 0.045509 0.228741 hargrave 2021-08-16 11:33:47 
TT 577 340.8  49.2 008.2  65.3 1.78E-04 000.5 082.1  63.0 0.060632 0.037750 0.274968 hargrave 2021-08-17 10:44:34 
TT 580 346.1  55.4 024.3  68.3 1.82E-04 007.6 097.5  64.4 2.398397 0.415660 0.150617 hargrave 2021-08-18 15:16:38 
TT 583 340.5  49.8 008.7  65.9 1.95E-04 000.7 082.9  63.5 0.218289 0.068841 0.130047 hargrave 2021-08-19 17:22:39 
TT 586 339.6  50.1 007.9  66.5 1.99E-04 000.8 082.4  64.1 0.222580 0.075850 0.157019 hargrave 2021-08-25 13:30:56 
TT 589 337.9  49.3 004.5  66.4 2.06E-04 001.4 079.3  64.4 0.488626 0.075321 0.166872 hargrave 2021-08-26 11:37:57 
TT 600 339.7  49.5 007.2  65.9 2.13E-04 001.1 081.5  63.7 0.310197 0.244833 0.167446 hargrave 2021-08-27 15:27:00 
