CS3- 8 mag compass orientation (IGRF corrected)
    0.1  82.2   9.0  36.5  23.2   1.0
NRM    057.2  70.8 093.8  55.3 6.31E-03 001.9 092.0  72.7 20.31053 2.062692 1.632355 hargrave 2021-07-08 14:50:08 
TT 100 052.0  67.7 087.9  54.1 5.22E-03 003.4 082.4  70.7 30.91299 5.741481 1.318913 hargrave 2021-07-09 14:05:49 
TT 150 048.4  69.5 088.3  56.3 3.41E-03 000.3 081.0  72.8 1.081913 1.221318 0.758330 hargrave 2021-07-19 14:55:55 
TT 200 039.4  67.5 081.4  57.3 2.85E-03 001.2 068.2  72.4 1.296483 5.491259 1.155936 hargrave 2021-07-20 10:58:20 
TT 250 040.6  68.9 084.0  58.0 2.24E-03 001.2 071.5  73.5 4.398260 1.288459 0.477792 hargrave 2021-07-20 17:01:11 
TT 300 039.1  69.5 084.2  58.7 1.73E-03 001.3 070.7  74.3 3.389734 1.868219 0.345885 hargrave 2021-07-21 14:08:38 
TT 350 034.3  67.5 079.0  58.8 1.53E-03 001.1 062.1  73.1 1.187943 2.721950 0.564986 hargrave 2021-07-22 12:31:43 
TT 375 033.0  67.6 078.5  59.2 1.40E-03 001.1 060.6  73.4 2.246313 1.628173 0.295700 hargrave 2021-07-22 18:19:42 
TT 400 031.8  67.0 077.1  59.2 1.30E-03 001.4 058.3  73.0 2.428739 2.140781 0.290591 hargrave 2021-07-23 20:14:22 
TT 425 028.7  67.0 075.6  60.1 1.19E-03 000.9 054.4  73.4 1.347436 1.251965 0.282733 hargrave 2021-07-25 10:28:12 
TT 450 026.6  67.0 074.6  60.8 1.09E-03 001.6 051.7  73.7 2.101266 2.249305 0.358490 hargrave 2021-07-27 10:22:55 
TT 475 026.7  67.1 074.7  60.8 9.95E-04 001.1 051.9  73.7 1.668736 0.987647 0.280404 hargrave 2021-07-28 17:01:25 
TT 500 020.6  67.3 072.2  62.8 8.77E-04 001.5 043.9  74.7 1.775276 1.376081 0.260214 hargrave 2021-08-03 12:51:31 
TT 515 020.9  68.1 073.8  63.2 8.00E-04 000.5 045.2  75.4 0.582503 0.345933 0.201158 hargrave 2021-08-04 12:45:11 
TT 530 016.3  67.7 070.9  64.4 7.10E-04 000.6 038.1  75.5 0.406020 0.587438 0.189639 hargrave 2021-08-06 15:41:08 
TT 540 018.7  66.7 070.1  63.1 6.59E-04 001.0 040.6  74.3 0.856065 0.755688 0.189206 hargrave 2021-08-09 16:22:15 
TT 550 015.2  66.0 067.1  63.9 5.83E-04 001.0 035.0  73.9 0.911415 0.515555 0.150358 hargrave 2021-08-10 18:12:01 
TT 560 017.8  67.3 070.9  63.8 4.91E-04 001.6 039.9  75.0 0.849899 1.092614 0.161136 hargrave 2021-08-11 14:59:45 
TT 566 015.1  67.3 069.5  64.6 4.16E-04 001.6 035.9  75.2 0.812329 0.769347 0.246008 hargrave 2021-08-12 15:03:08 
TT 570 014.6  64.7 064.3  63.4 3.82E-04 001.1 033.1  72.7 0.565177 0.466127 0.176465 hargrave 2021-08-13 13:24:29 
TT 573 019.1  70.5 077.7  64.9 3.26E-04 003.7 045.8  77.8 0.440509 2.155278 0.653526 hargrave 2021-08-16 11:36:12 
TT 577 017.3  69.5 074.9  65.0 2.57E-04 002.5 041.6  77.1 0.363117 1.164555 0.728271 hargrave 2021-08-17 10:46:55 
TT 580 322.4  77.8 110.2  78.1 2.35E-04 001.2 285.0  83.8 0.339237 0.340842 0.086835 hargrave 2021-08-18 15:18:59 
TT 583 019.6  74.0 085.6  66.2 2.13E-04 001.4 054.2  81.0 0.427731 0.296108 0.132402 hargrave 2021-08-19 17:25:45 
TT 586 018.9  61.3 061.3  59.7 2.13E-04 001.5 036.9  69.0 0.376808 0.438240 0.104890 hargrave 2021-08-25 13:33:17 
TT 589 004.0  73.1 080.2  70.2 2.20E-04 004.3 024.4  81.7 0.391509 1.631691 0.168808 hargrave 2021-08-26 11:40:58 
TT 600 338.3  69.2 062.5  78.0 1.79E-04 002.1 336.3  77.8 0.445435 0.408573 0.407068 hargrave 2021-08-27 15:29:21 
TT 609 017.5  70.5 077.3  65.4 1.59E-04 002.0 043.5  78.0 0.320989 0.447227 0.043980 hargrave 2021-08-31 13:47:07 
TT 619 028.8  73.2 086.5  63.5 1.47E-04 001.7 065.2  79.0 0.233299 0.375992 0.052167 hargrave 2021-09-01 13:07:18 
TT 630 003.8  64.7 058.4  67.2 1.02E-04 006.5 017.5  73.5 0.398811 1.051589 0.356664 hargrave 2021-09-02 08:22:35 
TT 640 011.8  83.9 111.2  68.7 1.13E-04 002.2 148.1  86.2 0.307407 0.297774 0.065961 hargrave 2021-09-02 17:11:18 
TT 650 311.1  80.5 123.3  76.2 1.03E-04 004.2 253.7  83.5 0.691114 0.322314 0.150743 hargrave 2021-09-24 12:50:58 
TT 660 340.8  58.5 024.7  72.5 1.44E-04 003.9 344.5  67.2 0.846144 0.374198 0.355468 hargrave 2021-09-24 17:59:05 
TT 664 033.1  59.6 068.3  53.6 7.54E-05 009.0 053.8  65.8 1.198501 0.532516 0.181621 hargrave 2021-09-25 17:50:44 
