CS4- 3 mag compass orientation (IGRF corrected)
    2.9  88.2  35.0  74.0  33.1   1.0
NRM    021.0  57.8 092.3  70.3 1.31E-03 001.5 112.0  77.1 3.353939 1.061860 0.246362 hargrave 2021-07-08 14:54:11 
TT 100 018.9  59.1 095.6  71.6 1.02E-03 001.4 118.7  78.1 2.294204 1.151124 0.145119 hargrave 2021-07-09 14:09:50 
TT 150 012.6  62.9 108.8  74.6 5.72E-04 000.9 142.8  79.2 0.791284 0.400007 0.072399 hargrave 2021-07-19 14:59:56 
TT 200 359.6  69.0 140.4  76.1 3.41E-04 002.5 177.9  76.0 0.677382 1.307081 0.253974 hargrave 2021-07-20 11:03:14 
TT 250 285.9  81.3 179.2  60.7 1.65E-04 002.8 195.3  56.7 0.365979 0.741647 0.097250 hargrave 2021-07-20 17:06:52 
TT 300 197.7  14.4 197.5 -13.4 1.23E-04 001.3 199.9 -18.6 0.231421 0.354100 0.108421 hargrave 2021-07-21 14:13:34 
TT 350 197.7 -07.2 205.5 -33.8 1.39E-04 002.3 205.6 -39.7 0.123803 0.605298 0.096502 hargrave 2021-07-22 12:36:37 
TT 375 203.9 -13.0 215.1 -36.6 1.42E-04 001.9 215.6 -43.4 0.118373 0.519765 0.105709 hargrave 2021-07-22 18:24:37 
TT 400 205.0 -16.1 218.1 -38.9 1.45E-04 000.8 218.6 -46.0 0.231451 0.169783 0.081777 hargrave 2021-07-23 20:19:07 
TT 425 206.4 -19.9 222.1 -41.6 1.43E-04 004.4 222.6 -49.0 0.693100 0.849894 0.185784 hargrave 2021-07-25 10:33:09 
TT 450 205.0 -21.6 221.7 -43.8 1.42E-04 002.6 221.9 -51.0 0.407338 0.505932 0.166613 hargrave 2021-07-27 10:27:45 
TT 475 209.9 -20.5 226.2 -40.5 1.40E-04 001.2 227.4 -48.1 0.097996 0.364986 0.089257 hargrave 2021-07-28 17:05:26 
TT 500 210.8 -22.8 228.8 -42.0 1.35E-04 000.7 230.2 -49.7 0.103570 0.223155 0.089713 hargrave 2021-08-03 12:56:22 
TT 515 213.2 -21.6 230.3 -39.8 1.28E-04 001.3 232.2 -47.6 0.112718 0.362753 0.076838 hargrave 2021-08-04 12:49:53 
TT 530 219.6 -22.7 237.4 -37.4 1.18E-04 003.8 240.4 -45.4 0.587716 0.533792 0.065266 hargrave 2021-08-06 15:45:53 
TT 540 224.1 -26.4 244.3 -38.0 1.15E-04 005.9 248.2 -46.2 1.019537 0.643696 0.071777 hargrave 2021-08-09 16:27:38 
TT 550 220.7 -26.2 241.2 -39.7 1.22E-04 001.8 244.6 -47.8 0.154974 0.408580 0.070266 hargrave 2021-08-10 18:16:11 
TT 560 216.4 -27.0 237.7 -42.6 1.13E-04 001.3 240.4 -50.6 0.269193 0.090324 0.064776 hargrave 2021-08-11 15:05:14 
TT 566 214.1 -25.9 234.5 -42.9 1.04E-04 001.0 236.7 -50.9 0.063179 0.218073 0.056618 hargrave 2021-08-12 15:08:40 
TT 570 203.9 -17.9 217.9 -41.0 1.01E-04 001.7 218.0 -48.0 0.233959 0.206601 0.099659 hargrave 2021-08-13 13:30:45 
TT 573 219.7 -23.7 238.3 -38.2 8.78E-05 003.4 241.4 -46.3 0.504076 0.096629 0.161725 hargrave 2021-08-16 11:41:47 
TT 577 212.7 -27.3 234.2 -44.8 7.54E-05 001.3 236.2 -52.7 0.170576 0.168280 0.069800 hargrave 2021-08-17 10:52:26 
TT 580 228.0 -23.6 245.8 -33.7 7.03E-05 001.7 250.0 -41.9 0.095990 0.236865 0.037180 hargrave 2021-08-18 15:24:32 
TT 583 211.8 -24.8 231.3 -43.2 6.69E-05 002.4 233.0 -51.0 0.169778 0.243539 0.043716 hargrave 2021-08-19 17:31:21 
TT 586 204.7 -28.5 226.5 -49.8 8.04E-05 001.3 226.6 -57.3 0.070171 0.190615 0.098024 hargrave 2021-08-25 13:38:49 
TT 589 224.1 -26.7 244.6 -38.2 6.12E-05 001.7 248.6 -46.4 0.116458 0.131347 0.080947 hargrave 2021-08-26 11:46:28 
TT 600 222.1 -28.6 244.3 -40.9 7.51E-05 003.2 248.1 -49.0 0.326304 0.292499 0.050306 hargrave 2021-08-27 15:34:47 
TT 609 219.0 -23.8 237.7 -38.6 7.61E-05 002.3 240.7 -46.7 0.213481 0.261448 0.052469 hargrave 2021-08-31 13:52:59 
TT 619 204.1 -24.5 222.6 -46.7 6.48E-05 003.6 222.5 -54.0 0.096181 0.406736 0.087526 hargrave 2021-09-01 13:13:13 
TT 630 217.8 -53.8 271.3 -60.0 5.05E-05 003.2 283.4 -67.2 0.227306 0.215556 0.198742 hargrave 2021-09-02 08:28:13 
TT 640 222.4 -43.3 259.1 -51.5 5.07E-05 001.9 266.2 -59.5 0.136471 0.122157 0.049650 hargrave 2021-09-02 17:17:28 
TT 650 247.3 -37.1 271.6 -33.8 5.65E-05 005.3 278.6 -41.1 0.354878 0.484363 0.123988 hargrave 2021-09-24 12:57:47 
TT 660 228.8 -08.3 237.0 -20.5 5.41E-05 006.6 240.6 -28.6 0.326443 0.618186 0.074838 hargrave 2021-09-24 18:05:53 
TT 664 141.7 -30.7 124.0 -59.6 3.42E-05 006.0 118.1 -54.6 0.272103 0.521501 0.221597 hargrave 2021-09-25 17:58:23 
