CS4- 8 mag compass orientation (IGRF corrected)
    0.6  98.2  61.0  74.0  33.1   1.0
NRM    277.5  02.5 272.7  14.7 2.00E-04 000.8 267.5  00.6 0.229129 0.077539 0.185895 hargrave 2021-07-08 15:01:56 
TT 100 275.6  01.0 271.8  12.5 1.85E-04 003.1 267.8 -01.8 0.981563 0.137962 0.164396 hargrave 2021-07-09 14:18:12 
TT 150 275.7  00.5 272.1  12.1 1.70E-04 001.5 268.3 -02.0 0.434917 0.056937 0.147673 hargrave 2021-07-19 15:08:20 
TT 200 275.7  03.2 270.7  14.4 1.53E-04 003.6 266.0 -00.7 0.962171 0.082860 0.141705 hargrave 2021-07-20 11:13:29 
TT 250 274.5  05.7 268.3  15.9 1.37E-04 001.3 263.2 -00.5 0.276693 0.048121 0.125243 hargrave 2021-07-20 17:16:18 
TT 300 273.8  05.5 267.8  15.3 1.02E-04 001.2 263.0 -01.2 0.193220 0.067730 0.092297 hargrave 2021-07-21 14:22:06 
TT 350 271.8  01.3 268.3  10.7 7.71E-05 000.7 265.7 -05.0 0.068066 0.041874 0.070120 hargrave 2021-07-22 12:44:25 
TT 375 274.9 -08.0 275.8  04.4 7.25E-05 001.7 275.4 -06.8 0.207306 0.084290 0.072342 hargrave 2021-07-22 18:33:55 
TT 400 267.1 -00.3 265.2  06.9 6.63E-05 001.5 264.8 -09.8 0.162041 0.035848 0.060767 hargrave 2021-07-23 20:27:30 
TT 425 265.9 -02.3 265.2  04.5 6.32E-05 002.0 266.0 -11.9 0.212149 0.043749 0.057606 hargrave 2021-07-25 10:41:04 
TT 450 265.8  01.7 263.0  07.8 6.06E-05 001.8 262.4 -10.0 0.178705 0.014282 0.058275 hargrave 2021-07-27 10:35:23 
TT 475 268.6 -03.9 268.4  04.6 5.94E-05 003.7 268.8 -10.3 0.383096 0.048511 0.056252 hargrave 2021-07-28 17:13:48 
TT 500 269.4 -09.1 271.8  00.6 5.51E-05 007.1 273.8 -12.1 0.711165 0.049189 0.059970 hargrave 2021-08-03 13:04:51 
TT 515 268.1 -09.1 270.7 -00.0 5.10E-05 002.9 273.2 -13.2 0.250664 0.081950 0.057615 hargrave 2021-08-04 12:58:53 
TT 530 265.7 -10.4 269.4 -02.5 4.64E-05 003.9 273.3 -15.9 0.312421 0.084809 0.053470 hargrave 2021-08-06 15:55:13 
TT 540 263.9 -06.1 265.6  00.3 4.22E-05 002.0 268.4 -15.5 0.140328 0.041542 0.048586 hargrave 2021-08-09 16:35:55 
TT 550 262.2 -06.0 264.1 -00.6 3.97E-05 003.0 267.5 -16.9 0.203962 0.064874 0.042852 hargrave 2021-08-10 18:24:40 
TT 560 261.4 -05.0 262.9 -00.2 3.39E-05 005.4 266.2 -17.1 0.319281 0.036585 0.039491 hargrave 2021-08-11 15:13:42 
TT 566 255.0 -11.9 261.4 -09.4 2.73E-05 001.9 269.6 -25.9 0.066208 0.092171 0.033557 hargrave 2021-08-12 15:17:11 
TT 570 220.7  01.2 224.5 -16.4 2.18E-05 001.6 231.5 -46.7 0.050813 0.035269 0.022830 hargrave 2021-08-13 13:39:53 
TT 573 253.7 -32.0 272.6 -26.5 1.28E-05 003.3 290.8 -34.3 0.068452 0.030630 0.025299 hargrave 2021-08-16 11:49:42 
TT 577 262.3 -18.4 271.0 -11.0 7.83E-06 005.6 279.3 -22.4 0.063024 0.044574 0.035513 hargrave 2021-08-17 10:59:25 
TT 580 266.5 -15.1 272.6 -06.0 1.03E-05 003.6 278.0 -17.3 0.042019 0.073473 0.033272 hargrave 2021-08-18 15:31:37 
TT 583 290.3  07.4 281.9  25.4 6.85E-06 002.1 269.3  14.2 0.021451 0.072816 0.025516 hargrave 2021-08-19 17:39:10 
TT 586 255.3 -31.6 273.5 -25.3 7.87E-06 007.6 290.7 -32.9 0.019122 0.102950 0.055505 hargrave 2021-08-25 13:46:34 
TT 589 263.3 -11.6 268.1 -04.7 7.94E-06 006.1 273.2 -18.5 0.061888 0.058738 0.044676 hargrave 2021-08-26 11:54:05 
TT 600 255.7 -28.8 272.1 -22.9 8.24E-06 006.4 287.8 -31.8 0.025920 0.098429 0.036617 hargrave 2021-08-27 15:41:48 
TT 609 246.0  33.9 228.0  23.9 1.10E-05 006.4 225.0 -06.6 0.055750 0.114251 0.026229 hargrave 2021-08-31 13:59:27 
TT 619 227.5 -20.8 243.5 -31.7 6.06E-06 010.6 266.1 -53.6 0.025816 0.106628 0.041131 hargrave 2021-09-01 13:19:35 
TT 619 246.2 -27.2 263.6 -26.6 6.68E-06 004.1 282.8 -39.3 0.030497 0.043398 0.016406 hargrave 2021-09-01 16:38:41 
TT 630 283.9  01.4 279.0  17.0 1.28E-05 004.5 271.5  05.7 0.099850 0.031614 0.012257 hargrave 2021-09-02 08:34:26 
TT 640 229.4  19.5 223.2  03.7 1.11E-05 009.4 224.3 -27.3 0.036430 0.185393 0.056398 hargrave 2021-09-02 17:23:09 
TT 640 248.7  12.4 242.8  07.6 1.35E-05 002.9 243.6 -18.4 0.042752 0.067212 0.016326 hargrave 2021-09-03 08:23:08 
TT 650 115.1  60.2 137.4  33.3 2.07E-05 012.9 150.2  17.1 0.062428 0.481277 0.185760 hargrave 2021-09-24 13:04:45 
TT 650 188.5  61.3 177.2  29.7 1.50E-05 036.5 180.1  00.3 0.059321 0.600901 0.931308 hargrave 2021-09-24 14:05:48 
TT 660 267.2  17.8 254.9  22.0 2.48E-05 009.4 249.1 -00.6 0.208955 0.514633 0.143876 hargrave 2021-09-24 18:12:53 
TT 660 281.1  01.0 276.7  15.3 3.16E-05 001.3 270.6  03.0 0.053195 0.061385 0.042747 hargrave 2021-09-25 12:36:50 
TT 664 072.7 -34.9 052.2 -28.0 3.02E-05 008.7 047.8  01.8 0.193495 0.400111 0.214838 hargrave 2021-09-25 18:05:23 
