CS4- 7 mag compass orientation (IGRF corrected)
    0.5 356.2  63.0  74.0  33.1   1.0
NRM    293.1  28.8 270.4  44.8 2.04E-04 001.2 100.6  66.2 0.407616 0.030704 0.077432 hargrave 2021-07-08 14:59:00 
TT 100 289.1  20.6 272.7  36.1 1.70E-04 000.9 077.9  68.1 0.232765 0.137557 0.061565 hargrave 2021-07-09 14:15:17 
TT 150 283.5  12.1 272.7  26.0 1.51E-04 000.9 050.8  68.0 0.155674 0.176462 0.050063 hargrave 2021-07-19 15:05:25 
TT 200 281.4  09.4 272.4  22.6 1.42E-04 000.8 042.1  67.2 0.184936 0.087327 0.053326 hargrave 2021-07-20 11:09:08 
TT 250 279.9  07.4 272.2  20.2 1.34E-04 002.1 036.2  66.5 0.372952 0.325824 0.062357 hargrave 2021-07-20 17:12:46 
TT 300 279.7  02.7 274.5  16.1 1.13E-04 002.0 030.4  62.5 0.335343 0.210525 0.078512 hargrave 2021-07-21 14:19:13 
TT 350 275.8  00.4 272.3  12.0 1.02E-04 001.0 020.6  61.9 0.154592 0.098661 0.064130 hargrave 2021-07-22 12:41:29 
TT 375 274.1 -01.2 271.7  09.8 1.00E-04 001.2 016.5  60.8 0.176759 0.051943 0.106754 hargrave 2021-07-22 18:30:15 
TT 400 274.7 -01.9 272.6  09.5 9.23E-05 001.3 017.2  59.9 0.157179 0.106709 0.102467 hargrave 2021-07-23 20:23:55 
TT 425 272.5 -04.2 271.8  06.4 8.84E-05 001.3 011.9  58.2 0.114613 0.146723 0.083317 hargrave 2021-07-25 10:38:04 
TT 450 271.1 -03.9 270.5  05.9 8.76E-05 001.3 009.4  58.8 0.104673 0.152288 0.078134 hargrave 2021-07-27 10:32:30 
TT 475 269.8 -03.9 269.4  05.2 8.52E-05 001.4 007.0  58.9 0.113897 0.159367 0.098517 hargrave 2021-07-28 17:10:52 
TT 500 269.6 -04.9 269.8  04.3 8.02E-05 001.5 006.5  58.0 0.157525 0.114824 0.093370 hargrave 2021-08-03 13:01:54 
TT 515 267.3 -06.1 268.5  02.1 7.39E-05 002.3 002.1  56.9 0.111204 0.270560 0.095256 hargrave 2021-08-04 12:56:00 
TT 530 267.6 -09.9 270.7 -01.0 7.06E-05 004.5 002.3  53.0 0.151366 0.528141 0.096527 hargrave 2021-08-06 15:51:27 
TT 540 266.9 -08.6 269.5 -00.3 6.86E-05 001.9 001.1  54.3 0.110540 0.175451 0.093578 hargrave 2021-08-09 16:33:03 
TT 550 262.9 -09.0 266.4 -02.7 6.12E-05 002.0 354.5  53.9 0.067130 0.189855 0.082383 hargrave 2021-08-10 18:21:41 
TT 560 261.5 -09.6 265.5 -04.0 5.58E-05 004.5 352.3  53.1 0.141047 0.414536 0.099764 hargrave 2021-08-11 15:10:04 
TT 566 256.4 -13.9 263.6 -10.3 4.63E-05 002.8 345.7  48.1 0.110168 0.191945 0.083649 hargrave 2021-08-12 15:13:34 
TT 570 241.5 -06.9 247.3 -12.6 2.53E-05 004.4 321.2  48.5 0.141781 0.128966 0.038631 hargrave 2021-08-13 13:36:15 
TT 573 253.4 -40.0 278.2 -32.8 2.24E-05 002.5 349.5  22.0 0.082132 0.092560 0.061125 hargrave 2021-08-16 11:46:45 
TT 577 257.4 -37.7 279.3 -29.1 1.38E-05 001.8 352.3  24.8 0.046140 0.018966 0.063091 hargrave 2021-08-17 10:57:12 
TT 580 254.7 -67.2 306.7 -50.4 1.82E-05 004.1 355.5 -04.6 0.031358 0.124530 0.042801 hargrave 2021-08-18 15:29:23 
TT 583 265.9 -40.2 287.0 -27.0 1.86E-05 003.6 359.8  22.8 0.026641 0.110837 0.046265 hargrave 2021-08-19 17:36:14 
TT 586 248.7 -59.2 294.1 -48.2 1.52E-05 006.0 351.1  02.6 0.028173 0.146640 0.069980 hargrave 2021-08-25 13:43:36 
TT 589 259.6 -56.5 296.3 -42.0 1.63E-05 002.9 356.3  06.3 0.053675 0.054095 0.069169 hargrave 2021-08-26 11:51:13 
TT 600 297.8 -64.6 321.4 -36.5 1.12E-05 005.4 013.1 -04.9 0.028590 0.099291 0.040096 hargrave 2021-08-27 15:39:33 
TT 609 225.1 -28.3 246.8 -39.0 9.93E-06 002.2 321.4  22.1 0.039878 0.046293 0.023601 hargrave 2021-08-31 13:58:09 
TT 619 242.6 -58.1 290.0 -50.2 1.54E-05 004.1 347.8  02.7 0.038583 0.098465 0.055078 hargrave 2021-09-01 13:18:19 
TT 630 206.8 -35.2 235.4 -54.1 2.24E-05 001.3 315.0  06.2 0.082899 0.053583 0.048816 hargrave 2021-09-02 08:33:08 
TT 640 163.9 -18.8 163.8 -51.9 4.37E-06 011.4 281.9 -19.1 0.037668 0.152752 0.029461 hargrave 2021-09-02 17:22:02 
TT 640 180.5 -17.7 188.3 -48.9 1.03E-05 005.0 287.7 -04.2 0.074559 0.068301 0.011755 hargrave 2021-09-03 08:21:56 
TT 650 009.3 -06.5 011.5  23.4 1.71E-05 003.4 090.1 -14.6 0.089568 0.316307 0.116405 hargrave 2021-09-24 13:03:23 
TT 660 162.3  01.4 162.1 -31.7 3.05E-05 008.3 262.3 -11.7 0.343836 0.480168 0.086850 hargrave 2021-09-24 18:11:31 
TT 660 171.9 -05.5 174.0 -38.2 3.95E-05 002.8 272.9 -06.3 0.183346 0.101139 0.026694 hargrave 2021-09-25 12:35:28 
TT 664 347.6 -52.6 346.3 -19.5 3.89E-05 006.5 038.7 -16.2 0.181744 0.386160 0.202328 hargrave 2021-09-25 18:04:01 
