CS4- 1 mag compass orientation (IGRF corrected)
    2.9 110.2  36.0  74.0  33.1   1.0
NRM    180.7  79.5 168.4  46.8 2.67E-04 002.1 175.2  44.0 0.107320 0.987402 0.190147 hargrave 2021-07-08 14:51:23 
TT 100 190.9  37.8 185.1  07.4 2.30E-04 001.2 172.6  02.2 0.166326 0.397585 0.263808 hargrave 2021-07-09 14:07:03 
TT 150 195.6 -00.5 200.4 -28.2 3.09E-04 001.1 174.2 -36.4 0.275144 0.543797 0.223416 hargrave 2021-07-19 14:57:09 
TT 200 196.2 -15.2 207.5 -41.7 4.18E-04 000.8 173.8 -51.1 0.192614 0.495355 0.260630 hargrave 2021-07-20 10:59:52 
TT 250 195.1 -21.6 209.9 -48.0 4.97E-04 000.8 171.2 -57.4 0.285190 0.572986 0.237502 hargrave 2021-07-20 17:03:31 
TT 300 194.5 -24.2 210.8 -50.6 5.35E-04 000.8 169.5 -59.9 0.247686 0.661605 0.242843 hargrave 2021-07-21 14:10:41 
TT 350 194.2 -25.8 211.6 -52.2 5.34E-04 001.3 168.7 -61.5 0.434723 1.155934 0.219187 hargrave 2021-07-22 12:33:47 
TT 375 195.0 -26.4 213.0 -52.4 5.21E-04 000.5 169.9 -62.1 0.142158 0.399349 0.221297 hargrave 2021-07-22 18:21:48 
TT 400 195.4 -27.0 214.0 -52.7 5.05E-04 000.4 170.6 -62.8 0.254429 0.146045 0.202893 hargrave 2021-07-23 20:16:21 
TT 425 195.0 -27.6 214.0 -53.4 4.89E-04 000.3 169.7 -63.3 0.207896 0.144254 0.185327 hargrave 2021-07-25 10:29:30 
TT 450 197.1 -27.7 216.8 -52.6 4.71E-04 001.1 173.9 -63.6 0.154032 0.925863 0.197258 hargrave 2021-07-27 10:24:55 
TT 475 197.5 -28.1 217.6 -52.8 4.49E-04 001.2 174.5 -64.0 0.133114 0.891204 0.188335 hargrave 2021-07-28 17:02:39 
TT 500 197.8 -27.8 217.8 -52.4 4.24E-04 001.1 175.2 -63.8 0.120561 0.823789 0.194467 hargrave 2021-08-03 12:53:32 
TT 515 198.7 -28.3 219.2 -52.5 4.05E-04 000.6 176.9 -64.3 0.119862 0.416603 0.198032 hargrave 2021-08-04 12:47:07 
TT 530 201.9 -29.7 224.4 -52.1 3.84E-04 001.5 183.6 -65.7 0.202677 0.981495 0.195950 hargrave 2021-08-06 15:43:05 
TT 540 201.6 -28.9 223.3 -51.6 3.67E-04 001.5 182.9 -64.9 0.111188 0.948625 0.162304 hargrave 2021-08-09 16:24:11 
TT 550 200.0 -28.9 221.3 -52.3 3.47E-04 001.3 179.5 -64.9 0.133600 0.755087 0.189776 hargrave 2021-08-10 18:13:19 
TT 560 201.0 -28.1 221.9 -51.2 3.16E-04 000.9 181.5 -64.1 0.151387 0.446996 0.175294 hargrave 2021-08-11 15:01:44 
TT 566 201.1 -28.5 222.4 -51.5 2.96E-04 001.1 181.9 -64.5 0.105482 0.537563 0.233498 hargrave 2021-08-12 15:05:09 
TT 570 199.6 -27.6 219.8 -51.4 2.60E-04 001.6 178.8 -63.6 0.145880 0.692802 0.119868 hargrave 2021-08-13 13:26:29 
TT 573 201.3 -30.3 224.1 -52.9 2.22E-04 001.8 182.3 -66.3 0.222453 0.665733 0.199630 hargrave 2021-08-16 11:38:15 
TT 577 203.9 -25.8 223.4 -47.9 2.03E-04 001.1 187.0 -61.6 0.202625 0.365269 0.186665 hargrave 2021-08-17 10:48:54 
TT 580 203.1 -27.7 224.1 -49.9 2.03E-04 001.3 185.8 -63.6 0.159393 0.429476 0.128312 hargrave 2021-08-18 15:20:59 
TT 583 197.0 -25.9 215.2 -51.1 1.90E-04 000.7 173.8 -61.8 0.146892 0.145448 0.139434 hargrave 2021-08-19 17:27:49 
TT 586 200.7 -26.0 219.8 -49.6 1.85E-04 001.8 180.9 -62.0 0.072470 0.575979 0.063781 hargrave 2021-08-25 13:35:19 
TT 589 202.8 -25.6 222.0 -48.2 1.64E-04 000.7 184.9 -61.5 0.063967 0.123322 0.241138 hargrave 2021-08-26 11:42:55 
TT 600 205.5 -28.6 227.6 -49.4 1.73E-04 000.7 190.8 -64.3 0.070027 0.182826 0.144821 hargrave 2021-08-27 15:31:18 
TT 609 196.3 -25.6 214.1 -51.1 1.67E-04 001.0 172.6 -61.5 0.107247 0.254187 0.091048 hargrave 2021-08-31 13:49:04 
TT 619 204.2 -26.8 224.6 -48.6 1.71E-04 001.1 187.7 -62.7 0.125114 0.283730 0.089543 hargrave 2021-09-01 13:09:19 
TT 630 205.7 -28.8 228.0 -49.6 1.56E-04 000.8 191.2 -64.5 0.252684 0.117791 0.176537 hargrave 2021-09-02 08:24:29 
TT 640 202.4 -24.5 220.7 -47.5 1.55E-04 002.5 184.0 -60.5 0.067797 0.676359 0.081337 hargrave 2021-09-02 17:12:31 
TT 650 190.1 -30.3 209.4 -57.8 1.60E-04 002.4 158.8 -65.2 0.092451 0.685508 0.102566 hargrave 2021-09-24 12:52:29 
TT 660 199.6 -25.7 218.3 -49.8 1.50E-04 004.1 178.8 -61.7 0.058882 1.063099 0.081566 hargrave 2021-09-24 18:00:35 
TT 664 195.3 -28.2 214.8 -53.9 1.46E-04 000.4 170.1 -64.0 0.083269 0.072186 0.129020 hargrave 2021-09-25 17:53:05 
