CS4- 9 mag compass orientation (IGRF corrected)
    0.7 244.2  43.0  74.0  33.1   1.0
NRM    053.1  40.3 083.9  43.6 8.07E-05 003.9 233.8  21.9 0.452975 0.305055 0.076437 hargrave 2021-07-08 15:03:06 
TT 100 027.2  38.9 060.1  56.7 7.35E-05 001.4 218.8  08.1 0.123094 0.163234 0.087267 hargrave 2021-07-09 14:19:22 
TT 150 004.1  33.6 023.0  62.9 7.54E-05 002.8 204.6 -05.1 0.170405 0.326760 0.100900 hargrave 2021-07-19 15:09:30 
TT 200 355.9  33.4 008.2  65.1 7.72E-05 001.1 198.2 -07.3 0.068447 0.100664 0.114037 hargrave 2021-07-20 11:14:57 
TT 250 350.0  32.1 356.0  64.8 7.50E-05 001.0 193.5 -09.7 0.063705 0.063451 0.111456 hargrave 2021-07-20 17:17:46 
TT 300 003.2  28.1 017.4  58.2 6.88E-05 001.5 205.7 -10.4 0.072716 0.152059 0.098887 hargrave 2021-07-21 14:23:20 
TT 350 004.8  28.5 020.2  58.0 6.41E-05 001.7 207.0 -09.6 0.070300 0.175541 0.085887 hargrave 2021-07-22 12:45:37 
TT 375 000.3  29.8 013.7  60.6 6.07E-05 009.0 202.8 -09.7 0.350910 0.899247 0.081038 hargrave 2021-07-22 18:35:08 
TT 375 005.5  28.5 021.2  57.9 6.21E-05 001.0 207.5 -09.4 0.043401 0.099556 0.086883 hargrave 2021-07-22 19:40:39 
TT 400 002.7  27.1 015.9  57.3 5.81E-05 002.1 205.7 -11.6 0.081081 0.195703 0.078333 hargrave 2021-07-23 20:28:40 
TT 425 006.4  24.3 019.9  53.6 5.55E-05 002.1 209.9 -13.0 0.089065 0.191636 0.063780 hargrave 2021-07-25 10:42:13 
TT 450 005.7  25.9 019.8  55.3 5.61E-05 004.1 208.7 -11.8 0.220213 0.334386 0.068511 hargrave 2021-07-27 10:36:33 
TT 475 004.0  26.2 017.4  56.1 5.45E-05 002.8 207.1 -12.0 0.147391 0.233122 0.075398 hargrave 2021-07-28 17:14:58 
TT 500 001.6  27.1 014.3  57.6 5.07E-05 001.7 204.8 -11.9 0.130960 0.135821 0.069236 hargrave 2021-08-03 13:06:04 
TT 515 357.3  28.6 008.0  60.2 4.56E-05 002.1 200.6 -11.6 0.066867 0.148306 0.072847 hargrave 2021-08-04 13:00:03 
TT 530 001.3  22.5 011.4  53.4 4.55E-05 001.7 206.0 -16.3 0.072711 0.135995 0.052355 hargrave 2021-08-06 15:56:24 
TT 540 358.3  25.4 008.1  56.9 4.21E-05 002.0 202.4 -14.4 0.090588 0.109871 0.058199 hargrave 2021-08-09 16:37:05 
TT 550 353.5  24.2 359.9  56.6 4.18E-05 002.2 198.4 -16.7 0.079742 0.130871 0.058900 hargrave 2021-08-10 18:25:50 
TT 560 357.1  22.4 005.1  54.2 3.86E-05 002.0 202.2 -17.6 0.030681 0.135822 0.045637 hargrave 2021-08-11 15:14:52 
TT 566 339.0  27.9 335.0  60.8 3.24E-05 004.9 184.4 -15.0 0.025202 0.275700 0.049510 hargrave 2021-08-12 15:18:21 
TT 570 342.0  12.3 341.3  45.3 4.29E-05 002.0 188.9 -30.3 0.023394 0.140299 0.049533 hargrave 2021-08-13 13:41:07 
TT 573 298.6  19.8 282.8  40.2 1.90E-05 003.7 145.3 -15.9 0.025049 0.135703 0.015517 hargrave 2021-08-16 11:50:55 
TT 577 312.2  20.5 297.9  46.8 1.61E-05 002.0 158.1 -19.6 0.048191 0.071629 0.016964 hargrave 2021-08-17 11:00:35 
TT 580 301.8  29.4 279.0  49.8 1.64E-05 001.3 151.8 -08.2 0.039805 0.048952 0.013714 hargrave 2021-08-18 15:32:47 
TT 583 295.6  21.5 278.6  40.1 1.65E-05 001.6 143.4 -13.2 0.062464 0.046190 0.013665 hargrave 2021-08-19 17:40:20 
TT 586 295.0  35.5 265.9  51.1 1.47E-05 001.6 149.0 -00.3 0.063939 0.064809 0.021786 hargrave 2021-08-25 13:47:44 
TT 589 281.5  07.9 273.3  21.4 1.21E-05 002.5 124.1 -18.0 0.089645 0.060569 0.009406 hargrave 2021-08-26 11:55:15 
TT 600 303.4  04.1 296.6  28.3 1.07E-05 004.7 142.9 -32.2 0.022634 0.107682 0.010134 hargrave 2021-08-27 15:42:59 
TT 609 320.6  15.6 311.2  45.1 1.01E-05 002.8 165.4 -26.2 0.033132 0.056240 0.015137 hargrave 2021-08-31 14:00:43 
TT 619 337.5  06.0 335.6  38.9 1.67E-05 002.1 184.1 -36.9 0.044926 0.056439 0.039253 hargrave 2021-09-01 13:20:50 
TT 630 221.6 -27.9 243.3 -40.6 7.16E-06 004.7 055.2 -06.3 0.044625 0.038682 0.021580 hargrave 2021-09-02 08:35:37 
TT 640 301.6  19.3 286.3  41.2 1.12E-05 007.2 147.8 -17.5 0.024960 0.169951 0.036164 hargrave 2021-09-02 17:24:17 
TT 650 233.4 -11.5 242.9 -20.8 2.11E-05 006.8 074.3 -01.2 0.136564 0.305584 0.136599 hargrave 2021-09-24 13:06:10 
TT 660 349.2  11.5 351.1  44.5 1.69E-05 015.5 197.0 -30.0 0.119573 0.445142 0.085584 hargrave 2021-09-24 18:14:18 
TT 660 014.3  03.6 020.3  31.5 1.59E-05 001.8 227.0 -28.3 0.028674 0.047147 0.018305 hargrave 2021-09-25 12:38:15 
TT 664 250.7 -01.8 252.2 -03.3 2.30E-05 002.5 093.5 -05.7 0.028454 0.317474 0.123412 hargrave 2021-09-25 18:06:48 
