CS4- 4 mag compass orientation (IGRF corrected)
    2.6 104.2  19.0  74.0  33.1   1.0
NRM    018.5  73.8 138.6  68.4 1.62E-03 000.6 157.4  86.9 1.067850 1.257865 0.218448 hargrave 2021-07-08 14:55:24 
TT 100 015.6  74.1 140.4  68.9 1.33E-03 000.7 172.6  86.9 1.299025 0.825692 0.099196 hargrave 2021-07-09 14:11:02 
TT 150 007.1  75.8 148.3  69.3 9.71E-04 000.6 199.4  84.8 0.880112 0.661042 0.074281 hargrave 2021-07-19 15:01:09 
TT 200 358.3  76.8 154.7  69.5 7.10E-04 001.0 209.9  82.8 0.262462 1.197567 0.217560 hargrave 2021-07-20 11:04:44 
TT 250 343.6  79.8 164.2  67.1 4.91E-04 000.9 207.2  78.6 0.311590 0.712053 0.061212 hargrave 2021-07-20 17:08:22 
TT 300 288.0  85.1 172.1  59.4 3.12E-04 002.6 195.1  70.7 0.209236 1.376674 0.078977 hargrave 2021-07-21 14:14:51 
TT 350 248.6  78.9 183.2  54.3 2.16E-04 003.3 200.2  63.1 0.270530 1.234205 0.085965 hargrave 2021-07-22 12:37:52 
TT 375 241.9  74.9 187.9  51.2 1.79E-04 002.1 201.8  58.9 0.072171 0.649411 0.052945 hargrave 2021-07-22 18:25:52 
TT 400 237.6  70.3 192.5  47.5 1.55E-04 003.8 203.3  54.2 0.227488 1.011266 0.047762 hargrave 2021-07-23 20:20:20 
TT 425 242.4  65.5 199.6  45.8 1.29E-04 003.6 208.9  50.4 0.288438 0.759452 0.072341 hargrave 2021-07-25 10:34:25 
TT 450 235.0  59.0 202.7  38.8 1.13E-04 004.9 207.4  43.1 0.332958 0.919544 0.070408 hargrave 2021-07-27 10:28:58 
TT 475 245.8  49.0 216.9  35.6 1.02E-04 001.7 219.2  35.5 0.140317 0.359824 0.025352 hargrave 2021-07-28 17:06:39 
TT 500 243.7  40.7 221.8  28.1 9.27E-05 002.6 220.4  27.1 0.108282 0.477791 0.028908 hargrave 2021-08-03 12:57:39 
TT 515 246.7  34.3 228.2  24.5 9.23E-05 001.2 224.8  21.7 0.122238 0.273926 0.037023 hargrave 2021-08-04 12:51:06 
TT 530 252.2  23.2 239.4  18.3 9.19E-05 002.6 233.0  12.4 0.171524 0.458109 0.026802 hargrave 2021-08-06 15:47:07 
TT 540 247.3  18.3 238.3  11.7 8.32E-05 002.0 229.8  06.4 0.119781 0.347046 0.038460 hargrave 2021-08-09 16:28:51 
TT 550 238.3  03.7 238.8 -05.3 8.10E-05 004.8 224.9 -09.9 0.322814 0.632553 0.033177 hargrave 2021-08-10 18:17:23 
TT 560 232.0 -14.5 243.4 -24.0 7.89E-05 003.9 222.7 -29.0 0.204327 0.532444 0.042241 hargrave 2021-08-11 15:06:30 
TT 566 227.8 -23.5 245.6 -33.8 8.64E-05 002.6 220.5 -38.8 0.191456 0.347177 0.045792 hargrave 2021-08-12 15:09:54 
TT 570 203.9 -25.6 223.3 -47.7 1.15E-04 001.6 192.3 -44.2 0.179091 0.243013 0.098101 hargrave 2021-08-13 13:31:59 
TT 573 201.3 -42.4 238.5 -62.3 1.03E-04 003.2 191.0 -61.2 0.383139 0.391234 0.162515 hargrave 2021-08-16 11:43:03 
TT 577 214.1 -45.6 255.5 -57.5 1.03E-04 002.1 211.5 -62.8 0.296556 0.223626 0.072656 hargrave 2021-08-17 10:53:39 
TT 580 220.2 -52.4 270.3 -58.1 9.06E-05 001.8 225.8 -68.1 0.153607 0.243728 0.042310 hargrave 2021-08-18 15:25:46 
TT 583 216.5 -54.8 272.5 -61.2 8.38E-05 005.4 222.6 -71.2 0.838808 0.213203 0.044393 hargrave 2021-08-19 17:32:38 
TT 586 232.9 -61.5 291.0 -56.1 9.55E-05 003.1 257.5 -72.2 0.445683 0.264225 0.070391 hargrave 2021-08-25 13:40:03 
TT 589 232.1 -57.7 284.8 -54.8 8.20E-05 001.5 249.4 -69.5 0.173686 0.113869 0.043412 hargrave 2021-08-26 11:47:41 
TT 600 232.4 -57.0 283.8 -54.3 9.15E-05 001.1 248.7 -68.8 0.070830 0.165253 0.049334 hargrave 2021-08-27 15:36:01 
TT 609 212.1 -39.0 245.0 -54.2 8.71E-05 002.7 205.7 -56.7 0.265269 0.332152 0.044743 hargrave 2021-08-31 13:54:10 
TT 619 217.3 -46.2 259.0 -56.2 9.60E-05 003.5 216.5 -62.9 0.284120 0.507776 0.133645 hargrave 2021-09-01 13:14:19 
TT 630 231.5 -47.9 271.0 -49.6 9.25E-05 002.6 237.1 -61.0 0.433598 0.142597 0.064604 hargrave 2021-09-02 08:29:19 
TT 640 225.4 -39.2 256.9 -47.1 9.02E-05 003.0 223.6 -54.4 0.284421 0.388729 0.030438 hargrave 2021-09-02 17:18:39 
TT 650 183.6 -49.5 230.0 -76.2 7.72E-05 004.9 161.5 -68.0 0.168266 0.668345 0.085822 hargrave 2021-09-24 12:59:15 
TT 660 214.9 -31.1 239.7 -46.7 8.35E-05 003.4 207.2 -48.6 0.194171 0.456862 0.049325 hargrave 2021-09-24 18:07:22 
TT 664 174.4 -52.2 220.8 -82.4 7.17E-05 004.7 144.2 -69.3 0.276186 0.581787 0.079941 hargrave 2021-09-25 17:59:51 
