CS4- 2 mag compass orientation (IGRF corrected)
    2.9 194.2  56.0  74.0  33.1   1.0
NRM    185.0  08.8 186.4 -22.1 6.34E-04 003.6 092.2  12.5 3.932755 0.248168 0.538436 hargrave 2021-07-08 14:52:54 
TT 100 183.9 -06.4 189.1 -37.2 4.70E-04 002.0 078.9  04.9 1.542666 0.278243 0.512088 hargrave 2021-07-09 14:08:34 
TT 150 167.6 -52.3 190.3 -85.0 4.27E-04 001.7 034.0 -12.5 0.264197 0.596652 1.100292 hargrave 2021-07-19 14:58:40 
TT 200 145.3 -71.8 004.2 -73.2 5.21E-04 002.5 012.6 -19.7 1.362634 1.418087 1.328635 hargrave 2021-07-20 11:01:40 
TT 250 097.9 -76.4 009.5 -60.0 6.15E-04 002.9 358.4 -20.5 0.830802 2.501106 1.720454 hargrave 2021-07-20 17:05:19 
TT 300 075.2 -74.7 010.8 -54.2 6.53E-04 003.9 352.2 -20.4 1.417659 3.895715 1.696885 hargrave 2021-07-21 14:12:15 
TT 350 070.8 -74.6 010.1 -53.1 6.55E-04 001.8 351.0 -20.8 0.723386 0.629213 1.800759 hargrave 2021-07-22 12:35:19 
TT 375 060.1 -73.0 010.0 -49.7 6.42E-04 002.6 347.4 -21.1 1.294068 1.966722 1.758899 hargrave 2021-07-22 18:23:19 
TT 400 059.6 -73.5 009.2 -49.9 6.20E-04 006.5 347.6 -21.7 2.270263 6.399921 1.766552 hargrave 2021-07-23 20:17:51 
TT 425 065.4 -74.6 009.1 -51.8 6.08E-04 001.8 349.7 -21.6 0.971834 0.569447 1.626599 hargrave 2021-07-25 10:31:49 
TT 450 054.5 -73.0 008.5 -48.4 5.84E-04 004.3 346.1 -22.2 1.704130 3.717961 1.593902 hargrave 2021-07-27 10:26:25 
TT 475 053.8 -72.8 008.6 -48.1 5.56E-04 002.9 345.7 -22.2 1.275568 1.930731 1.602519 hargrave 2021-07-28 17:04:09 
TT 500 054.4 -73.8 007.6 -48.9 5.23E-04 003.4 346.6 -22.8 1.342846 2.320120 1.538173 hargrave 2021-08-03 12:55:06 
TT 515 050.0 -71.8 008.5 -46.6 5.04E-04 002.4 344.1 -22.3 1.058889 1.171190 1.418611 hargrave 2021-08-04 12:48:37 
TT 530 047.1 -71.4 008.0 -45.6 4.69E-04 002.8 343.1 -22.7 1.102735 1.470263 1.330985 hargrave 2021-08-06 15:44:36 
TT 540 043.3 -69.5 008.5 -43.4 4.38E-04 003.3 340.7 -22.5 1.283907 1.823623 1.261633 hargrave 2021-08-09 16:25:41 
TT 550 048.1 -71.1 008.7 -45.7 4.17E-04 003.0 343.1 -22.3 1.049136 1.529511 1.199560 hargrave 2021-08-10 18:14:52 
TT 560 043.9 -68.5 009.6 -42.8 3.80E-04 003.6 339.9 -21.7 1.275857 1.770814 1.060332 hargrave 2021-08-11 15:03:17 
TT 566 043.2 -68.3 009.5 -42.5 3.50E-04 003.6 339.7 -21.8 1.134935 1.635583 0.974904 hargrave 2021-08-12 15:06:41 
TT 570 045.9 -67.5 011.3 -42.5 3.07E-04 005.3 339.6 -20.5 1.371947 2.392980 0.795069 hargrave 2021-08-13 13:28:46 
TT 573 045.8 -65.2 013.2 -40.7 2.55E-04 002.5 337.8 -19.0 0.893534 0.656017 0.493739 hargrave 2021-08-16 11:39:45 
TT 577 044.7 -64.4 013.4 -39.8 2.53E-04 002.7 336.8 -18.8 0.684888 0.819753 0.601121 hargrave 2021-08-17 10:50:28 
TT 580 044.4 -62.8 014.5 -38.4 2.35E-04 004.3 335.5 -17.9 1.061896 1.284188 0.634107 hargrave 2021-08-18 15:22:34 
TT 583 044.5 -62.9 014.5 -38.5 2.09E-04 005.3 335.6 -17.9 0.934037 1.596344 0.610495 hargrave 2021-08-19 17:29:19 
TT 586 040.6 -65.4 010.8 -39.5 2.16E-04 003.5 336.5 -20.8 0.741006 0.886376 0.656787 hargrave 2021-08-25 13:36:50 
TT 589 040.5 -63.8 011.9 -38.2 2.06E-04 001.9 335.1 -19.9 0.507803 0.118789 0.512931 hargrave 2021-08-26 11:44:25 
TT 600 042.2 -66.8 010.3 -41.1 2.15E-04 002.4 338.1 -21.2 0.544383 0.404340 0.633362 hargrave 2021-08-27 15:32:49 
TT 609 041.3 -64.4 011.9 -38.9 1.86E-04 003.1 335.8 -19.9 0.525785 0.727196 0.526163 hargrave 2021-08-31 13:50:16 
TT 619 049.2 -64.6 015.1 -41.2 1.86E-04 002.1 338.4 -17.5 0.371275 0.314886 0.519625 hargrave 2021-09-01 13:10:29 
TT 630 043.5 -62.5 014.3 -38.0 1.82E-04 003.5 335.0 -18.0 0.738203 0.624364 0.605497 hargrave 2021-09-02 08:25:35 
TT 640 037.3 -58.7 013.8 -33.1 1.95E-04 003.8 329.9 -18.0 0.840311 0.843266 0.584574 hargrave 2021-09-02 17:15:31 
TT 650 081.5 -69.7 019.9 -54.2 1.79E-04 002.1 352.0 -15.1 0.432143 0.306402 0.518020 hargrave 2021-09-24 12:54:14 
TT 660 040.9 -62.0 013.5 -36.8 1.36E-04 002.5 333.7 -18.6 0.336661 0.510580 0.364589 hargrave 2021-09-24 18:02:20 
TT 664 093.7 -70.8 020.1 -58.4 1.43E-04 002.8 356.4 -15.1 0.382543 0.465136 0.445671 hargrave 2021-09-25 17:54:49 
