CS4- 6 mag compass orientation (IGRF corrected)
    2.6  81.2  29.0  74.0  33.1   1.0
NRM    011.2  70.9 135.3  71.9 2.10E-03 001.1 149.6  77.3 3.912233 0.849093 1.155540 hargrave 2021-07-08 14:57:48 
TT 100 013.2  70.5 133.0  71.6 1.84E-03 000.9 146.2  77.0 1.286858 2.503705 0.773160 hargrave 2021-07-09 14:14:02 
TT 150 015.3  69.8 130.0  71.3 1.47E-03 000.9 141.9  76.8 1.951307 0.918839 0.612713 hargrave 2021-07-19 15:04:12 
TT 200 018.8  68.3 124.2  70.8 1.23E-03 000.9 133.8  76.3 1.675197 0.943779 0.660507 hargrave 2021-07-20 11:07:38 
TT 250 020.0  68.6 124.7  70.2 9.94E-04 000.9 134.5  75.8 1.227356 0.805467 0.480069 hargrave 2021-07-20 17:11:15 
TT 300 021.0  69.0 125.4  69.8 7.79E-04 001.1 135.5  75.3 1.338510 0.468721 0.457187 hargrave 2021-07-21 14:17:58 
TT 350 022.6  68.7 124.2  69.3 6.34E-04 001.0 133.8  74.8 0.996933 0.263087 0.351609 hargrave 2021-07-22 12:40:15 
TT 375 021.5  68.2 123.2  69.8 5.62E-04 001.1 132.4  75.4 1.048121 0.228635 0.282076 hargrave 2021-07-22 18:28:57 
TT 400 022.0  66.0 116.6  70.1 5.05E-04 001.2 123.4  75.5 0.876888 0.528434 0.267934 hargrave 2021-07-23 20:22:39 
TT 425 022.1  65.7 115.6  70.1 4.56E-04 001.2 122.1  75.5 0.761955 0.511007 0.228897 hargrave 2021-07-25 10:36:47 
TT 450 021.8  65.3 114.5  70.3 4.13E-04 001.1 120.4  75.7 0.368845 0.670489 0.216936 hargrave 2021-07-27 10:31:18 
TT 475 018.9  62.9 107.5  71.8 3.64E-04 001.3 110.3  76.9 0.782130 0.239874 0.117513 hargrave 2021-07-28 17:09:40 
TT 500 017.2  61.6 103.6  72.6 3.28E-04 000.9 104.3  77.6 0.360291 0.384303 0.095080 hargrave 2021-08-03 13:00:40 
TT 515 014.9  59.7 096.9  73.7 2.94E-04 001.4 094.2  78.3 0.657188 0.293864 0.083309 hargrave 2021-08-04 12:54:07 
TT 530 013.1  61.2 102.2  74.6 2.52E-04 000.8 100.5  79.5 0.156602 0.317020 0.187710 hargrave 2021-08-06 15:50:14 
TT 540 015.1  60.4 099.3  73.6 2.31E-04 001.2 097.6  78.3 0.387865 0.269017 0.044952 hargrave 2021-08-09 16:31:50 
TT 550 013.7  58.2 091.1  74.2 1.96E-04 001.1 086.0  78.3 0.293199 0.212701 0.039931 hargrave 2021-08-10 18:19:42 
TT 560 012.2  56.6 084.8  74.7 1.61E-04 000.6 077.2  78.4 0.106677 0.119339 0.031670 hargrave 2021-08-11 15:08:51 
TT 566 358.6  47.3 033.0  76.9 1.08E-04 000.7 020.6  75.7 0.106849 0.072817 0.063536 hargrave 2021-08-12 15:12:20 
TT 570 355.4  46.6 023.1  77.6 7.50E-05 001.7 011.5  75.4 0.188678 0.113905 0.024554 hargrave 2021-08-13 13:35:01 
TT 573 007.2  40.3 036.1  67.6 5.23E-05 003.9 032.7  67.1 0.143078 0.342224 0.012641 hargrave 2021-08-16 11:45:29 
TT 577 014.7  51.8 071.1  71.6 3.17E-05 004.1 065.1  74.2 0.138270 0.217869 0.085368 hargrave 2021-08-17 10:55:59 
TT 580 005.5  31.3 023.3  60.4 2.37E-05 003.8 024.0  58.8 0.089234 0.148222 0.028326 hargrave 2021-08-18 15:28:10 
TT 583 354.0  37.0 006.8  69.1 1.35E-05 003.7 005.5  66.0 0.076454 0.062067 0.029681 hargrave 2021-08-19 17:35:01 
TT 586 350.7  29.5 356.5  62.2 1.33E-05 003.9 359.1  58.5 0.092245 0.063027 0.034079 hargrave 2021-08-25 13:42:23 
TT 589 358.6 -15.4 358.7  16.7 1.57E-05 008.8 007.3  13.4 0.204648 0.264714 0.053988 hargrave 2021-08-26 11:50:00 
TT 589 353.6 -14.2 353.8  18.4 1.76E-05 006.8 002.4  14.7 0.077571 0.209092 0.031371 hargrave 2021-08-27 10:26:54 
TT 600 273.5  11.2 264.3  20.0 1.65E-05 005.5 275.2  15.8 0.158458 0.080603 0.058124 hargrave 2021-08-27 15:38:21 
TT 609 112.7  13.5 114.0 -07.9 1.42E-05 004.8 123.9 -02.4 0.093581 0.092564 0.038886 hargrave 2021-08-31 13:56:37 
TT 619 161.9 -37.9 158.9 -70.9 1.59E-05 005.2 161.6 -66.2 0.152810 0.073267 0.045222 hargrave 2021-09-01 13:16:49 
TT 630 287.8 -56.6 311.3 -32.1 1.64E-05 012.6 321.5 -37.6 0.348749 0.086119 0.122859 hargrave 2021-09-02 08:31:41 
TT 630 299.8 -53.7 316.6 -26.3 1.93E-05 002.8 327.1 -31.7 0.078751 0.057186 0.048556 hargrave 2021-09-02 14:11:09 
TT 640 187.5 -37.2 212.3 -64.9 2.18E-05 005.5 210.7 -64.1 0.184729 0.122485 0.045604 hargrave 2021-09-02 17:20:55 
TT 650 127.0 -09.1 118.0 -34.3 3.03E-05 001.4 128.2 -28.8 0.140095 0.227632 0.096751 hargrave 2021-09-24 13:02:03 
TT 660 221.3 -45.0 260.3 -53.2 2.07E-05 011.1 264.3 -57.0 0.286540 0.278422 0.099610 hargrave 2021-09-24 18:10:10 
TT 660 252.9 -37.9 276.3 -31.5 2.47E-05 005.6 284.2 -36.3 0.185623 0.189888 0.023767 hargrave 2021-09-25 12:34:07 
TT 664 350.5 -85.9 344.8 -52.8 2.74E-05 006.6 359.9 -56.9 0.172843 0.225243 0.146781 hargrave 2021-09-25 18:02:40 
