CS4- 5 mag compass orientation (IGRF corrected)
    0.4  71.2  31.0  74.0  33.1   1.0
NRM    347.6  55.4 039.2  87.5 1.37E-03 000.7 046.8  85.1 1.349775 1.102593 0.245868 hargrave 2021-07-08 14:56:38 
TT 100 345.8  55.5 020.3  88.2 1.15E-03 001.1 037.4  85.7 0.894256 1.993043 0.219947 hargrave 2021-07-09 14:12:53 
TT 150 338.7  53.1 302.9  85.2 7.45E-04 001.2 345.6  84.0 0.730102 1.323501 0.155822 hargrave 2021-07-19 15:02:18 
TT 200 334.0  50.0 299.0  80.9 5.44E-04 001.3 332.0  80.1 0.684653 1.069509 0.283154 hargrave 2021-07-20 11:06:11 
TT 250 329.8  49.0 290.8  78.4 4.03E-04 001.6 321.5  78.0 0.421528 1.039218 0.124273 hargrave 2021-07-20 17:09:49 
TT 300 322.8  45.3 286.3  72.5 2.73E-04 001.7 312.8  72.4 0.267934 0.749922 0.092307 hargrave 2021-07-21 14:16:04 
TT 350 313.5  44.3 274.4  67.2 1.92E-04 001.7 298.8  67.7 0.178430 0.578074 0.074911 hargrave 2021-07-22 12:39:04 
TT 375 311.6  41.7 276.3  64.4 1.61E-04 001.4 300.0  64.8 0.082836 0.379621 0.099434 hargrave 2021-07-22 18:27:03 
TT 400 310.3  39.8 277.6  62.3 1.43E-04 001.4 300.8  62.6 0.143534 0.326031 0.085941 hargrave 2021-07-23 20:21:30 
TT 425 307.2  34.5 280.3  56.6 1.28E-04 002.3 302.6  56.8 0.252280 0.477639 0.079509 hargrave 2021-07-25 10:35:34 
TT 450 300.7  37.1 270.0  55.3 1.13E-04 003.9 292.0  56.0 0.632496 0.460324 0.079502 hargrave 2021-07-27 10:30:08 
TT 475 298.7  31.0 274.2  49.6 1.06E-04 001.6 295.5  50.1 0.283516 0.101001 0.081799 hargrave 2021-07-28 17:07:48 
TT 500 298.9  29.3 275.9  48.2 9.82E-05 002.1 297.2  48.7 0.238965 0.266783 0.096884 hargrave 2021-08-03 12:58:49 
TT 515 294.8  25.1 275.1  42.7 9.32E-05 001.3 295.8  43.2 0.136854 0.141131 0.102714 hargrave 2021-08-04 12:52:16 
TT 530 294.1  20.9 277.4  38.9 8.77E-05 001.3 297.8  39.3 0.168340 0.092822 0.092701 hargrave 2021-08-06 15:48:18 
TT 540 293.7  26.1 273.2  43.0 7.81E-05 003.0 293.9  43.6 0.324633 0.270331 0.065047 hargrave 2021-08-09 16:30:00 
TT 550 273.9  12.3 264.0  21.2 5.54E-05 002.3 283.3  22.2 0.171175 0.153752 0.073238 hargrave 2021-08-10 18:18:33 
TT 560 260.9 -00.3 259.9  03.5 3.51E-05 005.4 278.5  04.7 0.333412 0.083028 0.048312 hargrave 2021-08-11 15:07:39 
TT 566 254.2 -21.3 266.2 -17.6 4.38E-05 001.7 283.8 -16.6 0.134814 0.087127 0.064048 hargrave 2021-08-12 15:11:06 
TT 570 253.5 -14.8 261.8 -12.6 4.65E-05 001.7 279.7 -11.5 0.126724 0.085752 0.084426 hargrave 2021-08-13 13:33:10 
TT 573 274.9 -24.8 284.5 -10.1 3.06E-05 006.2 302.5 -09.9 0.242614 0.256822 0.063014 hargrave 2021-08-16 11:44:16 
TT 577 272.3 -19.6 279.7 -06.8 1.97E-05 002.8 297.8 -06.5 0.057809 0.082926 0.084659 hargrave 2021-08-17 10:54:50 
TT 580 249.0 -21.9 262.4 -20.8 1.82E-05 002.8 279.9 -19.7 0.073230 0.041442 0.051569 hargrave 2021-08-18 15:26:57 
TT 583 213.8 -29.6 237.2 -46.0 1.46E-05 003.0 254.0 -44.0 0.059178 0.046950 0.038184 hargrave 2021-08-19 17:33:48 
TT 586 192.7 -35.4 218.2 -61.1 1.77E-05 003.6 235.1 -58.7 0.049758 0.087050 0.052775 hargrave 2021-08-25 13:41:13 
TT 589 203.7 -53.6 262.7 -67.5 1.25E-05 006.6 275.7 -66.3 0.096018 0.103505 0.035292 hargrave 2021-08-26 11:48:51 
TT 600 223.3 -26.9 244.1 -38.9 1.67E-05 002.1 261.0 -37.0 0.037679 0.044234 0.041892 hargrave 2021-08-27 15:37:11 
TT 609 215.6 -03.4 222.1 -22.9 2.60E-05 002.3 240.1 -20.5 0.077375 0.078286 0.061395 hargrave 2021-08-31 13:55:20 
TT 619 233.9 -43.1 267.4 -45.2 2.94E-05 002.2 283.4 -44.3 0.068385 0.109101 0.037230 hargrave 2021-09-01 13:15:33 
TT 630 250.1 -62.9 299.4 -49.7 3.69E-05 001.5 314.8 -50.2 0.062729 0.082158 0.021014 hargrave 2021-09-02 08:30:29 
TT 640 201.3 -24.7 219.6 -48.2 3.58E-05 002.5 237.0 -45.8 0.071163 0.201582 0.019874 hargrave 2021-09-02 17:19:48 
TT 650 175.1 -34.4 187.4 -66.3 3.69E-05 004.2 206.7 -63.7 0.104429 0.238720 0.111774 hargrave 2021-09-24 13:00:40 
TT 660 247.0 -18.2 258.5 -19.0 3.86E-05 005.4 276.1 -17.7 0.340878 0.219402 0.109699 hargrave 2021-09-24 18:08:47 
TT 664 105.6 -59.1 045.0 -60.0 9.60E-06 011.6 065.5 -62.2 0.128657 0.167630 0.081242 hargrave 2021-09-25 18:01:17 
