CS5- 3 mag compass orientation (IGRF corrected)
      1 338.2  33.0 351.2  54.9   1.0
NRM    344.1  50.5 034.0  30.5 4.29E-04 001.9 126.9  37.7 1.074407 0.899964 0.373503 hargrave 2021-07-08 15:07:00 
TT 100 341.5  45.5 027.9  30.4 3.43E-04 001.9 121.1  35.2 0.975687 0.446631 0.361876 hargrave 2021-07-09 14:23:10 
TT 150 336.4  43.4 024.1  33.1 2.93E-04 000.7 116.0  36.1 0.291040 0.140453 0.177877 hargrave 2021-07-19 15:13:23 
TT 200 327.3  31.6 007.6  35.7 1.65E-04 001.0 100.2  31.8 0.198891 0.322450 0.118243 hargrave 2021-07-20 11:19:39 
TT 250 315.6  19.4 347.8  39.7 1.25E-04 001.8 081.9  28.4 0.326753 0.355616 0.141957 hargrave 2021-07-20 17:22:31 
TT 300 309.8  05.7 329.5  36.5 9.37E-05 002.6 068.6  19.9 0.180890 0.519795 0.130859 hargrave 2021-07-21 14:27:16 
TT 350 303.4 -09.1 311.5  30.4 7.39E-05 003.1 055.4  10.0 0.163487 0.508426 0.116134 hargrave 2021-07-22 12:49:33 
TT 375 296.9 -09.7 305.1  33.9 7.99E-05 002.2 049.3  12.3 0.158984 0.434853 0.142749 hargrave 2021-07-22 18:39:03 
TT 400 292.5 -17.1 296.2  29.8 7.82E-05 002.1 042.3  07.2 0.129072 0.364246 0.146556 hargrave 2021-07-23 20:32:30 
TT 425 290.3 -19.7 292.7  28.6 7.63E-05 005.1 039.4  05.6 0.268051 0.684191 0.099739 hargrave 2021-07-25 10:46:11 
TT 450 289.3 -25.3 288.9  23.9 7.40E-05 001.8 036.4  00.7 0.129368 0.304348 0.102157 hargrave 2021-07-27 10:41:06 
TT 475 284.1 -26.5 283.7  24.7 7.31E-05 001.9 031.6  01.2 0.106174 0.274937 0.124790 hargrave 2021-07-28 17:19:37 
TT 500 279.0 -29.5 278.0  23.3 7.31E-05 001.7 026.5 -00.3 0.162587 0.226040 0.133837 hargrave 2021-08-03 13:10:41 
TT 515 277.6 -24.3 278.2  28.6 7.39E-05 001.8 026.7  05.0 0.136064 0.221448 0.141406 hargrave 2021-08-04 13:03:53 
TT 530 270.8 -15.4 273.1  38.7 7.40E-05 001.7 022.6  15.2 0.167788 0.174681 0.146418 hargrave 2021-08-06 16:01:04 
TT 540 278.9 -22.4 280.2  30.1 7.23E-05 001.5 028.4  06.5 0.165957 0.102606 0.141258 hargrave 2021-08-09 16:41:39 
TT 550 279.5 -31.0 278.0  21.7 7.26E-05 001.5 026.4 -01.9 0.176569 0.073800 0.158770 hargrave 2021-08-10 18:29:45 
TT 560 280.1 -24.0 280.8  28.2 6.78E-05 005.0 029.0  04.7 0.163423 0.594275 0.113178 hargrave 2021-08-11 15:19:27 
TT 566 275.7 -13.5 279.6  39.4 6.07E-05 002.7 027.8  15.9 0.266867 0.180573 0.109010 hargrave 2021-08-12 15:22:57 
TT 570 270.5  05.5 279.5  59.2 6.07E-05 003.6 027.6  35.6 0.135078 0.381253 0.095807 hargrave 2021-08-13 13:45:02 
TT 573 299.7 -49.4 285.0 -01.2 4.09E-05 002.7 034.1 -24.6 0.095044 0.183869 0.093547 hargrave 2021-08-16 11:55:41 
TT 577 350.8 -36.8 319.5 -19.9 2.25E-05 004.2 077.0 -36.6 0.118581 0.154628 0.028430 hargrave 2021-08-17 11:05:11 
TT 580 349.6 -28.2 326.7 -14.6 1.66E-05 004.6 082.7 -29.4 0.094930 0.183959 0.036899 hargrave 2021-08-18 15:36:38 
TT 583 043.2 -27.6 353.5 -56.9 1.72E-05 004.9 138.3 -55.7 0.039645 0.158516 0.029785 hargrave 2021-08-19 17:44:11 
TT 586 031.8 -31.0 342.3 -48.9 1.36E-05 006.2 120.4 -53.9 0.059512 0.174591 0.030223 hargrave 2021-08-25 13:51:40 
TT 589 031.7 -18.1 359.2 -43.2 9.22E-06 006.8 129.9 -42.6 0.135540 0.081003 0.042359 hargrave 2021-08-26 11:59:07 
TT 600 047.0 -12.5 018.8 -51.8 1.72E-05 005.7 151.3 -42.6 0.052151 0.193957 0.038762 hargrave 2021-08-27 15:46:51 
