CS5- 8 mag compass orientation (IGRF corrected)
    2.2 209.2  53.0 351.2  54.9   1.0
NRM    018.9  22.9 025.9 -07.3 6.38E-05 002.6 245.6  05.9 0.313318 0.071542 0.072969 hargrave 2021-07-08 15:14:40 
TT 100 013.6 -38.6 326.0 -37.1 4.70E-05 001.9 296.2 -32.9 0.137123 0.062068 0.063852 hargrave 2021-07-09 14:30:51 
TT 150 358.5 -80.0 273.4 -35.8 6.88E-05 003.0 348.5 -41.6 0.261364 0.249391 0.122685 hargrave 2021-07-19 15:20:24 
TT 200 272.5 -84.7 262.3 -29.9 9.10E-05 003.5 003.2 -41.6 0.237869 0.505388 0.131065 hargrave 2021-07-20 11:28:09 
TT 250 234.0 -80.7 256.3 -26.7 9.92E-05 001.6 011.2 -40.4 0.210490 0.067107 0.174786 hargrave 2021-07-20 17:31:53 
TT 300 227.7 -80.3 255.2 -26.9 9.47E-05 002.2 011.9 -39.5 0.288372 0.169279 0.163227 hargrave 2021-07-21 14:34:28 
TT 350 230.8 -70.8 251.1 -18.1 9.28E-05 002.2 024.1 -41.7 0.131455 0.325494 0.126299 hargrave 2021-07-22 12:56:42 
TT 375 228.4 -72.9 251.4 -20.3 9.22E-05 002.1 021.5 -40.7 0.169002 0.268279 0.154551 hargrave 2021-07-22 18:46:11 
TT 400 229.1 -74.8 252.5 -21.9 9.08E-05 003.1 018.9 -40.7 0.324073 0.346943 0.156976 hargrave 2021-07-23 20:38:52 
TT 425 228.2 -72.3 251.0 -19.8 8.98E-05 001.9 022.3 -40.7 0.230227 0.170127 0.108913 hargrave 2021-07-25 10:53:23 
TT 450 231.0 -69.5 250.5 -16.9 8.68E-05 002.1 025.9 -41.9 0.113180 0.303592 0.101510 hargrave 2021-07-27 10:47:23 
TT 475 231.9 -68.5 250.4 -15.9 8.21E-05 001.9 027.2 -42.3 0.204094 0.155779 0.135651 hargrave 2021-07-28 17:26:36 
TT 500 235.2 -64.7 250.1 -11.8 8.05E-05 002.3 032.3 -43.9 0.272080 0.161186 0.117441 hargrave 2021-08-03 13:18:32 
TT 515 234.3 -64.4 249.6 -11.7 7.77E-05 001.5 032.7 -43.6 0.141490 0.087219 0.118634 hargrave 2021-08-04 13:10:11 
TT 530 232.2 -60.9 247.3 -08.8 7.17E-05 001.6 037.6 -42.7 0.139168 0.102518 0.111102 hargrave 2021-08-06 16:07:36 
TT 540 237.6 -57.3 248.6 -04.5 7.33E-05 002.2 042.5 -45.4 0.236788 0.127515 0.111114 hargrave 2021-08-09 16:48:42 
TT 550 237.8 -57.8 248.9 -04.9 7.07E-05 001.4 041.9 -45.5 0.130549 0.075930 0.097805 hargrave 2021-08-10 18:36:04 
TT 560 236.0 -56.8 247.6 -04.4 6.78E-05 002.6 043.2 -44.5 0.241091 0.175084 0.102959 hargrave 2021-08-11 15:27:59 
TT 566 238.8 -56.8 249.1 -03.8 6.12E-05 001.4 043.4 -46.0 0.110325 0.104129 0.089922 hargrave 2021-08-12 15:30:05 
TT 570 227.1 -57.3 243.4 -06.7 5.79E-05 001.2 041.9 -39.7 0.092602 0.091910 0.070718 hargrave 2021-08-13 13:52:10 
TT 573 238.1 -51.7 247.1  00.9 5.94E-05 002.0 050.5 -45.4 0.126484 0.163538 0.076617 hargrave 2021-08-16 12:02:59 
TT 577 235.3 -54.1 246.3 -02.0 4.75E-05 003.0 046.9 -43.9 0.219742 0.110744 0.087844 hargrave 2021-08-17 11:11:33 
TT 580 225.4 -58.9 243.4 -08.6 5.38E-05 004.6 039.7 -39.1 0.300757 0.320321 0.085905 hargrave 2021-08-18 15:42:59 
TT 583 236.4 -63.0 250.0 -10.1 4.03E-05 001.4 034.5 -44.6 0.060307 0.060290 0.078201 hargrave 2021-08-19 17:50:31 
TT 586 238.2 -62.0 250.4 -08.9 4.01E-05 001.1 035.9 -45.5 0.062187 0.054126 0.056740 hargrave 2021-08-25 13:57:59 
TT 589 239.7 -50.9 247.8  02.0 3.37E-05 003.6 051.9 -46.3 0.196647 0.042985 0.078335 hargrave 2021-08-26 12:05:23 
TT 600 246.8 -46.2 251.2  07.6 3.44E-05 003.2 059.5 -50.5 0.153142 0.118804 0.055061 hargrave 2021-08-27 15:53:52 
TT 609 243.5 -39.1 247.1  14.0 3.95E-05 002.5 069.4 -46.8 0.155527 0.109114 0.037569 hargrave 2021-08-31 14:11:34 
TT 619 243.8 -31.7 245.3  21.3 4.10E-05 002.0 079.6 -44.6 0.110072 0.117716 0.028012 hargrave 2021-09-01 13:31:32 
TT 630 244.6 -73.0 256.1 -18.7 3.61E-05 004.6 019.8 -45.3 0.252017 0.063286 0.144959 hargrave 2021-09-02 08:45:51 
TT 640 262.7 -23.6 262.8  31.3 3.05E-05 002.3 102.8 -56.0 0.066615 0.128490 0.029809 hargrave 2021-09-02 17:35:18 
TT 650 342.6 -21.5 328.7 -05.6 2.14E-05 009.9 259.9 -49.5 0.166555 0.325583 0.122042 hargrave 2021-09-24 13:18:58 
TT 650 348.5 -21.4 332.0 -10.1 2.22E-05 003.2 264.0 -44.8 0.108196 0.071667 0.020430 hargrave 2021-09-24 14:07:16 
TT 660 266.7  21.8 282.8  75.8 2.24E-05 009.6 147.0 -23.7 0.063463 0.454926 0.063211 hargrave 2021-09-24 18:27:48 
TT 660 292.2  24.1 337.3  60.9 1.32E-05 005.9 172.8 -28.6 0.046047 0.127230 0.045056 hargrave 2021-09-25 12:39:47 
TT 664 240.5  16.1 211.7  63.5 2.97E-05 004.3 122.4 -13.4 0.077388 0.448411 0.064709 hargrave 2021-09-25 18:19:32 
