CS5- 7 mag compass orientation (IGRF corrected)
    1.8 346.2  40.0 351.2  54.9   1.0
NRM    038.0  56.4 058.6  08.5 1.17E-04 001.7 158.5  21.0 0.195703 0.148900 0.271676 hargrave 2021-07-08 15:13:21 
TT 100 084.6 -03.1 087.7 -57.9 5.20E-05 001.9 191.5 -42.6 0.091858 0.116567 0.119426 hargrave 2021-07-09 14:29:29 
TT 150 145.8 -54.3 215.7 -42.2 1.30E-04 002.3 303.8 -48.9 0.354930 0.379457 0.068873 hargrave 2021-07-19 15:19:06 
TT 200 157.8 -56.9 220.1 -35.7 2.19E-04 004.0 311.4 -43.8 1.074226 1.059942 0.131703 hargrave 2021-07-20 11:26:33 
TT 250 165.0 -59.1 223.8 -32.6 2.86E-04 000.8 316.6 -41.6 0.245488 0.314025 0.161049 hargrave 2021-07-20 17:30:16 
TT 300 163.5 -57.3 221.5 -32.8 3.34E-04 001.4 314.0 -41.4 0.538564 0.576488 0.184756 hargrave 2021-07-21 14:33:06 
TT 350 165.2 -57.7 222.3 -32.1 3.54E-04 002.0 315.1 -40.8 0.801249 0.949540 0.197574 hargrave 2021-07-22 12:55:21 
TT 375 167.0 -57.6 222.5 -31.1 3.60E-04 001.5 315.7 -39.9 0.626388 0.727942 0.232526 hargrave 2021-07-22 18:44:51 
TT 400 166.3 -57.2 221.9 -31.4 3.63E-04 001.0 314.9 -40.0 0.408214 0.472123 0.249042 hargrave 2021-07-23 20:37:34 
TT 425 167.4 -56.9 221.8 -30.7 3.66E-04 000.7 315.1 -39.4 0.420660 0.154639 0.229248 hargrave 2021-07-25 10:52:01 
TT 450 171.3 -59.0 224.8 -29.4 3.66E-04 001.1 318.8 -38.8 0.358411 0.629614 0.225237 hargrave 2021-07-27 10:46:04 
TT 475 172.4 -58.0 224.0 -28.6 3.61E-04 001.1 318.2 -37.8 0.382344 0.567278 0.227988 hargrave 2021-07-28 17:25:18 
TT 500 176.8 -60.0 227.1 -27.2 3.59E-04 002.7 321.9 -37.2 0.974897 1.410603 0.233750 hargrave 2021-08-03 13:16:31 
TT 515 179.7 -60.9 228.6 -26.3 3.51E-04 001.5 323.9 -36.6 0.470031 0.742754 0.236594 hargrave 2021-08-04 13:08:52 
TT 530 177.0 -57.0 224.1 -25.9 3.43E-04 001.3 319.1 -35.2 0.533774 0.546994 0.240299 hargrave 2021-08-06 16:06:13 
TT 540 179.8 -58.6 226.4 -25.2 3.36E-04 003.2 321.8 -35.1 1.092144 1.496579 0.246969 hargrave 2021-08-09 16:46:41 
TT 550 181.9 -58.9 227.2 -24.4 3.29E-04 000.5 322.9 -34.5 0.126577 0.224665 0.254915 hargrave 2021-08-10 18:34:45 
TT 560 188.1 -61.0 230.9 -22.8 3.21E-04 002.7 327.3 -33.7 0.786186 1.308142 0.282338 hargrave 2021-08-11 15:25:55 
TT 566 192.9 -60.6 232.0 -20.6 3.20E-04 001.6 329.0 -31.7 0.444109 0.717078 0.281453 hargrave 2021-08-12 15:28:04 
TT 570 190.6 -58.2 229.2 -20.2 3.06E-04 004.8 326.1 -30.8 1.407827 2.149798 0.231091 hargrave 2021-08-13 13:50:50 
TT 573 183.3 -60.3 229.0 -24.4 2.96E-04 000.6 324.7 -34.9 0.185866 0.224079 0.218176 hargrave 2021-08-16 12:00:51 
TT 577 173.0 -57.8 224.0 -28.2 2.70E-04 002.3 318.3 -37.4 0.817191 0.730552 0.202792 hargrave 2021-08-17 11:10:11 
TT 580 179.5 -62.6 230.3 -27.1 2.63E-04 002.1 325.5 -37.7 0.539680 0.799433 0.228165 hargrave 2021-08-18 15:41:40 
TT 583 172.8 -58.4 224.5 -28.5 2.54E-04 002.9 318.7 -37.8 0.764728 1.036271 0.164534 hargrave 2021-08-19 17:49:12 
TT 586 174.3 -59.7 226.2 -28.2 2.37E-04 001.0 320.6 -38.0 0.273722 0.254426 0.183752 hargrave 2021-08-25 13:56:40 
TT 589 175.0 -64.6 231.6 -29.7 2.36E-04 002.2 326.1 -40.5 0.463218 0.786777 0.199015 hargrave 2021-08-26 12:04:04 
TT 600 172.6 -61.4 227.8 -29.7 2.28E-04 000.7 321.9 -39.7 0.236533 0.073720 0.169792 hargrave 2021-08-27 15:51:51 
TT 609 174.7 -61.1 227.7 -28.6 2.21E-04 002.2 322.2 -38.7 0.535077 0.637956 0.176322 hargrave 2021-08-31 14:09:28 
TT 619 179.2 -67.4 235.3 -29.1 2.04E-04 000.8 330.4 -40.7 0.126531 0.178770 0.258794 hargrave 2021-09-01 13:29:29 
TT 630 184.7 -60.7 229.7 -24.0 2.32E-04 003.4 325.6 -34.6 0.748979 1.120670 0.279196 hargrave 2021-09-02 08:44:37 
TT 640 180.9 -59.7 227.7 -25.2 1.86E-04 000.6 323.2 -35.3 0.167688 0.138117 0.164920 hargrave 2021-09-02 17:33:26 
TT 650 173.9 -65.8 232.7 -30.5 1.61E-04 001.6 327.1 -41.6 0.176091 0.313557 0.276225 hargrave 2021-09-24 13:17:31 
TT 660 170.5 -57.5 223.0 -29.3 1.45E-04 002.3 316.9 -38.3 0.604788 0.079266 0.180156 hargrave 2021-09-24 18:25:35 
TT 664 175.1 -60.1 226.8 -28.0 1.27E-04 002.1 321.3 -37.9 0.131032 0.427218 0.222072 hargrave 2021-09-25 18:18:06 
