CS5- 2 mag compass orientation (IGRF corrected)
    0.7  36.2  14.0 351.2  54.9   1.0
NRM    227.8 -47.4 239.3  02.3 1.90E-04 001.0 295.1 -42.9 0.307919 0.096402 0.096598 hargrave 2021-07-08 15:05:29 
TT 100 226.4 -50.9 240.1 -01.3 2.20E-04 000.9 295.5 -46.6 0.299913 0.137909 0.128196 hargrave 2021-07-09 14:21:44 
TT 150 222.3 -50.2 237.5 -01.9 2.29E-04 000.6 291.6 -46.8 0.215935 0.058475 0.126745 hargrave 2021-07-19 15:11:53 
TT 200 219.2 -51.1 236.2 -03.7 2.54E-04 000.6 289.3 -48.3 0.175417 0.176066 0.122897 hargrave 2021-07-20 11:17:55 
TT 250 218.4 -51.3 236.0 -04.2 2.60E-04 001.7 288.8 -48.7 0.651330 0.350497 0.146390 hargrave 2021-07-20 17:20:43 
TT 300 212.4 -50.5 232.4 -05.7 2.57E-04 002.9 283.0 -49.3 1.272564 0.248538 0.120357 hargrave 2021-07-21 14:25:45 
TT 350 216.7 -52.5 235.7 -05.8 2.22E-04 000.6 287.9 -50.2 0.129966 0.162720 0.103408 hargrave 2021-07-22 12:48:05 
TT 375 209.9 -49.6 230.6 -06.1 2.08E-04 008.7 280.1 -49.2 3.125435 0.507130 0.113137 hargrave 2021-07-22 18:37:34 
TT 375 219.5 -51.6 236.7 -04.0 2.09E-04 003.3 289.9 -48.7 1.162931 0.252222 0.105035 hargrave 2021-07-22 19:43:06 
TT 400 219.7 -50.9 236.4 -03.4 2.03E-04 002.2 289.7 -48.1 0.685531 0.365752 0.130234 hargrave 2021-07-23 20:31:03 
TT 425 222.0 -51.6 238.0 -03.2 1.95E-04 001.0 292.1 -48.2 0.322297 0.093021 0.125138 hargrave 2021-07-25 10:44:40 
TT 450 220.6 -51.4 237.2 -03.5 1.82E-04 000.7 290.8 -48.3 0.170620 0.139131 0.090695 hargrave 2021-07-27 10:38:57 
TT 475 225.9 -51.8 240.2 -02.2 1.72E-04 001.2 295.5 -47.5 0.202420 0.281992 0.134877 hargrave 2021-07-28 17:17:25 
TT 500 225.0 -51.6 239.6 -02.3 1.65E-04 002.9 294.7 -47.5 0.799279 0.148065 0.149075 hargrave 2021-08-03 13:08:32 
TT 515 224.1 -50.2 238.5 -01.4 1.57E-04 000.8 293.2 -46.4 0.184388 0.086160 0.105197 hargrave 2021-08-04 13:02:26 
TT 530 225.5 -48.4 238.4  00.7 1.48E-04 002.4 293.5 -44.3 0.600659 0.118573 0.126471 hargrave 2021-08-06 15:58:49 
TT 540 229.1 -50.0 241.2  00.3 1.45E-04 001.2 297.4 -45.1 0.274120 0.121188 0.107702 hargrave 2021-08-09 16:39:28 
TT 550 221.9 -49.5 236.9 -01.5 1.44E-04 000.9 290.9 -46.3 0.188482 0.101521 0.099402 hargrave 2021-08-10 18:28:18 
TT 560 226.6 -50.1 239.8 -00.5 1.37E-04 003.1 295.3 -45.7 0.721388 0.106629 0.115342 hargrave 2021-08-11 15:17:15 
TT 566 225.7 -47.7 238.1  01.4 1.29E-04 001.2 293.4 -43.7 0.144924 0.207735 0.111492 hargrave 2021-08-12 15:20:47 
TT 570 227.3 -47.9 239.2  01.7 1.15E-04 001.1 294.9 -43.5 0.204228 0.057692 0.079116 hargrave 2021-08-13 13:43:31 
TT 573 218.3 -57.9 239.6 -09.7 1.19E-04 003.0 292.8 -54.8 0.598822 0.117019 0.092831 hargrave 2021-08-16 11:53:25 
TT 577 212.8 -58.2 237.4 -11.6 1.05E-04 001.3 288.4 -56.3 0.221554 0.065319 0.062045 hargrave 2021-08-17 11:03:02 
TT 580 200.2 -59.8 233.7 -17.3 9.37E-05 001.3 278.8 -60.8 0.178642 0.097574 0.043910 hargrave 2021-08-18 15:35:11 
TT 583 199.4 -59.8 233.4 -17.6 9.66E-05 000.9 278.1 -60.9 0.134320 0.077171 0.052793 hargrave 2021-08-19 17:42:43 
TT 586 193.2 -57.9 229.7 -18.8 8.90E-05 001.9 270.4 -60.7 0.285846 0.065732 0.030045 hargrave 2021-08-25 13:50:12 
TT 589 203.6 -59.2 234.5 -15.6 8.94E-05 000.9 281.3 -59.4 0.112217 0.104200 0.052031 hargrave 2021-08-26 11:57:39 
TT 600 189.8 -58.3 229.0 -20.6 8.93E-05 002.0 267.5 -61.9 0.297830 0.054113 0.049387 hargrave 2021-08-27 15:45:24 
TT 609 181.5 -61.5 229.7 -25.8 7.89E-05 003.0 262.6 -66.7 0.408545 0.037218 0.036468 hargrave 2021-08-31 14:03:05 
TT 619 179.0 -61.4 229.1 -26.8 7.90E-05 002.3 259.9 -67.2 0.317762 0.058919 0.021297 hargrave 2021-09-01 13:23:07 
TT 630 202.1 -50.6 227.6 -10.2 8.00E-05 002.5 273.5 -51.9 0.341811 0.120821 0.069705 hargrave 2021-09-02 08:37:51 
TT 640 185.2 -47.5 217.9 -16.8 7.13E-05 001.1 254.6 -53.0 0.090924 0.108552 0.042698 hargrave 2021-09-02 17:26:44 
TT 650 175.6 -56.6 223.4 -26.4 5.32E-05 005.6 250.8 -63.8 0.322663 0.386377 0.141496 hargrave 2021-09-24 13:09:10 
TT 660 044.4 -63.7 287.7 -53.7 4.60E-05 005.4 070.5 -62.3 0.267944 0.404287 0.121869 hargrave 2021-09-24 18:17:17 
TT 664 184.0 -82.1 251.9 -33.0 4.10E-05 006.7 325.6 -78.2 0.272954 0.373914 0.148948 hargrave 2021-09-25 18:09:48 
