CS5- 5 mag compass orientation (IGRF corrected)
    0.4 362.2  22.0 351.2  54.9   1.0
NRM    312.1  46.4 023.6  50.5 1.12E-04 001.2 063.6  60.4 0.216721 0.085612 0.047731 hargrave 2021-07-08 15:10:09 
TT 100 309.3  43.2 018.5  52.3 1.06E-04 000.8 057.3  58.5 0.108936 0.122275 0.043659 hargrave 2021-07-09 14:26:18 
TT 150 307.3  41.7 015.7  53.7 1.02E-04 001.3 053.5  57.7 0.122159 0.203183 0.050553 hargrave 2021-07-19 15:15:53 
TT 200 306.4  40.4 013.4  54.2 9.36E-05 004.0 051.4  56.8 0.538083 0.370154 0.060620 hargrave 2021-07-20 11:23:27 
TT 250 303.8  38.2 009.1  55.9 8.95E-05 002.2 046.6  55.5 0.284250 0.193074 0.084864 hargrave 2021-07-20 17:26:22 
TT 300 303.3  36.7 006.5  56.0 8.71E-05 000.7 045.2  54.3 0.079607 0.069108 0.076625 hargrave 2021-07-21 14:29:48 
TT 350 301.9  35.3 003.6  56.9 8.11E-05 000.9 042.5  53.3 0.094911 0.085699 0.058970 hargrave 2021-07-22 12:52:47 
TT 375 297.7  34.2 000.1  60.0 7.89E-05 002.7 036.5  53.2 0.238276 0.278860 0.084859 hargrave 2021-07-22 18:42:16 
TT 400 300.7  31.6 356.5  56.9 7.77E-05 002.2 039.3  50.0 0.210938 0.205864 0.092265 hargrave 2021-07-23 20:35:03 
TT 425 299.5  31.8 356.3  58.0 7.14E-05 001.4 037.7  50.5 0.104396 0.136567 0.059927 hargrave 2021-07-25 10:48:41 
TT 450 299.9  31.6 356.1  57.6 6.71E-05 001.4 038.3  50.2 0.108423 0.137074 0.039457 hargrave 2021-07-27 10:43:33 
TT 475 300.6  30.2 354.1  56.6 6.44E-05 001.3 038.6  48.7 0.096977 0.103531 0.089321 hargrave 2021-07-28 17:22:05 
TT 500 297.7  28.7 349.9  58.4 6.13E-05 001.9 034.3  47.9 0.130579 0.135198 0.096533 hargrave 2021-08-03 13:13:53 
TT 515 301.8  29.2 352.9  55.3 5.89E-05 003.0 039.6  47.4 0.222760 0.204507 0.104572 hargrave 2021-08-04 13:06:20 
TT 530 303.1  27.4 350.8  53.5 5.75E-05 002.6 040.5  45.4 0.181494 0.190499 0.070725 hargrave 2021-08-06 16:03:36 
TT 540 300.3  25.6 346.2  55.1 5.58E-05 002.1 036.4  44.3 0.139818 0.143535 0.089493 hargrave 2021-08-09 16:44:10 
TT 550 299.6  24.6 344.2  55.2 5.13E-05 003.0 035.2  43.5 0.181896 0.180373 0.106514 hargrave 2021-08-10 18:32:12 
TT 560 296.2  25.3 342.8  58.3 4.69E-05 003.0 031.3  44.8 0.226443 0.119229 0.068834 hargrave 2021-08-11 15:22:35 
TT 566 298.3  23.6 341.6  55.8 4.42E-05 005.9 033.3  42.8 0.323816 0.326009 0.088203 hargrave 2021-08-12 15:25:26 
TT 570 306.9  32.4 000.4  52.1 1.84E-05 069.7 047.4  49.1 0.872302 0.946777 1.487968 hargrave 2021-08-13 13:48:15 
TT 570 302.1  29.6 353.8  55.2 3.68E-05 002.9 040.1  47.8 0.175694 0.079237 0.034282 hargrave 2021-08-13 14:56:42 
TT 573 312.7  29.4 358.7  46.5 3.21E-05 001.2 052.8  44.7 0.042411 0.020409 0.062060 hargrave 2021-08-16 11:58:12 
TT 577 313.1  34.3 005.7  47.7 2.59E-05 001.8 055.8  49.2 0.066255 0.048473 0.047699 hargrave 2021-08-17 11:07:39 
TT 580 327.6  32.7 009.0  35.8 2.35E-05 001.5 070.9  42.9 0.023565 0.055932 0.029612 hargrave 2021-08-18 15:39:07 
TT 583 338.7  46.6 028.3  32.6 2.13E-05 002.9 091.7  50.9 0.080058 0.067784 0.038214 hargrave 2021-08-19 17:46:37 
TT 586 355.9  50.1 036.9  23.4 2.19E-05 002.3 109.2  47.5 0.053948 0.075798 0.017801 hargrave 2021-08-25 13:54:08 
TT 589 001.6  46.8 035.9  18.5 2.08E-05 001.2 111.3  42.7 0.028858 0.049591 0.024410 hargrave 2021-08-26 12:01:34 
TT 600 000.0  53.5 041.6  22.8 1.99E-05 003.4 115.3  49.0 0.059758 0.111970 0.019772 hargrave 2021-08-27 15:49:19 
TT 609 348.0  39.1 023.6  23.4 2.38E-05 003.0 094.6  41.0 0.103306 0.078314 0.034246 hargrave 2021-08-31 14:07:01 
TT 619 028.1  57.4 054.9  12.7 2.46E-05 003.9 137.8  43.9 0.043303 0.152048 0.061010 hargrave 2021-09-01 13:27:01 
TT 630 220.9  40.4 149.3  58.1 1.86E-05 002.5 288.5  51.2 0.069638 0.036400 0.126937 hargrave 2021-09-02 08:42:17 
TT 640 110.0  50.8 098.9 -00.4 2.33E-05 004.4 192.8  29.6 0.173482 0.150467 0.037440 hargrave 2021-09-02 17:31:03 
TT 650 358.5  23.6 014.6  07.7 4.36E-05 004.9 096.0  23.2 0.109937 0.574421 0.128973 hargrave 2021-09-24 13:14:34 
TT 660 030.6  29.4 038.1 -09.8 4.46E-05 005.5 126.5  17.5 0.105410 0.655731 0.095274 hargrave 2021-09-24 18:22:40 
TT 664 320.8  33.7 007.6  41.5 2.81E-05 010.9 064.2  46.1 0.150942 0.507828 0.186234 hargrave 2021-09-25 18:15:10 
