CS5- 4 mag compass orientation (IGRF corrected)
      1 306.2   3.0 351.2  54.9   1.0
NRM    314.4  58.9 042.8  48.1 1.35E-04 001.9 103.0  58.4 0.397278 0.334942 0.150059 hargrave 2021-07-08 15:08:56 
TT 100 286.6  39.2 010.1  69.3 7.82E-05 003.9 072.8  40.2 0.438387 0.341152 0.089092 hargrave 2021-07-09 14:25:06 
TT 150 270.6  14.3 285.8  67.5 6.41E-05 005.7 055.1  16.0 0.495105 0.416218 0.095241 hargrave 2021-07-19 15:14:37 
TT 200 242.4 -35.0 245.1  17.7 9.37E-05 002.0 025.3 -32.3 0.231807 0.299268 0.130963 hargrave 2021-07-20 11:21:59 
TT 250 234.0 -42.5 241.2  08.6 1.14E-04 001.8 017.0 -39.6 0.305053 0.239024 0.149876 hargrave 2021-07-20 17:24:53 
TT 300 228.8 -46.7 239.6  03.2 1.24E-04 003.1 012.0 -43.8 0.538747 0.436233 0.170186 hargrave 2021-07-21 14:28:31 
TT 350 229.1 -48.7 240.6  01.4 1.24E-04 002.7 012.2 -45.8 0.462677 0.386242 0.147002 hargrave 2021-07-22 12:51:32 
TT 375 232.7 -46.3 241.8  04.7 1.24E-04 005.0 015.6 -43.4 0.615878 0.874437 0.200367 hargrave 2021-07-22 18:41:02 
TT 400 232.9 -48.4 242.8  02.8 1.23E-04 001.9 015.8 -45.5 0.343093 0.290417 0.125501 hargrave 2021-07-23 20:33:47 
TT 425 232.2 -48.1 242.2  02.9 1.19E-04 002.0 015.1 -45.2 0.304641 0.352963 0.114313 hargrave 2021-07-25 10:47:25 
TT 450 233.5 -56.3 246.1 -04.4 1.26E-04 001.8 016.0 -53.4 0.368044 0.214243 0.103505 hargrave 2021-07-27 10:42:20 
TT 475 233.2 -52.3 244.5 -00.8 1.15E-04 002.7 016.0 -49.4 0.438307 0.333331 0.150170 hargrave 2021-07-28 17:20:51 
TT 500 237.2 -50.2 246.1  02.1 1.12E-04 002.4 019.8 -47.4 0.324493 0.358773 0.135037 hargrave 2021-08-03 13:12:40 
TT 515 241.4 -47.2 247.8  05.8 1.06E-04 002.0 023.9 -44.5 0.329038 0.149892 0.150504 hargrave 2021-08-04 13:05:07 
TT 530 244.4 -41.5 248.4  11.9 9.29E-05 004.8 027.0 -38.9 0.513332 0.599672 0.112387 hargrave 2021-08-06 16:02:22 
TT 540 246.3 -43.6 250.3  10.2 9.61E-05 005.5 028.8 -41.0 0.619584 0.682979 0.137124 hargrave 2021-08-09 16:42:57 
TT 550 244.9 -42.9 249.1  10.6 9.62E-05 004.9 027.5 -40.2 0.553328 0.608140 0.136277 hargrave 2021-08-10 18:30:59 
TT 560 249.1 -39.3 251.5  14.8 8.77E-05 001.2 031.7 -36.7 0.136338 0.117866 0.094919 hargrave 2021-08-11 15:21:22 
TT 566 254.0 -33.1 254.7  21.5 7.92E-05 004.2 036.7 -30.7 0.350058 0.465909 0.113420 hargrave 2021-08-12 15:24:12 
TT 570 261.8 -19.0 261.9  35.8 5.40E-05 002.1 044.9 -16.9 0.122056 0.131225 0.122213 hargrave 2021-08-13 13:47:02 
TT 573 259.1 -45.6 259.7  09.3 6.50E-05 003.0 040.9 -43.4 0.286416 0.205894 0.066067 hargrave 2021-08-16 11:56:56 
TT 577 247.8 -50.1 252.6  04.0 5.15E-05 002.6 029.8 -47.5 0.179508 0.157632 0.042046 hargrave 2021-08-17 11:06:27 
TT 580 267.5 -59.1 264.4 -04.4 4.81E-05 004.3 047.6 -57.2 0.255083 0.262177 0.040939 hargrave 2021-08-18 15:37:53 
TT 583 266.2 -63.8 263.4 -09.0 4.82E-05 003.6 045.7 -61.8 0.227259 0.204626 0.041033 hargrave 2021-08-19 17:45:25 
TT 586 275.8 -73.5 265.5 -19.1 3.99E-05 003.5 051.6 -71.8 0.147329 0.206596 0.064911 hargrave 2021-08-25 13:52:55 
TT 589 306.7 -85.8 264.7 -32.1 3.41E-05 005.0 055.1 -84.8 0.259049 0.143308 0.026671 hargrave 2021-08-26 12:00:22 
TT 600 266.8 -73.7 262.8 -18.8 4.33E-05 004.3 043.6 -71.6 0.225603 0.235041 0.053222 hargrave 2021-08-27 15:48:06 
TT 609 280.8 -54.1 272.5 -00.9 4.22E-05 003.1 061.0 -52.8 0.147820 0.188368 0.060824 hargrave 2021-08-31 14:04:12 
TT 619 283.3 -48.8 275.5  03.8 3.88E-05 005.2 064.1 -47.6 0.248788 0.277946 0.047817 hargrave 2021-09-01 13:24:18 
TT 630 172.3 -69.0 236.1 -32.0 3.20E-05 005.3 321.0 -66.8 0.259173 0.074590 0.125889 hargrave 2021-09-02 08:38:58 
TT 640 056.2 -64.9 280.1 -56.7 3.03E-05 006.3 202.5 -67.6 0.204652 0.269439 0.028498 hargrave 2021-09-02 17:29:46 
TT 650 292.3 -42.8 283.6  07.1 3.36E-05 006.2 073.5 -42.0 0.086838 0.554717 0.089705 hargrave 2021-09-24 13:10:58 
TT 660 308.6 -10.6 314.8  25.9 5.91E-05 002.1 091.8 -10.7 0.131440 0.701677 0.076067 hargrave 2021-09-24 18:19:03 
TT 664 270.1 -42.9 267.8  11.6 2.82E-05 011.2 051.8 -41.1 0.271998 0.533479 0.101513 hargrave 2021-09-25 18:11:36 
