CS5- 6 mag compass orientation (IGRF corrected)
    1.8  15.2  36.0 351.2  54.9   1.0
NRM    043.5 -10.9 017.1 -48.2 1.57E-04 001.2 107.1 -25.3 0.305279 0.196162 0.303352 hargrave 2021-07-08 15:11:23 
TT 100 056.0 -30.6 356.0 -68.5 1.53E-04 001.6 103.4 -47.9 0.398974 0.149169 0.196251 hargrave 2021-07-09 14:27:31 
TT 150 068.1 -53.6 283.4 -69.4 1.78E-04 000.7 075.8 -68.3 0.161668 0.078485 0.355339 hargrave 2021-07-19 15:17:49 
TT 200 084.4 -66.5 258.6 -58.5 2.23E-04 000.8 030.7 -73.9 0.240680 0.259621 0.070989 hargrave 2021-07-20 11:24:58 
TT 250 101.4 -71.3 250.6 -52.3 2.56E-04 001.1 004.1 -72.7 0.371040 0.282016 0.095212 hargrave 2021-07-20 17:28:41 
TT 300 115.5 -72.5 246.2 -48.7 2.83E-04 001.3 350.5 -71.0 0.443970 0.466156 0.142461 hargrave 2021-07-21 14:31:45 
TT 350 128.2 -73.8 244.2 -45.1 2.93E-04 000.9 342.9 -68.1 0.423289 0.106028 0.156781 hargrave 2021-07-22 12:54:02 
TT 375 133.6 -74.7 244.4 -43.3 2.94E-04 001.2 341.7 -66.5 0.561069 0.101310 0.232007 hargrave 2021-07-22 18:43:33 
TT 400 136.4 -74.0 243.1 -42.9 2.96E-04 001.5 339.2 -66.4 0.635654 0.337688 0.228168 hargrave 2021-07-23 20:36:17 
TT 425 143.3 -72.4 240.2 -41.6 2.98E-04 001.4 333.1 -65.6 0.703359 0.101341 0.206713 hargrave 2021-07-25 10:50:44 
TT 450 144.5 -74.1 242.2 -40.8 2.94E-04 001.7 336.2 -64.5 0.709399 0.399118 0.262743 hargrave 2021-07-27 10:44:47 
TT 475 150.6 -74.1 241.8 -39.2 2.91E-04 001.2 334.6 -63.0 0.290132 0.483712 0.250276 hargrave 2021-07-28 17:24:00 
TT 500 156.8 -72.9 240.0 -37.5 2.88E-04 001.4 330.9 -61.7 0.314818 0.538783 0.280199 hargrave 2021-08-03 13:15:11 
TT 515 159.9 -73.3 240.5 -36.6 2.85E-04 001.4 331.2 -60.7 0.553443 0.301009 0.312398 hargrave 2021-08-04 13:07:34 
TT 530 168.4 -71.2 238.3 -33.8 2.80E-04 001.1 326.8 -58.4 0.312275 0.351613 0.311664 hargrave 2021-08-06 16:04:54 
TT 540 169.8 -72.5 239.9 -33.6 2.76E-04 001.1 329.2 -57.9 0.424698 0.123209 0.315292 hargrave 2021-08-09 16:45:23 
TT 550 173.5 -71.9 239.5 -32.4 2.71E-04 001.2 328.2 -56.8 0.187208 0.452994 0.326177 hargrave 2021-08-10 18:33:25 
TT 560 177.2 -73.8 242.0 -31.9 2.62E-04 001.7 331.8 -55.9 0.165183 0.675483 0.345124 hargrave 2021-08-11 15:24:34 
TT 566 182.5 -73.4 242.2 -30.3 2.55E-04 001.3 331.5 -54.3 0.456989 0.149980 0.326461 hargrave 2021-08-12 15:26:41 
TT 570 189.2 -67.8 237.6 -25.9 2.49E-04 002.4 323.8 -50.6 0.241652 0.950674 0.320016 hargrave 2021-08-13 13:49:33 
TT 573 195.2 -73.2 243.9 -27.0 2.39E-04 001.7 332.8 -50.8 0.527833 0.232108 0.417743 hargrave 2021-08-16 11:59:31 
TT 577 188.5 -69.5 239.1 -26.9 2.25E-04 002.4 326.0 -51.4 0.209365 0.888781 0.311510 hargrave 2021-08-17 11:08:53 
TT 580 183.0 -70.8 239.5 -29.2 2.20E-04 002.2 327.2 -53.6 0.046439 0.789968 0.306428 hargrave 2021-08-18 15:40:21 
TT 583 188.2 -69.4 238.9 -27.0 2.06E-04 003.1 325.8 -51.5 0.807996 0.711447 0.303193 hargrave 2021-08-19 17:47:51 
TT 586 181.9 -70.2 238.7 -29.3 2.12E-04 001.4 326.1 -53.8 0.392529 0.190633 0.299112 hargrave 2021-08-25 13:55:22 
TT 589 184.0 -67.4 236.2 -27.4 2.02E-04 001.8 322.1 -52.3 0.581662 0.146545 0.266522 hargrave 2021-08-26 12:02:48 
TT 600 183.1 -68.6 237.2 -28.3 1.97E-04 001.9 323.7 -53.0 0.540931 0.255442 0.295178 hargrave 2021-08-27 15:50:33 
TT 609 185.8 -74.1 243.4 -29.8 1.93E-04 002.1 333.0 -53.6 0.550016 0.344491 0.290955 hargrave 2021-08-31 14:08:13 
TT 619 189.2 -73.2 242.9 -28.5 1.78E-04 002.4 331.9 -52.4 0.606868 0.313761 0.274725 hargrave 2021-09-01 13:28:14 
TT 630 198.6 -66.6 238.7 -22.2 1.76E-04 003.0 324.6 -46.8 0.707738 0.524948 0.341196 hargrave 2021-09-02 08:43:26 
TT 640 194.1 -65.1 236.2 -22.8 1.50E-04 001.6 321.3 -47.6 0.219560 0.239896 0.287361 hargrave 2021-09-02 17:32:16 
TT 650 189.2 -63.9 233.9 -23.9 1.28E-04 003.5 318.3 -48.9 0.085795 0.762625 0.247005 hargrave 2021-09-24 13:16:04 
TT 660 170.8 -76.5 244.8 -34.1 9.63E-05 003.0 336.7 -57.5 0.427618 0.210193 0.203328 hargrave 2021-09-24 18:24:08 
TT 664 228.0 -74.7 252.2 -21.9 1.02E-04 003.3 342.0 -44.1 0.292229 0.458727 0.256516 hargrave 2021-09-25 18:16:40 
