CS5- 1 mag compass orientation (IGRF corrected)
    0.3 280.2  84.0 351.2  54.9   1.0
NRM    343.6  62.5 047.5  34.0 1.19E-03 003.1 167.4 -18.6 1.525804 6.240578 1.241702 hargrave 2021-07-08 15:04:16 
TT 100 342.0  61.2 045.9  34.5 1.16E-03 000.6 166.0 -19.3 0.387981 0.867991 0.848384 hargrave 2021-07-09 14:20:31 
TT 150 339.4  61.4 045.8  35.7 1.12E-03 001.0 165.0 -18.5 0.240428 1.742801 0.852524 hargrave 2021-07-19 15:10:40 
TT 200 337.2  60.7 044.8  36.7 1.01E-03 003.2 163.7 -18.5 1.321007 5.420494 0.823063 hargrave 2021-07-20 11:16:24 
TT 250 330.4  59.0 042.2  39.9 9.14E-04 001.7 159.8 -17.7 1.243340 2.317023 0.734774 hargrave 2021-07-20 17:19:13 
TT 300 344.0  64.2 049.6  34.2 8.40E-04 000.7 168.4 -17.1 0.249419 0.756818 0.706803 hargrave 2021-07-21 14:24:31 
TT 350 337.6  62.4 046.8  36.7 7.45E-04 000.5 164.8 -17.2 0.354201 0.507074 0.598287 hargrave 2021-07-22 12:46:49 
TT 375 355.0  65.6 052.7  30.0 6.69E-04 011.3 173.5 -17.5 1.852563 13.21955 0.705816 hargrave 2021-07-22 18:36:19 
TT 375 336.2  62.2 046.5  37.4 6.79E-04 003.3 164.1 -17.0 0.795130 3.804613 0.607278 hargrave 2021-07-22 19:41:53 
TT 400 330.5  59.6 043.0  39.9 6.30E-04 002.6 160.3 -17.3 0.614031 2.775079 0.524681 hargrave 2021-07-23 20:29:50 
TT 425 332.7  61.0 044.9  38.9 5.88E-04 002.7 162.1 -16.9 0.577429 2.740750 0.496573 hargrave 2021-07-25 10:43:27 
TT 450 332.6  61.4 045.3  39.0 5.35E-04 001.1 162.2 -16.6 0.202221 1.040414 0.445944 hargrave 2021-07-27 10:37:43 
TT 475 331.6  61.3 045.2  39.5 4.89E-04 002.0 161.8 -16.4 0.218316 1.701238 0.396317 hargrave 2021-07-28 17:16:08 
TT 500 327.9  60.6 044.3  41.2 4.59E-04 000.8 159.9 -15.6 0.559594 0.422596 0.354591 hargrave 2021-08-03 13:07:15 
TT 515 323.5  59.8 043.2  43.4 4.24E-04 000.5 157.7 -14.7 0.237851 0.205596 0.349827 hargrave 2021-08-04 13:01:13 
TT 530 326.9  63.0 047.4  41.6 3.98E-04 004.6 161.3 -13.6 0.842148 3.062185 0.357221 hargrave 2021-08-06 15:57:35 
TT 540 330.3  64.0 048.8  40.1 3.77E-04 001.7 163.2 -13.9 0.152758 1.095286 0.309756 hargrave 2021-08-09 16:38:15 
TT 550 323.7  60.7 044.4  43.3 3.48E-04 007.2 158.5 -14.1 1.367893 4.163393 0.287033 hargrave 2021-08-10 18:27:02 
TT 560 316.7  57.4 040.2  47.2 3.29E-04 004.5 153.5 -13.3 0.952176 2.384945 0.283032 hargrave 2021-08-11 15:16:02 
TT 566 317.1  60.9 045.2  46.5 3.07E-04 001.3 156.6 -11.5 0.186304 0.649406 0.251401 hargrave 2021-08-12 15:19:33 
TT 570 317.3  61.7 046.4  46.2 2.86E-04 003.3 157.3 -11.1 0.454693 1.597464 0.235341 hargrave 2021-08-13 13:42:17 
TT 573 315.7  56.2 038.5  47.9 2.67E-04 001.0 152.2 -13.6 0.188170 0.411312 0.248328 hargrave 2021-08-16 11:52:09 
TT 577 315.3  58.4 041.9  47.8 2.46E-04 002.7 154.0 -12.1 0.305324 1.152019 0.196968 hargrave 2021-08-17 11:01:49 
TT 580 313.0  61.8 047.3  48.2 2.30E-04 002.1 156.3 -09.3 0.184328 0.862884 0.185513 hargrave 2021-08-18 15:33:57 
TT 583 319.5  61.1 045.3  45.3 2.17E-04 001.6 157.5 -12.3 0.085011 0.603550 0.174175 hargrave 2021-08-19 17:41:30 
TT 586 316.8  62.5 047.7  46.3 1.98E-04 003.8 157.9 -10.4 0.393741 1.257600 0.189641 hargrave 2021-08-25 13:48:54 
TT 589 318.6  61.2 045.6  45.7 1.72E-04 000.9 157.3 -11.9 0.290052 0.147302 0.152448 hargrave 2021-08-26 11:56:26 
TT 600 341.1  61.7 046.4  35.0 1.41E-04 003.2 165.9 -18.6 0.095485 0.805443 0.107138 hargrave 2021-08-27 15:44:09 
TT 609 335.9  64.5 049.4  37.7 1.23E-04 002.5 165.4 -15.0 0.116467 0.519393 0.144141 hargrave 2021-08-31 14:01:55 
TT 619 330.9  64.0 048.7  39.8 1.13E-04 001.9 163.4 -14.1 0.074476 0.379559 0.120850 hargrave 2021-09-01 13:22:01 
TT 630 320.0  61.5 045.8  45.0 8.29E-05 001.1 158.0 -12.2 0.202372 0.084265 0.150080 hargrave 2021-09-02 08:36:45 
TT 640 344.0  57.4 041.7  32.6 9.89E-05 003.6 165.0 -23.1 0.102182 0.655562 0.074924 hargrave 2021-09-02 17:25:29 
TT 650 329.7  52.9 034.2  39.7 7.88E-05 005.6 155.0 -21.9 0.056653 0.838050 0.264041 hargrave 2021-09-24 13:07:39 
TT 660 032.3  69.6 064.8  20.5 6.88E-05 007.8 187.7 -12.9 0.070559 0.938771 0.089999 hargrave 2021-09-24 18:15:46 
TT 664 340.6  37.3 018.9  27.8 3.67E-05 010.1 149.8 -38.6 0.061062 0.729413 0.230429 hargrave 2021-09-25 18:08:17 
