CS6- 4 mag compass orientation (IGRF corrected)
    4.9 225.2  38.0 354.4  54.4   1.0
NRM    276.2 -01.3 283.6  51.5 2.07E-04 001.0 133.5 -29.8 0.135356 0.228011 0.248315 hargrave 2021-07-08 15:22:48 
TT 100 272.7 -06.2 276.7  47.5 2.12E-04 001.7 127.3 -32.4 0.543026 0.262689 0.254011 hargrave 2021-07-09 14:38:18 
TT 150 273.1 -07.6 276.9  46.1 2.12E-04 001.3 126.9 -33.8 0.386929 0.179866 0.254352 hargrave 2021-07-19 15:27:15 
TT 200 272.0 -08.7 275.0  45.1 2.13E-04 002.0 125.0 -34.2 0.663666 0.225310 0.262917 hargrave 2021-07-20 11:36:24 
TT 250 269.7 -09.4 271.8  44.8 2.09E-04 001.9 122.3 -33.7 0.649236 0.217926 0.218602 hargrave 2021-07-20 17:40:56 
TT 300 273.3 -04.1 278.1  49.5 2.07E-04 001.4 129.1 -30.9 0.443852 0.210845 0.246227 hargrave 2021-07-21 14:41:51 
TT 350 274.6 -00.1 281.5  53.1 2.13E-04 001.8 132.6 -27.9 0.509395 0.329287 0.305685 hargrave 2021-07-22 13:03:38 
TT 375 271.9 -01.8 276.6  51.9 2.12E-04 005.4 128.9 -28.2 1.613584 1.131436 0.264817 hargrave 2021-07-22 18:53:06 
TT 400 277.9  00.8 287.2  53.0 2.12E-04 002.3 136.3 -28.6 0.477054 0.649021 0.306102 hargrave 2021-07-23 20:45:37 
TT 425 274.4 -00.8 280.9  52.4 2.12E-04 002.5 131.9 -28.5 0.728723 0.497585 0.318991 hargrave 2021-07-25 11:00:23 
TT 450 271.8 -02.0 276.3  51.8 2.07E-04 002.8 128.7 -28.3 0.855744 0.484856 0.287626 hargrave 2021-07-27 10:54:13 
TT 475 273.2 -01.2 278.9  52.3 1.97E-04 002.1 130.6 -28.3 0.679097 0.233329 0.252334 hargrave 2021-07-28 17:33:18 
TT 500 275.2 -00.2 282.4  52.8 1.91E-04 002.6 133.0 -28.3 0.541392 0.629568 0.250243 hargrave 2021-08-03 13:26:08 
TT 515 272.2 -01.4 277.3  52.3 1.80E-04 001.5 129.5 -28.0 0.393791 0.188081 0.226935 hargrave 2021-08-04 13:16:59 
TT 530 276.2  00.5 284.4  53.2 1.66E-04 001.9 134.5 -28.1 0.454597 0.230414 0.223124 hargrave 2021-08-06 16:14:35 
TT 540 272.1 -00.8 277.3  52.9 1.51E-04 003.3 129.7 -27.5 0.765602 0.398018 0.181433 hargrave 2021-08-09 16:55:25 
TT 550 271.8 -00.5 276.8  53.3 1.23E-04 005.6 129.5 -27.0 1.024677 0.624992 0.146241 hargrave 2021-08-10 18:42:52 
TT 560 274.7  01.9 282.5  55.0 9.10E-05 002.8 133.7 -26.2 0.380939 0.221582 0.120183 hargrave 2021-08-11 15:35:35 
TT 566 274.9  01.2 282.5  54.2 7.38E-05 001.5 133.5 -26.9 0.170228 0.160013 0.103680 hargrave 2021-08-12 15:37:42 
TT 570 274.1  06.2 283.5  59.3 4.27E-05 004.9 135.1 -22.1 0.211245 0.303248 0.062944 hargrave 2021-08-13 13:58:57 
TT 573 277.7  09.9 292.8  61.6 2.76E-05 003.3 140.2 -20.3 0.138898 0.087940 0.046810 hargrave 2021-08-16 12:09:53 
TT 577 280.1  12.6 299.9  63.0 1.89E-05 004.6 143.6 -18.6 0.059194 0.152194 0.020415 hargrave 2021-08-17 11:18:19 
TT 580 273.9  10.6 285.7  63.5 1.73E-05 002.8 136.9 -18.0 0.035708 0.093928 0.020708 hargrave 2021-08-18 15:49:48 
TT 583 283.5  17.9 313.0  65.5 1.53E-05 003.4 148.8 -14.8 0.023669 0.103215 0.018592 hargrave 2021-08-19 17:57:14 
TT 586 269.5  13.1 277.3  67.0 1.56E-05 001.7 134.2 -13.9 0.033260 0.071887 0.013176 hargrave 2021-08-25 14:04:48 
TT 589 278.4  17.3 302.2  67.8 1.44E-05 002.4 143.9 -13.7 0.023317 0.079065 0.016025 hargrave 2021-08-26 12:12:08 
TT 600 280.7  17.3 307.0  66.7 1.51E-05 004.2 146.1 -14.5 0.028244 0.119539 0.018809 hargrave 2021-08-27 16:01:18 
TT 609 287.4  31.5 348.8  70.4 8.97E-06 002.9 156.5 -03.0 0.037791 0.048916 0.019111 hargrave 2021-08-31 14:16:58 
TT 619 289.5  33.4 355.6  69.2 9.20E-06 002.3 158.8 -01.7 0.033308 0.039119 0.015283 hargrave 2021-09-01 13:37:34 
TT 630 057.1  10.8 050.1 -36.9 5.07E-06 004.8 272.6  15.8 0.037554 0.053129 0.036741 hargrave 2021-09-02 08:50:59 
TT 640 249.2  18.7 222.0  68.4 1.43E-05 007.3 120.1  00.9 0.224979 0.054638 0.026445 hargrave 2021-09-02 17:40:03 
TT 650 199.8 -15.4 202.1  10.4 1.91E-05 005.9 060.6  02.6 0.073133 0.313887 0.144923 hargrave 2021-09-24 13:24:53 
TT 660 316.5  43.1 021.4  49.7 1.76E-05 020.7 181.0  05.1 0.058053 0.659679 0.088179 hargrave 2021-09-24 18:33:41 
TT 660 346.8  40.9 026.8  27.5 1.61E-05 006.1 203.5  06.9 0.050444 0.182969 0.033067 hargrave 2021-09-25 12:45:44 
TT 664 271.7  28.4 307.0  80.5 1.71E-05 011.7 142.7 -01.1 0.061950 0.432879 0.119055 hargrave 2021-09-25 18:25:25 
