CS6- 6 mag compass orientation (IGRF corrected)
      1 174.2  42.0 354.4  54.4   1.0
NRM    270.2  03.8 275.3  57.7 4.22E-04 003.3 187.6 -37.9 0.556440 2.284356 0.725585 hargrave 2021-07-08 15:25:36 
TT 100 264.8 -02.9 265.1  51.5 4.39E-04 001.3 180.9 -44.9 0.445791 0.572134 0.702845 hargrave 2021-07-09 14:41:04 
TT 150 263.2 -07.2 262.6  47.2 4.54E-04 002.3 178.5 -49.2 0.617799 1.542040 0.720871 hargrave 2021-07-19 15:30:02 
TT 200 258.7 -09.8 256.6  44.3 4.65E-04 001.5 171.3 -51.5 0.623454 0.714935 0.765923 hargrave 2021-07-20 11:39:44 
TT 250 258.9 -11.0 256.9  43.1 4.67E-04 001.9 171.3 -52.7 0.860198 1.043477 0.722282 hargrave 2021-07-20 17:45:04 
TT 300 258.0 -12.5 256.0  41.6 4.72E-04 001.7 169.6 -54.1 0.677311 1.011194 0.760083 hargrave 2021-07-21 14:45:19 
TT 350 256.9 -12.9 254.6  41.0 5.10E-04 001.5 167.7 -54.4 0.981212 0.310961 0.852805 hargrave 2021-07-22 13:07:11 
TT 375 257.9 -13.0 256.0  41.0 5.11E-04 002.3 169.4 -54.6 0.577511 1.776615 0.809300 hargrave 2021-07-22 18:55:56 
TT 400 255.0 -13.9 252.5  39.7 4.99E-04 002.7 164.3 -55.0 0.248740 2.237375 0.707365 hargrave 2021-07-23 20:48:23 
TT 425 256.8 -13.6 254.7  40.3 4.88E-04 001.3 167.4 -55.1 0.683725 0.455352 0.721977 hargrave 2021-07-25 11:04:02 
TT 450 256.4 -14.0 254.3  39.9 4.67E-04 001.2 166.6 -55.4 0.720783 0.185793 0.711451 hargrave 2021-07-27 10:57:03 
TT 475 256.6 -14.1 254.5  39.8 4.53E-04 002.1 166.9 -55.5 0.496078 1.424342 0.639065 hargrave 2021-07-28 17:36:45 
TT 500 254.8 -14.3 252.4  39.3 4.47E-04 003.1 163.9 -55.4 0.296006 2.303670 0.676572 hargrave 2021-08-03 13:29:37 
TT 515 253.6 -14.5 250.9  38.9 4.41E-04 003.7 161.7 -55.4 0.172888 2.792887 0.632211 hargrave 2021-08-04 13:19:46 
TT 530 255.4 -14.1 253.1  39.6 4.34E-04 002.8 165.0 -55.3 0.275314 2.009799 0.661956 hargrave 2021-08-06 16:17:23 
TT 540 257.4 -13.7 255.4  40.3 4.24E-04 001.5 168.3 -55.2 0.692004 0.637241 0.547850 hargrave 2021-08-09 16:58:11 
TT 550 254.3 -13.8 251.7  39.7 3.97E-04 001.6 163.2 -54.9 0.481796 0.800570 0.593925 hargrave 2021-08-10 18:46:21 
TT 560 254.8 -13.5 252.2  40.1 3.05E-04 002.0 164.1 -54.6 0.239220 0.960290 0.465032 hargrave 2021-08-11 15:39:11 
TT 566 252.1 -14.2 249.0  38.9 2.31E-04 002.1 159.3 -54.7 0.135918 0.798588 0.315674 hargrave 2021-08-12 15:41:16 
TT 570 244.2 -19.1 241.8  32.0 8.76E-05 002.5 143.8 -56.9 0.110231 0.361993 0.091666 hargrave 2021-08-13 14:01:44 
TT 573 231.8 -22.6 231.3  24.1 6.48E-05 001.9 123.0 -53.8 0.133049 0.161097 0.050469 hargrave 2021-08-16 12:12:42 
TT 577 221.5 -25.6 224.6  16.6 5.08E-05 001.4 108.3 -49.9 0.060716 0.116003 0.040341 hargrave 2021-08-17 11:21:09 
TT 580 218.4 -24.0 221.3  16.2 4.46E-05 001.8 107.1 -46.8 0.073913 0.130070 0.037614 hargrave 2021-08-18 15:52:35 
TT 583 214.4 -22.5 217.3  15.1 4.26E-05 001.9 104.9 -43.1 0.092778 0.126215 0.027334 hargrave 2021-08-19 18:00:01 
TT 586 209.7 -23.1 214.3  11.8 4.24E-05 002.1 100.2 -40.5 0.077116 0.145046 0.049529 hargrave 2021-08-25 14:07:35 
TT 589 211.3 -21.2 214.1  14.1 3.75E-05 001.8 103.3 -40.2 0.058240 0.122010 0.034366 hargrave 2021-08-26 12:14:54 
TT 600 192.7 -21.6 202.4  01.3 4.71E-05 002.7 088.2 -28.1 0.209184 0.117639 0.038592 hargrave 2021-08-27 16:04:06 
TT 609 177.1 -19.9 192.2 -09.3 3.18E-05 001.7 078.5 -16.5 0.105285 0.126303 0.041189 hargrave 2021-08-31 14:19:25 
TT 619 157.3 -10.5 173.1 -19.9 3.82E-05 003.0 070.4  03.2 0.131169 0.179967 0.080428 hargrave 2021-09-01 13:40:00 
TT 630 122.2 -11.2 148.4 -48.0 4.49E-05 002.0 040.6  21.9 0.056343 0.079612 0.149983 hargrave 2021-09-02 08:53:22 
TT 640 129.3 -12.7 156.4 -43.6 4.02E-05 002.2 046.3  17.3 0.192687 0.115137 0.082071 hargrave 2021-09-02 17:43:34 
TT 650 139.6 -13.4 164.8 -35.9 6.95E-05 002.3 054.8  11.4 0.175265 0.413590 0.162744 hargrave 2021-09-24 13:28:07 
TT 660 132.4 -08.8 154.9 -38.8 2.59E-05 011.5 051.2  19.1 0.137989 0.574312 0.128091 hargrave 2021-09-24 18:36:53 
TT 660 118.4 -10.7 143.9 -50.4 2.65E-05 003.8 037.1  24.0 0.122256 0.180093 0.074220 hargrave 2021-09-25 12:50:01 
TT 664 139.5  16.8 139.2 -16.1 2.77E-05 007.0 075.0  35.4 0.157742 0.419238 0.089464 hargrave 2021-09-25 18:28:39 
