CS6- 2 mag compass orientation (IGRF corrected)
    2.1 146.2  34.0 354.4  54.4   1.0
NRM    286.5  01.6 300.4  50.3 7.31E-04 001.6 234.6 -19.5 1.301510 1.325909 0.853994 hargrave 2021-07-08 15:20:22 
TT 100 287.3 -02.3 298.7  46.5 7.29E-04 000.9 237.3 -22.6 0.704434 0.846342 0.562092 hargrave 2021-07-09 14:35:52 
TT 150 286.6 -05.2 296.1  44.2 7.25E-04 000.8 238.2 -25.5 0.792436 0.200554 0.561351 hargrave 2021-07-19 15:24:47 
TT 200 287.3 -06.9 295.9  42.3 7.16E-04 000.5 239.8 -26.7 0.137428 0.316166 0.585855 hargrave 2021-07-20 11:32:32 
TT 250 293.3 -11.2 300.1  35.8 6.80E-04 007.1 248.0 -27.4 7.813822 3.323353 0.478240 hargrave 2021-07-20 17:37:07 
TT 300 284.3 -05.9 292.8  44.5 6.48E-04 001.7 236.4 -27.2 1.433648 1.260114 0.505628 hargrave 2021-07-21 14:39:24 
TT 350 286.9 -07.5 295.0  41.9 6.96E-04 000.7 239.7 -27.4 0.722722 0.202549 0.544811 hargrave 2021-07-22 13:01:07 
TT 375 281.4 -04.7 289.5  46.6 6.79E-04 003.5 232.8 -27.5 3.073823 2.766245 0.564134 hargrave 2021-07-22 18:50:33 
TT 400 281.8 -04.9 289.9  46.3 6.48E-04 000.8 233.3 -27.4 0.619290 0.253432 0.655307 hargrave 2021-07-23 20:43:10 
TT 425 284.1 -06.1 292.3  44.4 6.27E-04 001.1 236.2 -27.4 0.756368 0.826684 0.534234 hargrave 2021-07-25 10:57:49 
TT 450 284.5 -06.2 292.8  44.1 6.07E-04 001.2 236.7 -27.4 0.853974 0.840459 0.498246 hargrave 2021-07-27 10:51:42 
TT 475 284.6 -06.2 293.0  44.1 5.88E-04 001.2 236.8 -27.3 0.995104 0.536654 0.449959 hargrave 2021-07-28 17:30:52 
TT 500 284.0 -06.0 292.3  44.5 5.74E-04 000.7 236.1 -27.4 0.484478 0.173186 0.446152 hargrave 2021-08-03 13:23:40 
TT 515 285.4 -06.9 293.6  43.1 5.51E-04 003.1 238.0 -27.6 2.609894 1.358560 0.436164 hargrave 2021-08-04 13:14:31 
TT 530 285.7 -07.0 293.9  42.9 5.30E-04 000.6 238.3 -27.5 0.367891 0.181143 0.410950 hargrave 2021-08-06 16:11:59 
TT 540 282.5 -05.8 290.5  45.2 4.99E-04 004.8 234.5 -27.9 3.316107 2.556349 0.377991 hargrave 2021-08-09 16:52:58 
TT 550 283.6 -06.2 291.6  44.4 4.39E-04 000.8 235.8 -27.8 0.476148 0.288645 0.345182 hargrave 2021-08-10 18:40:25 
TT 560 282.7 -05.2 291.0  45.7 3.68E-04 000.5 234.3 -27.3 0.140184 0.136844 0.297615 hargrave 2021-08-11 15:33:06 
TT 566 281.2 -04.4 289.4  47.0 3.28E-04 000.9 232.5 -27.3 0.393886 0.294261 0.272405 hargrave 2021-08-12 15:35:11 
TT 570 282.8 -05.1 291.2  45.8 2.18E-04 001.5 234.4 -27.2 0.390695 0.416688 0.186620 hargrave 2021-08-13 13:56:29 
TT 573 283.5 -04.7 292.3  45.9 1.40E-04 001.4 234.9 -26.5 0.240186 0.250677 0.100927 hargrave 2021-08-16 12:07:23 
TT 577 283.3 -06.8 291.0  44.1 6.97E-05 001.0 235.8 -28.4 0.110976 0.157906 0.047006 hargrave 2021-08-17 11:15:51 
TT 580 274.9 -06.4 279.8  46.9 4.33E-05 002.0 226.9 -31.7 0.114489 0.132329 0.038297 hargrave 2021-08-18 15:47:20 
TT 583 276.6 -14.6 279.5  38.5 3.65E-05 001.5 233.1 -38.4 0.042683 0.113085 0.025737 hargrave 2021-08-19 17:54:47 
TT 586 280.5 -06.6 287.4  45.1 3.65E-05 001.5 232.9 -29.6 0.065529 0.113397 0.029755 hargrave 2021-08-25 14:02:17 
TT 589 281.9 -01.7 291.9  49.3 3.59E-05 002.4 231.8 -24.5 0.131667 0.127230 0.028099 hargrave 2021-08-26 12:09:40 
TT 600 264.5 -03.1 264.6  51.3 3.25E-05 001.7 214.2 -32.5 0.088822 0.070213 0.033369 hargrave 2021-08-27 15:58:49 
TT 609 268.2 -14.5 269.2  39.8 3.32E-05 001.1 223.5 -41.8 0.041833 0.048735 0.030063 hargrave 2021-08-31 14:14:28 
TT 619 256.5  01.8 250.4  55.4 2.38E-05 003.5 203.6 -29.9 0.073448 0.136042 0.023019 hargrave 2021-09-01 13:35:05 
TT 630 287.5  03.4 303.2  51.4 2.02E-05 002.5 234.7 -17.4 0.076748 0.048449 0.018070 hargrave 2021-09-02 08:48:37 
TT 640 243.1 -02.9 232.5  46.6 1.69E-05 003.8 188.6 -36.6 0.046291 0.106000 0.008756 hargrave 2021-09-02 17:37:43 
TT 650 255.9 -03.7 251.1  49.8 1.67E-05 012.3 204.3 -35.4 0.108955 0.340897 0.075692 hargrave 2021-09-24 13:21:59 
TT 650 258.4 -03.1 254.9  50.9 1.65E-05 005.2 207.2 -34.1 0.065280 0.138601 0.020829 hargrave 2021-09-24 14:08:46 
TT 660 197.8  26.8 163.3  33.5 8.94E-06 015.5 146.4 -01.0 0.036297 0.292535 0.065497 hargrave 2021-09-24 18:30:48 
TT 660 225.4  38.5 157.2  59.0 4.92E-06 007.6 171.5  05.0 0.031055 0.061229 0.018601 hargrave 2021-09-25 12:42:49 
TT 664 248.3  06.9 233.4  57.7 1.55E-05 013.3 193.5 -26.3 0.089123 0.348287 0.083402 hargrave 2021-09-25 18:22:32 
