CS6- 7 mag compass orientation (IGRF corrected)
    0.8  15.2  51.0 354.4  54.4   1.0
NRM    287.4  06.9 306.1  54.4 6.63E-04 001.1 004.1  57.8 0.579020 1.028502 0.600393 hargrave 2021-07-08 15:26:55 
TT 100 283.8  01.4 296.5  51.4 6.52E-04 000.9 357.7  52.4 0.657230 0.394911 0.650575 hargrave 2021-07-09 14:42:19 
TT 150 279.2 -07.8 285.1  44.5 6.49E-04 001.5 351.8  42.9 0.371278 1.423470 0.751235 hargrave 2021-07-19 15:31:20 
TT 200 280.0 -10.1 285.3  42.0 6.44E-04 001.2 353.3  40.7 0.330687 1.119072 0.765433 hargrave 2021-07-20 11:41:17 
TT 250 276.4 -11.1 280.4  42.0 6.39E-04 001.5 348.9  39.3 0.228181 1.452155 0.791784 hargrave 2021-07-20 17:46:37 
TT 300 276.3 -13.0 279.7  40.1 6.38E-04 001.3 349.1  37.3 0.357105 1.155596 0.837920 hargrave 2021-07-21 14:46:35 
TT 350 276.6 -14.3 279.7  38.8 6.65E-04 001.0 349.7  36.1 0.582913 0.242034 0.925533 hargrave 2021-07-22 13:08:32 
TT 375 275.5 -14.5 278.3  38.8 6.71E-04 001.0 348.5  35.7 0.539796 0.274956 0.960596 hargrave 2021-07-22 18:57:13 
TT 400 273.9 -14.6 276.3  39.0 6.71E-04 002.8 346.5  35.4 0.317668 3.107996 0.922658 hargrave 2021-07-23 20:49:39 
TT 425 270.0 -14.1 271.5  40.0 6.69E-04 003.3 341.9  35.0 0.735264 3.721529 0.872785 hargrave 2021-07-25 11:05:21 
TT 450 275.8 -15.6 278.4  37.6 6.59E-04 000.9 349.0  34.7 0.471996 0.172871 0.873440 hargrave 2021-07-27 10:58:19 
TT 475 275.2 -16.2 277.5  37.2 6.47E-04 001.1 348.4  34.0 0.650539 0.476662 0.889927 hargrave 2021-07-28 17:38:01 
TT 500 276.1 -16.7 278.3  36.5 6.39E-04 002.6 349.5  33.6 0.985970 2.606271 0.911470 hargrave 2021-08-03 13:30:53 
TT 515 274.7 -16.9 276.7  36.6 6.32E-04 001.1 347.9  33.3 0.374479 0.780526 0.905349 hargrave 2021-08-04 13:21:05 
TT 530 275.5 -17.5 277.5  35.9 6.20E-04 000.9 349.0  32.8 0.520917 0.175229 0.892055 hargrave 2021-08-06 16:18:40 
TT 540 276.0 -18.0 278.0  35.2 6.08E-04 001.6 349.7  32.3 0.706871 1.296340 0.876274 hargrave 2021-08-09 16:59:27 
TT 550 271.4 -18.3 272.6  35.7 5.74E-04 001.2 344.7  31.2 0.591058 0.529162 0.861852 hargrave 2021-08-10 18:47:36 
TT 560 272.3 -19.7 273.4  34.2 4.63E-04 001.4 346.0  30.1 0.528487 0.701491 0.692000 hargrave 2021-08-11 15:40:30 
TT 566 269.0 -20.1 269.7  34.1 3.59E-04 001.9 342.6  29.0 0.165376 1.039220 0.527359 hargrave 2021-08-12 15:42:32 
TT 570 269.7 -22.4 270.2  31.8 8.12E-05 002.8 343.9  26.9 0.183486 0.331858 0.144798 hargrave 2021-08-13 14:03:42 
TT 573 269.3 -15.1 270.5  39.1 4.45E-05 001.4 341.4  33.9 0.094173 0.088242 0.063434 hargrave 2021-08-16 12:14:40 
TT 577 272.0  09.7 281.3  63.2 2.18E-05 002.9 334.6  58.4 0.085385 0.058786 0.036836 hargrave 2021-08-17 11:22:25 
TT 580 276.1 -01.0 283.5  51.8 2.08E-05 003.4 346.0  49.1 0.046186 0.112266 0.023790 hargrave 2021-08-18 15:54:33 
TT 583 270.0 -10.2 272.1  43.9 1.33E-05 002.9 340.7  38.8 0.041100 0.040543 0.049217 hargrave 2021-08-19 18:01:17 
TT 586 273.5 -23.2 274.2  30.6 1.62E-05 001.2 348.0  26.9 0.023914 0.023085 0.018175 hargrave 2021-08-25 14:09:34 
TT 589 247.3 -21.4 245.8  30.7 1.92E-05 001.8 322.5  19.9 0.035998 0.048931 0.024814 hargrave 2021-08-26 12:16:53 
TT 600 258.7 -27.5 258.8  26.7 1.51E-05 002.5 335.3  19.1 0.045114 0.035207 0.053084 hargrave 2021-08-27 16:05:23 
TT 609 249.4  06.7 235.4  58.0 1.04E-05 004.0 305.6  44.4 0.042750 0.066845 0.043147 hargrave 2021-08-31 14:22:29 
TT 619 112.4  48.7 102.4 -02.1 5.44E-06 005.5 184.7 -02.1 0.016572 0.046923 0.022485 hargrave 2021-09-01 13:43:42 
TT 630 197.7  35.4 153.7  36.8 1.68E-05 002.7 242.3  23.1 0.052399 0.046180 0.053477 hargrave 2021-09-02 08:56:15 
TT 640 099.1  36.7 096.6 -16.4 1.12E-05 003.5 174.9 -14.1 0.046733 0.069208 0.011198 hargrave 2021-09-02 17:45:30 
TT 650 037.0  20.9 038.1 -17.8 4.95E-06 023.0 119.7 -02.6 0.023579 0.290273 0.104314 hargrave 2021-09-24 13:31:40 
TT 650 031.7  27.2 038.5 -09.9 4.03E-06 015.6 121.1  05.3 0.022082 0.170814 0.023700 hargrave 2021-09-24 14:15:53 
TT 660 156.8  46.1 127.5  14.4 6.06E-06 033.7 213.2  06.8 0.064952 0.409415 0.078399 hargrave 2021-09-24 18:40:26 
TT 660 191.2  32.0 154.9  30.5 7.41E-06 006.8 242.1  16.7 0.016832 0.161157 0.029314 hargrave 2021-09-25 12:51:33 
TT 664 232.8  25.5 186.0  61.2 1.53E-05 008.0 271.0  44.4 0.099947 0.340268 0.078784 hargrave 2021-09-25 18:32:11 
