CS6- 5 mag compass orientation (IGRF corrected)
    2.1 243.2  58.0 354.4  54.4   1.0
NRM    273.0  00.7 279.2  54.2 4.33E-04 000.9 107.5 -24.5 0.514712 0.271001 0.370808 hargrave 2021-07-08 15:24:19 
TT 100 271.9 -03.0 276.3  50.8 4.39E-04 000.5 103.5 -25.8 0.201666 0.111895 0.310834 hargrave 2021-07-09 14:39:48 
TT 150 271.5 -04.1 275.4  49.7 4.45E-04 002.9 102.2 -26.1 2.133115 0.612824 0.323830 hargrave 2021-07-19 15:28:45 
TT 200 271.3 -04.8 274.9  49.1 4.44E-04 004.0 101.4 -26.2 2.959083 0.759376 0.325869 hargrave 2021-07-20 11:38:11 
TT 250 269.0 -07.8 271.1  46.3 4.29E-04 002.4 097.2 -26.0 1.738658 0.351034 0.308717 hargrave 2021-07-20 17:42:43 
TT 300 268.2 -09.4 269.7  44.9 4.15E-04 000.5 095.3 -26.1 0.126403 0.171479 0.302112 hargrave 2021-07-21 14:43:21 
TT 350 268.5 -08.3 270.2  45.9 4.26E-04 000.6 096.4 -25.8 0.290858 0.125029 0.314128 hargrave 2021-07-22 13:05:11 
TT 375 268.8 -08.2 270.6  46.0 4.23E-04 001.9 096.7 -26.0 1.378750 0.285721 0.311544 hargrave 2021-07-22 18:54:38 
TT 400 267.8 -09.4 269.2  44.8 4.22E-04 002.8 095.0 -25.8 2.002455 0.237575 0.308388 hargrave 2021-07-23 20:47:07 
TT 425 268.0 -08.9 269.4  45.4 4.16E-04 000.5 095.6 -25.7 0.128663 0.093556 0.314303 hargrave 2021-07-25 11:01:57 
TT 450 269.2 -06.2 271.6  47.9 4.08E-04 000.7 098.9 -25.3 0.253021 0.599814 0.289357 hargrave 2021-07-27 10:55:43 
TT 475 269.1 -06.3 271.3  47.9 3.93E-04 002.9 098.7 -25.2 1.908912 0.387265 0.285628 hargrave 2021-07-28 17:34:48 
TT 500 267.1 -09.0 268.2  45.3 3.85E-04 000.5 095.0 -25.0 0.237703 0.162241 0.278932 hargrave 2021-08-03 13:27:39 
TT 515 269.0 -05.4 271.4  48.8 3.76E-04 004.1 099.5 -24.7 2.620506 0.503028 0.275516 hargrave 2021-08-04 13:18:29 
TT 530 266.9 -08.9 267.9  45.5 3.64E-04 005.4 095.1 -24.7 3.407223 0.384967 0.282397 hargrave 2021-08-06 16:16:06 
TT 540 266.9 -08.0 268.0  46.4 3.55E-04 000.5 095.9 -24.3 0.177304 0.125587 0.272924 hargrave 2021-08-09 16:56:55 
TT 550 267.0 -07.4 268.2  46.9 3.36E-04 000.6 096.5 -24.1 0.236813 0.091184 0.254180 hargrave 2021-08-10 18:44:21 
TT 560 266.1 -09.3 266.8  45.1 2.88E-04 004.4 094.2 -24.3 2.173245 0.244543 0.258983 hargrave 2021-08-11 15:37:10 
TT 566 265.9 -11.1 266.5  43.3 2.40E-04 001.1 092.4 -25.0 0.443106 0.080777 0.193138 hargrave 2021-08-12 15:39:13 
TT 570 266.8 -11.1 267.6  43.2 1.14E-04 004.0 092.8 -25.8 0.784925 0.078294 0.091464 hargrave 2021-08-13 14:00:28 
TT 573 267.4 -12.0 268.3  42.3 7.81E-05 001.9 092.3 -26.7 0.254448 0.075374 0.054629 hargrave 2021-08-16 12:11:26 
TT 577 266.2 -16.7 266.6  37.6 5.04E-05 002.8 087.0 -28.1 0.238108 0.107636 0.053872 hargrave 2021-08-17 11:19:49 
TT 580 265.2 -14.9 265.4  39.5 4.62E-05 002.2 088.3 -26.3 0.176306 0.054518 0.037492 hargrave 2021-08-18 15:51:18 
TT 583 265.7 -14.2 266.0  40.2 4.02E-05 003.4 089.2 -26.4 0.236731 0.051529 0.035377 hargrave 2021-08-19 17:58:44 
TT 586 263.6 -18.0 263.4  36.4 4.13E-05 002.0 084.4 -26.4 0.134424 0.074338 0.035535 hargrave 2021-08-25 14:06:19 
TT 589 269.8 -11.6 271.5  42.5 3.63E-05 002.1 094.0 -28.6 0.123835 0.052624 0.044767 hargrave 2021-08-26 12:13:38 
TT 600 261.1 -10.7 260.0  43.6 3.81E-05 008.3 090.1 -20.8 0.556818 0.059914 0.033870 hargrave 2021-08-27 16:02:49 
TT 600 262.9 -08.2 262.2  46.2 3.72E-05 002.6 093.4 -21.0 0.161801 0.040128 0.027772 hargrave 2021-08-30 11:12:01 
TT 609 264.8 -20.6 264.9  33.8 2.50E-05 005.5 082.4 -28.6 0.123185 0.527376 0.038469 hargrave 2021-08-31 14:18:12 
TT 619 274.2 -18.5 275.8  35.1 1.54E-05 001.8 089.3 -35.6 0.045207 0.056557 0.030145 hargrave 2021-09-01 13:38:44 
TT 630 063.7 -45.5 315.6 -71.5 3.72E-06 009.6 311.0 -21.9 0.043441 0.022784 0.046261 hargrave 2021-09-02 08:52:10 
TT 630 073.2 -40.0 324.7 -80.2 4.55E-06 003.3 309.2 -13.1 0.024721 0.012843 0.008968 hargrave 2021-09-02 14:12:31 
TT 640 299.4  33.9 001.3  61.3 6.47E-06 006.4 151.2 -16.9 0.039090 0.098828 0.024077 hargrave 2021-09-02 17:41:16 
TT 650 279.6  07.2 294.2  58.3 9.66E-06 008.2 117.6 -25.7 0.025230 0.244116 0.061134 hargrave 2021-09-24 13:26:23 
TT 650 284.1  10.4 304.5  59.1 8.96E-06 006.3 123.6 -26.8 0.041259 0.113429 0.010724 hargrave 2021-09-24 14:14:12 
TT 660 303.4  40.4 015.2  59.1 4.16E-06 032.3 157.2 -12.6 0.045202 0.270707 0.060383 hargrave 2021-09-24 18:35:10 
TT 660 357.7  45.4 035.1  22.4 2.71E-06 022.3 197.2 -09.5 0.034801 0.109293 0.017786 hargrave 2021-09-25 12:47:14 
TT 664 247.6  01.4 236.2  52.4 1.01E-05 003.6 093.5 -03.0 0.026312 0.206807 0.067011 hargrave 2021-09-25 18:26:55 
