CS6- 8 mag compass orientation (IGRF corrected)
      5 260.2  56.0 354.4  54.4   1.0
NRM    281.0  06.2 295.7  56.9 2.34E-04 004.7 107.1 -13.4 1.860372 0.483792 0.174283 hargrave 2021-07-08 15:28:14 
TT 100 279.3  02.3 290.3  54.0 2.34E-04 004.7 102.9 -14.4 1.880891 0.355033 0.185738 hargrave 2021-07-09 14:43:41 
TT 150 279.2  00.9 289.2  52.7 2.33E-04 003.2 101.6 -15.1 1.273267 0.203598 0.176758 hargrave 2021-07-19 15:33:24 
TT 200 277.9 -01.5 286.0  50.8 2.32E-04 002.0 098.8 -15.4 0.776924 0.094596 0.188189 hargrave 2021-07-20 11:42:54 
TT 250 280.1  01.9 291.4  53.3 2.28E-04 001.6 103.1 -15.3 0.586705 0.141339 0.174710 hargrave 2021-07-20 17:48:14 
TT 300 279.0  00.6 288.8  52.5 2.28E-04 003.1 101.3 -15.1 1.224055 0.199428 0.180461 hargrave 2021-07-21 14:47:54 
TT 350 279.5  01.0 289.8  52.7 2.40E-04 002.6 101.9 -15.3 1.054273 0.216757 0.193548 hargrave 2021-07-22 13:09:53 
TT 375 280.3  02.4 291.9  53.6 2.38E-04 004.8 103.6 -15.2 1.921080 0.481604 0.184520 hargrave 2021-07-22 18:58:34 
TT 400 280.1  01.7 291.1  53.1 2.32E-04 004.5 102.9 -15.4 1.808259 0.350853 0.200633 hargrave 2021-07-23 20:50:57 
TT 425 277.7 -01.4 285.9  51.0 2.28E-04 005.2 098.8 -15.3 2.053553 0.276649 0.208032 hargrave 2021-07-25 11:07:28 
TT 450 279.5  01.0 289.8  52.6 2.22E-04 002.7 101.9 -15.3 1.001628 0.255467 0.192980 hargrave 2021-07-27 10:59:38 
TT 475 283.6  06.0 299.8  55.6 2.11E-04 007.9 108.7 -15.6 2.836755 0.825477 0.203016 hargrave 2021-07-28 17:40:04 
TT 500 280.0  01.2 290.8  52.7 2.03E-04 001.7 102.4 -15.6 0.559767 0.112853 0.167477 hargrave 2021-08-03 13:32:56 
TT 515 280.6  01.8 292.1  53.0 1.94E-04 001.3 103.3 -15.8 0.407995 0.135235 0.177045 hargrave 2021-08-04 13:23:05 
TT 530 279.6  00.6 289.8  52.2 1.71E-04 005.3 101.7 -15.7 1.543265 0.362595 0.174039 hargrave 2021-08-06 16:20:45 
TT 540 281.0  02.6 293.1  53.6 1.53E-04 001.6 104.2 -15.6 0.393395 0.142028 0.128127 hargrave 2021-08-09 17:01:26 
TT 550 281.7  02.9 294.5  53.6 1.20E-04 003.6 104.9 -16.0 0.724241 0.252192 0.103276 hargrave 2021-08-10 18:48:54 
TT 560 281.1  03.2 293.7  54.1 7.49E-05 003.8 104.8 -15.3 0.473993 0.171253 0.062188 hargrave 2021-08-11 15:42:30 
TT 566 283.7  07.6 301.3  56.8 4.66E-05 001.2 110.0 -14.8 0.082823 0.035673 0.046109 hargrave 2021-08-12 15:44:34 
TT 570 284.2  18.9 315.9  65.9 1.89E-05 001.6 119.2 -07.9 0.039181 0.053471 0.020520 hargrave 2021-08-13 14:05:46 
TT 573 294.8  26.6 343.7  62.6 1.73E-05 001.6 131.7 -09.9 0.030160 0.052572 0.018180 hargrave 2021-08-16 12:16:44 
TT 577 294.8  29.4 349.4  63.8 1.31E-05 003.4 133.6 -07.8 0.041024 0.073167 0.017051 hargrave 2021-08-17 11:23:44 
TT 580 292.9  16.3 324.6  58.1 1.42E-05 001.6 122.9 -15.9 0.022554 0.046140 0.012530 hargrave 2021-08-18 15:55:52 
TT 583 304.0  19.2 339.9  51.5 1.27E-05 001.9 133.2 -21.0 0.048265 0.045162 0.009779 hargrave 2021-08-19 18:02:36 
TT 586 302.2  29.0 353.6  57.6 1.13E-05 003.8 138.3 -12.4 0.018427 0.087348 0.009174 hargrave 2021-08-25 14:10:52 
TT 589 301.6  27.5 350.6  57.5 1.27E-05 001.8 136.9 -13.1 0.019215 0.048947 0.012386 hargrave 2021-08-26 12:18:11 
TT 600 319.8  17.2 348.9  37.8 1.05E-05 003.7 145.6 -31.2 0.017756 0.078663 0.007596 hargrave 2021-08-27 16:06:42 
TT 609 312.1  40.3 016.3  52.6 1.22E-05 005.6 151.6 -07.8 0.030863 0.128696 0.021241 hargrave 2021-08-31 14:23:42 
TT 619 300.1  17.4 334.0  53.6 1.16E-05 004.6 128.9 -19.9 0.032408 0.113532 0.027339 hargrave 2021-09-01 13:44:56 
TT 630 320.6  50.8 033.5  47.5 1.18E-05 007.4 161.8 -01.2 0.019318 0.158830 0.028661 hargrave 2021-09-02 08:57:24 
TT 640 316.0  33.9 007.7  48.1 1.24E-05 007.5 151.1 -14.9 0.023710 0.178953 0.011430 hargrave 2021-09-02 17:46:47 
TT 650 281.8  12.4 302.8  62.0 1.92E-05 007.9 112.6 -10.3 0.111139 0.407416 0.104381 hargrave 2021-09-24 13:33:08 
TT 660 319.8  48.5 030.0  47.9 1.75E-05 015.8 160.4 -03.1 0.023233 0.519017 0.069760 hargrave 2021-09-24 18:41:53 
TT 660 330.3  54.6 039.1  41.8 1.50E-05 013.3 168.6  00.2 0.047633 0.352754 0.042738 hargrave 2021-09-25 12:53:01 
TT 664 053.5  23.3 053.3 -24.3 1.57E-05 012.7 235.8 -06.9 0.142068 0.390559 0.072389 hargrave 2021-09-25 18:33:38 
