CS6- 3 mag compass orientation (IGRF corrected)
    4.4 227.2  18.0 354.4  54.4   1.0
NRM    293.3  16.6 325.4  58.0 3.22E-04 001.3 157.2  00.0 0.360983 0.392518 0.536462 hargrave 2021-07-08 15:21:34 
TT 100 289.8  13.7 317.0  58.4 3.17E-04 001.0 153.4 -02.4 0.127037 0.245286 0.484876 hargrave 2021-07-09 14:37:04 
TT 150 294.5  12.9 322.1  54.7 3.11E-04 002.5 157.8 -03.7 0.557553 1.164290 0.480649 hargrave 2021-07-19 15:26:01 
TT 200 288.9  11.5 313.1  57.3 3.08E-04 001.2 152.2 -04.4 0.178712 0.384976 0.504345 hargrave 2021-07-20 11:34:01 
TT 250 291.9  12.2 318.0  55.8 3.05E-04 002.6 155.3 -04.2 0.519376 1.193736 0.491277 hargrave 2021-07-20 17:38:35 
TT 300 287.5  11.8 311.4  58.4 3.01E-04 001.0 150.9 -03.9 0.101464 0.246766 0.471303 hargrave 2021-07-21 14:40:36 
TT 350 287.7  10.6 310.4  57.3 3.10E-04 001.4 151.0 -05.1 0.284031 0.526496 0.498959 hargrave 2021-07-22 13:02:22 
TT 375 290.8  10.8 314.9  55.5 3.09E-04 001.9 154.0 -05.4 0.543429 0.765530 0.477369 hargrave 2021-07-22 18:51:47 
TT 400 288.3  09.8 310.3  56.2 3.02E-04 001.0 151.4 -06.0 0.243117 0.231870 0.449452 hargrave 2021-07-23 20:44:23 
TT 425 286.0  09.1 306.3  57.0 2.96E-04 003.6 149.0 -06.3 1.022185 1.458656 0.484209 hargrave 2021-07-25 10:59:05 
TT 450 287.1  08.9 307.7  56.2 2.86E-04 001.2 150.1 -06.7 0.128988 0.360235 0.465328 hargrave 2021-07-27 10:52:58 
TT 475 290.7  09.4 313.3  54.5 2.74E-04 001.4 153.7 -06.8 0.348090 0.356723 0.447446 hargrave 2021-07-28 17:32:04 
TT 500 291.5  09.5 314.4  54.1 2.63E-04 003.6 154.5 -06.8 0.808251 1.397791 0.434055 hargrave 2021-08-03 13:24:53 
TT 515 286.7  08.5 306.8  56.1 2.50E-04 001.0 149.6 -07.0 0.124495 0.245128 0.374596 hargrave 2021-08-04 13:15:43 
TT 530 288.7  08.9 310.0  55.4 2.32E-04 004.1 151.6 -06.9 0.721326 1.482920 0.340677 hargrave 2021-08-06 16:13:16 
TT 540 287.3  09.7 308.8  56.7 2.09E-04 004.6 150.4 -06.0 0.793985 1.470570 0.295567 hargrave 2021-08-09 16:54:11 
TT 550 289.8  12.2 315.2  57.3 1.72E-04 002.8 153.2 -03.8 0.453468 0.673239 0.282192 hargrave 2021-08-10 18:41:38 
TT 560 287.1  13.9 313.3  60.3 1.38E-04 003.1 150.8 -01.7 0.242032 0.694675 0.190325 hargrave 2021-08-11 15:34:20 
TT 566 286.9  15.6 315.2  61.6 1.16E-04 001.1 150.9 -00.1 0.116833 0.120832 0.170942 hargrave 2021-08-12 15:36:25 
TT 570 293.3  21.8 333.6  61.3 7.81E-05 006.5 157.8  05.2 0.361006 0.808246 0.098738 hargrave 2021-08-13 13:57:42 
TT 573 295.4  30.3 351.7  63.5 5.28E-05 000.8 160.8  13.4 0.081416 0.040126 0.061179 hargrave 2021-08-16 12:08:35 
TT 577 299.8  40.8 015.9  61.9 4.00E-05 001.0 165.8  23.5 0.029869 0.064386 0.039410 hargrave 2021-08-17 11:17:03 
TT 580 304.9  46.0 026.0  58.0 3.71E-05 001.8 170.3  28.3 0.030973 0.111781 0.036650 hargrave 2021-08-18 15:48:33 
TT 583 302.8  45.0 024.3  59.6 3.54E-05 001.3 168.6  27.4 0.035706 0.070435 0.034068 hargrave 2021-08-19 17:56:00 
TT 586 304.3  46.3 026.6  58.4 3.26E-05 003.2 169.9  28.7 0.048305 0.176947 0.044914 hargrave 2021-08-25 14:03:30 
TT 589 308.4  48.8 030.7  55.4 2.78E-05 002.3 173.2  31.0 0.089859 0.099034 0.020344 hargrave 2021-08-26 12:10:53 
TT 600 300.9  46.6 027.8  60.7 2.95E-05 002.0 167.2  29.2 0.045100 0.101184 0.032509 hargrave 2021-08-27 16:00:02 
TT 609 320.3  46.4 026.9  47.4 2.68E-05 004.8 182.4  28.4 0.083929 0.214578 0.026635 hargrave 2021-08-31 14:15:45 
TT 619 314.4  48.4 029.6  51.5 2.38E-05 002.0 177.8  30.4 0.082133 0.068981 0.016414 hargrave 2021-09-01 13:36:22 
TT 630 359.7  62.9 053.2  29.0 1.77E-05 003.0 207.4  48.0 0.036594 0.086937 0.009999 hargrave 2021-09-02 08:49:50 
TT 640 313.2  47.2 027.6  52.3 2.43E-05 002.2 176.9  29.2 0.073631 0.086197 0.016568 hargrave 2021-09-02 17:38:53 
TT 650 245.4  42.8 142.4  73.7 2.04E-05 008.6 121.6  35.1 0.078966 0.319625 0.086814 hargrave 2021-09-24 13:23:26 
TT 650 239.4  40.8 151.9  69.8 2.03E-05 022.1 115.6  34.9 0.755395 0.533600 0.019330 hargrave 2021-09-24 14:11:53 
TT 660 281.5  46.5 040.0  73.1 2.62E-05 010.4 152.0  31.1 0.050142 0.485913 0.081835 hargrave 2021-09-24 18:32:14 
TT 660 286.1  53.3 050.5  66.7 2.34E-05 005.8 157.2  37.2 0.058737 0.229299 0.027921 hargrave 2021-09-25 12:44:16 
TT 664 335.0  45.6 028.4  37.2 2.35E-05 011.2 194.1  28.2 0.065988 0.457614 0.107326 hargrave 2021-09-25 18:23:59 
