CS6- 1 mag compass orientation (IGRF corrected)
    4.3 196.2  23.0 354.4  54.4   1.0
NRM    292.0  13.5 319.8  56.8 4.10E-04 003.4 185.7 -09.3 0.106753 2.296318 0.856557 hargrave 2021-07-08 15:18:26 
TT 100 290.2  11.3 314.7  56.3 4.05E-04 001.7 184.0 -11.7 0.140641 0.865072 0.780339 hargrave 2021-07-09 14:34:35 
TT 150 288.2  09.4 309.8  56.0 4.01E-04 001.8 182.0 -13.6 0.198414 0.955609 0.824746 hargrave 2021-07-19 15:23:33 
TT 200 287.0  08.1 306.7  55.7 3.97E-04 001.3 180.8 -14.9 0.215953 0.213481 0.824789 hargrave 2021-07-20 11:31:02 
TT 250 294.7  07.4 316.2  50.5 3.90E-04 007.6 188.7 -15.4 0.569933 5.149771 0.698115 hargrave 2021-07-20 17:35:37 
TT 300 286.4  08.1 305.9  55.9 3.84E-04 001.4 180.2 -14.9 0.237200 0.484524 0.794344 hargrave 2021-07-21 14:38:09 
TT 350 286.1  08.0 305.2  56.0 4.01E-04 002.1 179.9 -15.0 0.266948 1.194560 0.875868 hargrave 2021-07-22 12:59:48 
TT 375 286.1  07.5 304.8  55.6 4.14E-04 002.0 179.9 -15.5 0.207911 1.168819 0.889108 hargrave 2021-07-22 18:49:17 
TT 400 284.6  06.6 301.7  55.6 4.24E-04 001.6 178.3 -16.4 0.305655 0.675711 0.934239 hargrave 2021-07-23 20:41:53 
TT 425 284.5  06.4 301.5  55.4 4.25E-04 001.4 178.3 -16.6 0.264676 0.271311 0.941766 hargrave 2021-07-25 10:56:31 
TT 450 284.1  05.8 300.3  55.1 4.18E-04 002.1 177.9 -17.2 0.229156 1.219053 0.908305 hargrave 2021-07-27 10:50:28 
TT 475 288.2  05.3 305.9  52.6 4.04E-04 003.0 182.1 -17.7 0.224686 1.980800 0.745862 hargrave 2021-07-28 17:29:38 
TT 500 285.5  05.5 302.1  54.2 3.91E-04 002.2 179.2 -17.5 0.211691 1.192763 0.851399 hargrave 2021-08-03 13:22:25 
TT 515 283.6  05.3 299.2  55.0 3.69E-04 001.5 177.3 -17.6 0.201098 0.505352 0.802480 hargrave 2021-08-04 13:13:17 
TT 530 285.0  05.6 301.5  54.5 3.45E-04 001.5 178.7 -17.4 0.209102 0.430727 0.745640 hargrave 2021-08-06 16:10:44 
TT 540 287.6  05.4 305.2  53.0 3.18E-04 003.5 181.5 -17.5 0.217587 1.872409 0.585648 hargrave 2021-08-09 16:51:44 
TT 550 289.1  06.2 308.0  52.9 2.63E-04 003.1 183.0 -16.7 0.225983 1.273366 0.582211 hargrave 2021-08-10 18:39:12 
TT 560 286.8  06.5 305.0  54.4 2.10E-04 002.8 180.6 -16.5 0.202081 0.929331 0.419045 hargrave 2021-08-11 15:31:48 
TT 566 286.7  07.4 305.7  55.2 1.87E-04 001.7 180.5 -15.6 0.187311 0.334874 0.423680 hargrave 2021-08-12 15:33:53 
TT 570 287.1  10.5 309.4  57.5 1.29E-04 003.9 180.9 -12.5 0.061431 0.854650 0.217627 hargrave 2021-08-13 13:55:13 
TT 573 291.4  12.9 318.1  56.7 9.30E-05 003.3 185.1 -10.0 0.159360 0.489461 0.191701 hargrave 2021-08-16 12:06:04 
TT 577 294.0  21.5 333.7  60.6 5.76E-05 002.4 187.2 -01.3 0.069067 0.209939 0.100809 hargrave 2021-08-17 11:14:36 
TT 580 299.9  28.5 351.1  59.2 4.52E-05 001.6 192.1  06.0 0.086983 0.102067 0.081348 hargrave 2021-08-18 15:46:05 
TT 583 301.6  26.9 349.6  57.3 4.21E-05 001.7 193.7  04.7 0.030382 0.103996 0.075950 hargrave 2021-08-19 17:53:33 
TT 586 293.6  29.9 349.8  64.9 3.87E-05 003.4 186.5  07.1 0.020847 0.221179 0.059389 hargrave 2021-08-25 14:01:02 
TT 589 304.6  28.8 354.6  55.5 3.55E-05 001.5 196.2  06.8 0.027880 0.084473 0.050056 hargrave 2021-08-26 12:08:26 
TT 600 290.9  29.8 347.4  67.1 3.46E-05 002.3 184.1  06.9 0.043195 0.126648 0.056360 hargrave 2021-08-27 15:57:35 
TT 609 306.4  37.8 010.9  56.5 3.14E-05 002.3 196.5  15.9 0.053220 0.114905 0.048512 hargrave 2021-08-31 14:13:08 
TT 619 278.4  40.4 021.9  78.0 2.62E-05 003.2 173.8  17.5 0.081048 0.127711 0.051148 hargrave 2021-09-01 13:33:46 
TT 630 001.9  55.2 045.9  24.7 1.72E-05 002.1 230.8  44.5 0.054258 0.040762 0.018806 hargrave 2021-09-02 08:47:21 
TT 640 279.9  48.5 047.8  72.7 2.62E-05 003.1 175.4  25.6 0.101643 0.132640 0.021325 hargrave 2021-09-02 17:36:30 
TT 650 345.9  28.3 013.9  22.5 2.60E-05 004.4 232.0  15.2 0.050300 0.335048 0.090199 hargrave 2021-09-24 13:20:29 
TT 660 257.2  50.7 101.3  74.0 3.11E-05 009.3 159.3  29.7 0.034048 0.511993 0.099678 hargrave 2021-09-24 18:29:19 
TT 660 270.3  59.8 077.2  65.5 2.74E-05 005.6 170.0  37.3 0.059487 0.260881 0.022835 hargrave 2021-09-25 12:41:18 
TT 664 245.8  42.6 142.7  74.0 3.57E-05 007.2 148.6  23.9 0.079171 0.481492 0.118112 hargrave 2021-09-25 18:21:03 
