CS7- 7 sun compass orientation
   13.5  61.5  25.0  16.3  61.5   1.0
NRM    357.1  62.2  74.3  33.8 1.13E-04 000.6 087.7  78.3 0.111277 0.058287 0.037483 hargrave 2021-04-26 14:10:33 
TT 100 345.4  57.6  69.3  40.1 5.17E-05 001.1 048.1  80.0 0.090366 0.037042 0.009748 hargrave 2021-04-28 14:36:50 
TT 150 338.6  54.5  66.2  44.5 3.75E-05 001.5 021.8  79.0 0.087113 0.045005 0.025272 hargrave 2021-05-20 13:55:33 
TT 200 333.4  50.5  61.6  48.5 2.74E-05 002.0 004.8  75.4 0.094343 0.018861 0.024017 hargrave 2021-05-21 08:58:56 
TT 250 324.9  43.8  53.3  55.7 2.28E-05 011.2 347.0  68.5 0.375206 0.325368 0.016899 hargrave 2021-05-21 15:09:36 
TT 250 331.3  48.3  58.8  50.3 2.21E-05 002.5 359.4  73.3 0.081460 0.058126 0.010016 hargrave 2021-05-21 17:19:25 
TT 300 329.8  46.8  56.9  51.6 1.94E-05 001.7 356.2  71.8 0.059469 0.015792 0.009088 hargrave 2021-05-27 12:30:24 
TT 350 329.0  45.9  55.7  52.4 1.66E-05 002.2 354.7  70.9 0.059622 0.033791 0.008264 hargrave 2021-05-28 08:47:50 
TT 375 326.8  45.5  55.6  54.0 1.38E-05 002.3 350.2  70.3 0.048205 0.027263 0.009965 hargrave 2021-05-28 16:30:40 
TT 400 326.3  44.4  53.9  54.6 1.21E-05 002.5 349.5  69.2 0.043455 0.025457 0.017372 hargrave 2021-05-31 17:10:38 
TT 400 326.1  44.5  54.1  54.7 1.21E-05 002.4 349.1  69.2 0.043381 0.022368 0.014344 hargrave 2021-05-31 18:58:15 
TT 425 322.6  45.0  56.2  57.0 1.05E-05 003.1 342.0  69.4 0.046405 0.032257 0.008836 hargrave 2021-06-01 14:10:38 
TT 425 322.4  45.0  56.2  57.1 1.05E-05 003.0 341.4  69.3 0.046302 0.028800 0.007994 hargrave 2021-06-01 15:56:06 
TT 450 323.0  44.3  54.8  56.9 9.35E-06 002.4 343.1  68.7 0.034921 0.018972 0.006613 hargrave 2021-06-07 15:38:47 
TT 475 322.3  44.5  55.4  57.3 8.53E-06 002.4 341.6  68.9 0.035117 0.010822 0.004076 hargrave 2021-06-08 13:49:34 
TT 500 316.8  44.0  57.1  61.2 7.10E-06 003.5 331.6  67.5 0.039430 0.019376 0.003091 hargrave 2021-06-09 08:54:42 
TT 515 310.1  43.3  60.4  65.8 6.53E-06 004.5 320.7  65.2 0.045907 0.023285 0.004625 hargrave 2021-06-09 17:27:41 
TT 530 324.9  37.4  41.9  56.7 5.98E-06 002.5 348.7  62.1 0.019182 0.011517 0.013009 hargrave 2021-06-10 18:15:15 
TT 540 304.3  38.3  54.2  72.1 4.88E-06 002.3 315.9  58.9 0.020310 0.006115 0.003552 hargrave 2021-06-14 16:02:35 
TT 550 304.3  39.7  58.0  71.4 3.91E-06 002.9 314.9  60.2 0.005723 0.020343 0.002487 hargrave 2021-06-15 15:08:52 
TT 560 322.8  54.8  71.7  52.9 2.41E-06 003.1 332.8  78.9 0.014706 0.007668 0.020773 hargrave 2021-06-16 16:32:20 
TT 565 294.6  57.4  97.2  60.5 2.14E-06 005.0 276.0  71.0 0.015249 0.011474 0.001931 hargrave 2021-06-17 16:37:54 
TT 568 281.4  36.2 133.3  81.3 2.37E-06 010.5 289.5  49.0 0.018719 0.012573 0.043294 hargrave 2021-06-18 14:36:52 
TT 568 280.2  29.1 188.4  84.6 2.69E-06 004.8 293.1  42.2 0.022343 0.006317 0.002231 hargrave 2021-06-21 10:02:06 
TT 571 285.3  68.3 106.9  50.2 1.91E-06 005.9 238.8  71.8 0.011266 0.016844 0.003976 hargrave 2021-06-21 14:54:30 
TT 574 042.7  50.1  71.0   6.6 1.74E-06 006.8 102.7  51.5 0.003827 0.016891 0.011512 hargrave 2021-07-07 16:42:22 
TT 576 191.0  45.9 152.6  16.6 1.62E-06 011.2 209.3  25.1 0.008363 0.032543 0.003818 hargrave 2021-07-08 18:44:09 
