CS7- 5 sun compass orientation
   11.4  43.1  61.0  16.3  61.5   1.0
NRM    352.5  54.7  65.2  36.5 8.49E-05 001.6 143.5  51.8 0.040651 0.215066 0.105013 hargrave 2021-04-26 14:07:45 
TT 100 341.6  48.0  56.9  43.6 4.66E-05 001.3 138.7  61.0 0.049692 0.084148 0.053904 hargrave 2021-04-28 14:34:01 
TT 150 335.0  44.4  52.3  48.4 3.70E-05 001.7 137.5  66.7 0.059334 0.086727 0.033343 hargrave 2021-05-20 13:52:44 
TT 200 329.9  37.7  42.1  52.7 2.78E-05 001.3 126.2  73.6 0.042500 0.042914 0.018117 hargrave 2021-05-21 08:56:13 
TT 250 321.7  28.3  24.6  59.0 2.20E-05 012.7 087.1  82.4 0.337179 0.371894 0.037219 hargrave 2021-05-21 15:03:37 
TT 250 326.9  32.3  32.8  55.0 2.23E-05 001.3 109.0  77.7 0.033798 0.032755 0.032702 hargrave 2021-05-21 17:16:33 
TT 300 326.2  28.7  26.5  55.1 1.90E-05 001.8 091.5  78.6 0.052323 0.025231 0.014504 hargrave 2021-05-27 12:27:35 
TT 350 325.6  25.1  20.1  54.9 1.61E-05 001.2 073.6  78.2 0.032187 0.013131 0.018996 hargrave 2021-05-28 08:45:02 
TT 375 324.1  22.2  14.6  55.4 1.42E-05 000.9 058.1  78.0 0.017769 0.013657 0.017813 hargrave 2021-05-28 16:27:52 
TT 400 323.4  18.2   7.7  54.6 1.27E-05 001.6 043.4  75.7 0.030399 0.021052 0.011264 hargrave 2021-05-31 17:07:48 
TT 400 323.0  18.3   7.6  55.0 1.27E-05 001.8 042.5  75.9 0.029906 0.028120 0.013959 hargrave 2021-05-31 18:52:47 
TT 425 324.3  14.9   3.3  52.4 1.17E-05 000.9 038.7  72.5 0.017240 0.009467 0.002992 hargrave 2021-06-01 14:07:49 
TT 425 324.0  15.0   3.2  52.7 1.17E-05 001.1 038.0  72.7 0.017496 0.012946 0.003535 hargrave 2021-06-01 15:52:12 
TT 450 323.3  10.6 356.5  51.0 1.06E-05 000.7 029.4  69.3 0.009367 0.008955 0.004359 hargrave 2021-06-07 15:35:59 
TT 475 321.2  05.8 348.5  49.9 9.61E-06 001.5 019.7  65.6 0.019615 0.016644 0.003324 hargrave 2021-06-08 13:46:46 
TT 500 320.5  00.1 341.3  46.7 8.59E-06 001.7 015.1  60.3 0.012883 0.023327 0.004167 hargrave 2021-06-09 08:51:54 
TT 515 324.0 -00.4 344.2  43.8 8.32E-06 001.0 021.4  58.8 0.011257 0.010383 0.005486 hargrave 2021-06-09 17:24:52 
TT 530 324.2 -01.1 343.7  43.2 7.38E-06 001.8 021.3  58.1 0.008570 0.021496 0.005238 hargrave 2021-06-10 18:12:27 
TT 540 323.6 -02.5 341.7  42.7 7.02E-06 001.3 019.5  56.9 0.011087 0.010591 0.005660 hargrave 2021-06-14 16:00:16 
TT 550 322.3  04.4 347.9  48.2 4.46E-06 002.0 021.2  63.9 0.008529 0.008030 0.020924 hargrave 2021-06-15 15:06:00 
TT 560 325.3  25.2  20.2  55.2 2.82E-06 002.5 073.5  78.5 0.010496 0.007452 0.017922 hargrave 2021-06-16 16:29:32 
TT 565 310.6  26.0  15.4  68.3 1.97E-06 003.3 322.2  86.3 0.008167 0.007928 0.002892 hargrave 2021-06-17 16:35:06 
TT 568 351.6  30.0  35.0  33.8 1.83E-06 003.2 101.3  56.7 0.003696 0.011474 0.001086 hargrave 2021-06-18 14:32:28 
TT 571 344.2  44.3  51.8  41.9 2.05E-06 003.4 130.4  61.0 0.008933 0.008354 0.003830 hargrave 2021-06-21 14:51:42 
TT 574 007.4  42.2  52.5  24.9 1.61E-06 004.7 122.1  44.7 0.005306 0.010702 0.006966 hargrave 2021-07-07 16:39:33 
TT 576 123.0  84.1 108.1  22.8 1.50E-06 003.8 178.9  23.2 0.005192 0.008857 0.002767 hargrave 2021-07-08 18:41:57 
TT 579 121.5  18.0 125.7 -41.2 1.83E-06 004.6 165.2 -41.7 0.011357 0.015222 0.002891 hargrave 2021-07-09 18:14:18 
TT 582 150.0  67.7 121.8  11.6 1.75E-06 010.7 186.4  07.6 0.009737 0.032272 0.001420 hargrave 2021-07-19 17:38:32 
TT 582 159.7  69.2 123.5  15.1 1.67E-06 008.5 189.3  10.1 0.004949 0.024763 0.001970 hargrave 2021-07-19 19:17:26 
TT 585 188.0  54.3 143.8  18.3 1.93E-06 006.6 208.7  05.7 0.010266 0.020543 0.002053 hargrave 2021-07-21 08:58:16 
