CS7- 2 sun compass orientation
    1.8 133.4  29.0  16.3  61.5   1.0
NRM    348.0  58.4  70.1  38.7 8.64E-05 001.3 250.5  62.7 0.171246 0.090396 0.037633 hargrave 2021-04-26 14:03:24 
TT 100 344.9  55.5  66.7  40.7 6.36E-05 000.7 253.7  59.8 0.045359 0.063086 0.032953 hargrave 2021-04-28 14:29:37 
TT 150 341.4  53.2  64.0  43.1 5.36E-05 001.2 255.0  56.8 0.092365 0.061680 0.037916 hargrave 2021-05-20 13:48:23 
TT 200 337.1  50.8  61.3  46.1 4.43E-05 001.8 255.2  53.2 0.121775 0.052289 0.035344 hargrave 2021-05-21 08:51:24 
TT 250 337.0  44.0  51.5  47.0 3.89E-05 008.1 262.6  48.4 0.437283 0.441699 0.019811 hargrave 2021-05-21 14:54:29 
TT 250 334.4  48.7  58.8  48.2 3.76E-05 004.3 255.7  50.5 0.270636 0.090476 0.021276 hargrave 2021-05-21 17:13:33 
TT 300 333.9  46.4  55.4  49.0 3.26E-05 001.2 257.8  48.6 0.046681 0.047041 0.023680 hargrave 2021-05-27 12:23:15 
TT 350 329.5  47.6  58.2  51.7 2.80E-05 000.8 253.3  47.4 0.032936 0.027088 0.026063 hargrave 2021-05-28 08:40:40 
TT 375 329.6  45.8  55.4  52.0 2.54E-05 003.3 255.1  46.2 0.135146 0.060264 0.021191 hargrave 2021-05-28 16:23:31 
TT 400 329.3  41.9  49.1  52.8 2.21E-05 001.2 258.5  43.1 0.038925 0.030625 0.019332 hargrave 2021-05-31 17:03:26 
TT 400 328.9  42.2  49.7  53.1 2.21E-05 001.0 258.0  43.1 0.029823 0.030549 0.019246 hargrave 2021-05-31 18:48:26 
TT 425 330.0  39.0  44.3  52.6 1.95E-05 001.9 261.5  41.1 0.059021 0.029893 0.022037 hargrave 2021-06-01 14:03:29 
TT 425 330.1  38.9  44.1  52.5 1.95E-05 002.0 261.7  41.1 0.062408 0.033592 0.022383 hargrave 2021-06-01 15:47:50 
TT 450 326.3  37.5  42.0  55.5 1.70E-05 000.9 259.7  38.2 0.023718 0.022396 0.022084 hargrave 2021-06-07 15:31:37 
TT 475 325.2  36.3  39.9  56.5 1.48E-05 001.0 259.8  36.7 0.021696 0.019224 0.023024 hargrave 2021-06-08 13:42:24 
TT 500 323.5  31.2  30.4  57.8 1.24E-05 001.5 262.0  31.7 0.025439 0.017215 0.025174 hargrave 2021-06-09 08:47:33 
TT 515 325.3  31.2  30.7  56.2 1.15E-05 002.3 263.4  32.6 0.043523 0.018763 0.011191 hargrave 2021-06-09 17:20:28 
TT 530 287.3  44.2 103.7  74.3 1.32E-05 002.2 226.4  27.2 0.045482 0.032238 0.011231 hargrave 2021-06-10 18:08:04 
TT 540 322.6  28.1  24.4  58.2 9.34E-06 001.3 263.1  28.7 0.016377 0.013869 0.009980 hargrave 2021-06-14 15:56:42 
TT 550 321.4  31.3  30.4  59.6 7.44E-06 002.2 260.1  30.8 0.024824 0.021465 0.004929 hargrave 2021-06-15 15:01:38 
TT 560 318.6  34.5  36.9  61.9 4.92E-06 002.8 255.7  32.1 0.017205 0.010167 0.021171 hargrave 2021-06-16 16:25:08 
TT 565 317.5  31.8  31.1  62.9 3.90E-06 005.6 256.6  29.4 0.035119 0.015852 0.005940 hargrave 2021-06-17 16:29:54 
TT 568 303.3  32.4  35.4  74.9 3.20E-06 008.0 244.9  23.3 0.011865 0.011816 0.043196 hargrave 2021-06-18 14:28:07 
TT 568 316.3  30.8  28.8  63.9 3.59E-06 006.7 256.2  27.9 0.040451 0.012707 0.003866 hargrave 2021-06-21 09:59:08 
TT 571 308.3  51.4  76.7  61.8 2.32E-06 006.4 235.5  41.1 0.019613 0.017931 0.001527 hargrave 2021-06-21 14:47:21 
TT 574 048.3  47.2  71.1   1.9 1.25E-06 006.2 013.8  75.9 0.012178 0.007408 0.002688 hargrave 2021-07-07 16:35:07 
TT 576 246.8  47.1 154.1  54.2 2.36E-06 005.8 196.7  19.7 0.008884 0.022533 0.002108 hargrave 2021-07-08 18:38:29 
TT 579 229.3 -33.6 241.5   7.7 2.19E-06 003.8 190.7 -62.3 0.011825 0.012079 0.009634 hargrave 2021-07-09 18:10:49 
TT 582 273.3  24.9 210.5  77.8 2.88E-06 011.7 224.1  04.9 0.041150 0.043848 0.003707 hargrave 2021-07-19 17:34:13 
TT 582 278.6  24.1 227.1  81.8 2.89E-06 008.1 228.9  06.0 0.026249 0.032878 0.004214 hargrave 2021-07-19 19:13:06 
TT 585 286.7  22.9 290.1  84.4 3.25E-06 006.1 236.2  08.0 0.028739 0.020428 0.006767 hargrave 2021-07-21 08:53:53 
