CS7- 8 sun compass orientation
   15.5  29.6  39.0  16.3  61.5   1.0
NRM    359.4  58.0  69.3  32.7 6.63E-05 002.4 125.5  55.7 0.250691 0.108034 0.055752 hargrave 2021-04-26 14:11:59 
TT 100 341.7  48.0  56.9  43.5 2.93E-05 001.0 100.3  62.9 0.043425 0.027269 0.012287 hargrave 2021-04-28 14:38:16 
TT 150 334.7  45.6  54.1  48.5 2.31E-05 001.4 090.6  66.2 0.053644 0.017768 0.020021 hargrave 2021-05-20 13:57:00 
TT 200 329.8  38.7  43.8  52.7 1.80E-05 002.6 071.7  65.6 0.080413 0.017303 0.015071 hargrave 2021-05-21 09:00:21 
TT 250 319.2  30.8  29.1  61.4 1.54E-05 016.7 043.2  65.1 0.366659 0.338322 0.011396 hargrave 2021-05-21 15:12:39 
TT 250 328.4  35.3  38.1  53.9 1.55E-05 001.1 064.0  64.1 0.026148 0.019308 0.011992 hargrave 2021-05-21 17:20:53 
TT 300 328.4  33.0  34.2  53.8 1.37E-05 002.3 060.5  62.4 0.055812 0.015634 0.010908 hargrave 2021-05-27 12:31:50 
TT 350 328.1  31.4  31.5  53.9 1.19E-05 005.4 057.9  61.3 0.107779 0.036414 0.013890 hargrave 2021-05-28 08:49:17 
TT 375 321.7  24.5  17.4  58.2 1.04E-05 002.5 041.0  58.5 0.038825 0.013486 0.018230 hargrave 2021-05-28 16:32:07 
TT 400 322.5  21.6  12.7  56.6 9.33E-06 002.1 039.8  55.6 0.035464 0.013396 0.010485 hargrave 2021-05-31 17:12:05 
TT 400 321.9  21.6  12.4  57.1 9.33E-06 002.4 039.0  55.9 0.038024 0.018523 0.011123 hargrave 2021-05-31 18:59:41 
TT 425 319.4  17.6   3.8  57.8 8.70E-06 002.2 032.5  53.1 0.016826 0.025718 0.016429 hargrave 2021-06-01 14:12:04 
TT 425 318.7  17.5   3.1  58.3 8.69E-06 002.0 031.4  53.2 0.019837 0.017562 0.016213 hargrave 2021-06-01 15:57:33 
TT 450 320.5  14.2 359.3  55.3 8.10E-06 002.4 032.2  49.5 0.026160 0.014055 0.019792 hargrave 2021-06-07 15:40:14 
TT 475 314.5  09.2 345.8  57.2 7.30E-06 002.3 021.7  46.5 0.022531 0.011923 0.016817 hargrave 2021-06-08 13:51:02 
TT 500 310.2  02.3 331.6  55.3 6.78E-06 002.8 014.0  40.5 0.021550 0.022273 0.015549 hargrave 2021-06-09 08:56:08 
TT 515 314.0  02.1 336.3  52.7 6.28E-06 002.7 018.8  39.6 0.020841 0.014011 0.017719 hargrave 2021-06-09 17:29:08 
TT 530 327.3  03.3 351.0  43.6 4.83E-06 003.6 035.5  37.0 0.020009 0.022301 0.009765 hargrave 2021-06-10 18:16:42 
TT 540 318.0  02.9 341.8  50.4 5.36E-06 003.5 024.1  39.5 0.024105 0.020768 0.012880 hargrave 2021-06-14 16:03:49 
TT 550 318.7  10.2 351.8  54.6 3.72E-06 004.4 027.8  46.3 0.019000 0.019788 0.009122 hargrave 2021-06-15 15:10:18 
TT 560 343.9  16.0  16.1  35.7 2.34E-06 003.8 061.7  40.3 0.004759 0.005728 0.016862 hargrave 2021-06-16 16:33:47 
TT 565 291.2  29.5  30.6  85.6 1.45E-06 006.0 340.6  67.6 0.009907 0.011212 0.003645 hargrave 2021-06-17 16:39:21 
TT 568 268.3  39.8 154.3  71.4 9.23E-07 005.1 285.1  65.6 0.007640 0.013240 0.021924 hargrave 2021-06-18 14:39:06 
TT 571 357.1  68.8  82.2  33.3 1.20E-06 007.5 145.0  57.9 0.008256 0.013701 0.003757 hargrave 2021-06-21 14:55:57 
TT 574 031.2  39.6  57.6   7.5 1.51E-06 006.0 118.5  28.8 0.004968 0.018127 0.006694 hargrave 2021-07-07 16:43:48 
TT 576 146.1  49.9 130.7  -4.0 1.44E-06 009.6 197.1  13.4 0.006872 0.023131 0.004876 hargrave 2021-07-08 18:45:18 
