CS7- 4 sun compass orientation
   11.4  53.3  35.0  16.3  61.5   1.0
NRM    333.0  45.0  53.5  49.8 9.80E-05 002.6 035.7  78.2 0.136260 0.424941 0.021719 hargrave 2021-04-26 14:06:22 
TT 100 322.5  33.4  34.5  58.7 7.26E-05 001.9 358.2  68.4 0.067892 0.230840 0.036445 hargrave 2021-04-28 14:32:37 
TT 150 324.7  29.6  27.7  56.6 5.62E-05 002.0 002.9  64.5 0.052879 0.178381 0.057469 hargrave 2021-05-20 13:51:20 
TT 200 323.4  26.6  21.9  57.2 4.05E-05 003.9 000.2  61.6 0.049500 0.274007 0.029036 hargrave 2021-05-21 08:54:51 
TT 250 320.1  21.4  10.9  58.7 3.33E-05 006.5 354.6  56.4 0.353416 0.277595 0.019664 hargrave 2021-05-21 15:00:38 
TT 300 323.3  22.0  13.8  56.0 2.81E-05 002.5 359.9  57.0 0.039344 0.120464 0.014841 hargrave 2021-05-27 12:26:12 
TT 350 321.2  19.8   8.8  57.1 2.30E-05 005.0 356.6  54.8 0.045407 0.197791 0.015294 hargrave 2021-05-28 08:43:38 
TT 375 322.7  18.8   8.2  55.4 2.03E-05 003.6 359.1  53.8 0.031410 0.121953 0.017919 hargrave 2021-05-28 16:26:28 
TT 400 322.5  16.3   4.1  54.5 1.77E-05 004.4 358.7  51.3 0.028709 0.135586 0.009957 hargrave 2021-05-31 17:06:24 
TT 400 322.5  16.3   4.1  54.5 1.77E-05 004.4 358.8  51.3 0.029037 0.136545 0.010329 hargrave 2021-05-31 18:51:23 
TT 425 324.0  15.4   3.8  52.9 1.59E-05 005.1 001.0  50.4 0.022013 0.142235 0.010603 hargrave 2021-06-01 14:06:26 
TT 425 324.2  15.5   4.1  52.7 1.59E-05 005.4 001.4  50.5 0.021650 0.149382 0.010177 hargrave 2021-06-01 15:50:48 
TT 450 324.8  14.3   2.8  51.7 1.42E-05 001.0 002.2  49.3 0.017707 0.019621 0.009634 hargrave 2021-06-07 15:34:36 
TT 475 324.5  13.5   1.4  51.5 1.27E-05 004.5 001.7  48.5 0.017520 0.099836 0.006225 hargrave 2021-06-08 13:45:22 
TT 500 323.8  11.7 358.4  51.2 1.02E-05 003.5 000.7  46.7 0.018976 0.060705 0.006530 hargrave 2021-06-09 08:50:31 
TT 515 329.2  10.7   1.2  46.2 9.88E-06 003.9 008.2  45.5 0.013123 0.066395 0.007161 hargrave 2021-06-09 17:23:28 
TT 530 334.1  09.0   2.5  41.1 7.57E-06 001.8 014.7  43.2 0.017290 0.015475 0.011213 hargrave 2021-06-10 18:11:02 
TT 540 328.9  07.7 357.3  44.8 7.00E-06 002.6 007.6  42.5 0.010611 0.030689 0.006095 hargrave 2021-06-14 15:59:08 
TT 550 331.7  15.1   8.5  46.1 5.03E-06 003.6 012.6  49.6 0.006595 0.031127 0.002921 hargrave 2021-06-15 15:04:35 
TT 560 334.4  35.2  38.3  49.0 2.94E-06 001.5 025.7  68.7 0.008612 0.009782 0.020443 hargrave 2021-06-16 16:28:08 
TT 565 323.8  37.1  41.5  57.6 2.53E-06 003.8 001.3  72.1 0.009650 0.006191 0.022613 hargrave 2021-06-17 16:32:53 
TT 568 350.1  44.3  52.1  37.7 1.93E-06 005.6 069.3  69.8 0.007034 0.006440 0.045258 hargrave 2021-06-18 14:31:04 
TT 571 006.6  48.9  59.5  27.2 2.38E-06 001.6 095.1  63.1 0.004106 0.005682 0.002741 hargrave 2021-06-21 14:50:18 
TT 574 015.5  31.1  43.9  14.9 2.20E-06 001.8 078.9  46.4 0.004808 0.005709 0.002015 hargrave 2021-07-07 16:38:09 
TT 576 043.1  29.5  54.9  -6.3 1.93E-06 003.3 100.3  29.5 0.004610 0.015081 0.003027 hargrave 2021-07-08 18:40:51 
TT 579 100.6 -06.9  91.2 -67.7 1.42E-06 005.1 128.1 -31.1 0.012088 0.021280 0.002667 hargrave 2021-07-09 18:13:11 
TT 582 128.5  65.1 115.5   5.2 1.78E-06 011.3 172.8  30.6 0.005563 0.036040 0.001455 hargrave 2021-07-19 17:37:09 
TT 582 127.4  68.9 113.8   8.6 1.69E-06 008.7 173.1  34.5 0.004920 0.025538 0.003782 hargrave 2021-07-19 19:16:02 
TT 585 211.1  48.1 154.7  30.3 1.78E-06 008.1 224.3  27.7 0.014893 0.021550 0.004622 hargrave 2021-07-21 08:56:52 
TT 585 214.6  48.5 154.7  32.7 1.70E-06 005.9 226.1  29.5 0.010736 0.014892 0.001817 hargrave 2021-07-21 10:25:44 
