CS7- 9 sun compass orientation
   15.5  24.3  59.0  16.3  61.5   1.0
NRM    351.7  57.8  69.1  36.8 4.41E-05 005.0 142.2  43.0 0.267216 0.265933 0.078812 hargrave 2021-04-26 14:13:29 
TT 100 323.4  48.6  61.9  55.2 2.39E-05 001.4 137.1  61.8 0.033931 0.031731 0.042361 hargrave 2021-04-28 14:39:47 
TT 150 316.8  45.7  60.3  60.5 1.98E-05 001.5 136.5  67.1 0.026933 0.044634 0.015491 hargrave 2021-05-20 13:58:30 
TT 200 314.4  43.2  56.9  63.1 1.57E-05 002.0 133.1  69.9 0.050188 0.018658 0.023630 hargrave 2021-05-21 09:01:50 
TT 250 300.1  36.2  53.3  76.1 1.30E-05 020.5 138.6  82.9 0.358678 0.350946 0.012447 hargrave 2021-05-21 15:15:44 
TT 250 310.7  42.2  57.6  66.0 1.35E-05 002.0 135.1  72.8 0.024960 0.038814 0.011942 hargrave 2021-05-21 17:22:25 
TT 300 307.5  42.8  61.9  67.7 1.14E-05 001.8 142.0  74.2 0.032278 0.014725 0.007241 hargrave 2021-05-27 12:33:21 
TT 350 301.9  42.3  68.0  71.3 9.45E-06 002.2 154.1  77.2 0.027911 0.020124 0.010287 hargrave 2021-05-28 08:50:48 
TT 375 298.9  41.9  72.3  73.1 7.87E-06 002.0 162.6  78.5 0.022806 0.014852 0.006503 hargrave 2021-05-28 16:33:37 
TT 400 292.9  41.2  85.0  76.2 7.04E-06 002.3 186.0  79.7 0.023650 0.014733 0.004650 hargrave 2021-05-31 17:13:35 
TT 400 292.7  41.1  85.4  76.4 7.05E-06 002.4 187.0  79.8 0.024395 0.016765 0.005815 hargrave 2021-05-31 19:01:12 
TT 425 292.5  40.8  85.5  76.7 6.41E-06 001.8 188.0  80.1 0.019824 0.004344 0.004137 hargrave 2021-06-01 14:13:34 
TT 425 292.3  40.8  86.1  76.8 6.40E-06 001.9 188.8  80.0 0.019727 0.005846 0.002902 hargrave 2021-06-01 15:59:03 
TT 450 290.4  38.5  88.5  79.4 5.63E-06 002.6 202.4  81.9 0.021588 0.014402 0.001777 hargrave 2021-06-07 15:41:44 
TT 475 279.8  31.5 166.6  83.6 4.76E-06 003.2 264.0  77.6 0.024302 0.010814 0.004066 hargrave 2021-06-08 13:52:32 
TT 500 276.6  21.0 234.6  78.4 3.40E-06 003.8 298.1  71.3 0.022377 0.004391 0.001318 hargrave 2021-06-09 08:57:38 
TT 515 260.7  11.3 226.8  60.5 3.11E-06 004.2 295.0  53.2 0.020192 0.008658 0.007837 hargrave 2021-06-09 17:30:38 
TT 530 290.0  00.7 294.2  62.0 2.70E-06 004.7 351.6  59.4 0.017022 0.009709 0.010730 hargrave 2021-06-10 18:18:13 
TT 540 269.8 -08.8 260.7  49.4 1.95E-06 003.2 325.4  43.8 0.007012 0.011661 0.001027 hargrave 2021-06-14 16:05:04 
TT 550 244.9 -17.1 239.8  29.3 2.25E-06 002.0 308.3  22.4 0.007201 0.010934 0.002157 hargrave 2021-06-15 15:11:48 
TT 560 338.7 -31.1 330.3  12.3 1.12E-06 003.0 038.3  15.0 0.003306 0.005839 0.002084 hargrave 2021-06-16 16:35:17 
TT 565 225.6 -03.8 214.8  23.4 8.43E-07 005.5 284.7  16.1 0.008572 0.012599 0.001812 hargrave 2021-06-17 16:40:52 
