CS7- 3 sun compass orientation
    1.9 128.5  25.0  16.3  61.5   1.0
NRM    354.3  55.2  65.8  35.4 5.49E-05 003.0 273.4  66.6 0.279973 0.064584 0.030058 hargrave 2021-04-26 14:04:55 
TT 100 341.3  57.5  69.8  42.3 4.01E-05 001.0 258.4  62.5 0.027299 0.053210 0.037208 hargrave 2021-04-28 14:31:10 
TT 150 343.3  52.8  63.3  42.0 3.40E-05 001.7 267.3  60.2 0.091262 0.037568 0.014793 hargrave 2021-05-20 13:49:53 
TT 200 336.7  52.6  63.9  46.0 2.84E-05 001.7 262.0  57.2 0.076406 0.033371 0.024533 hargrave 2021-05-21 08:52:53 
TT 250 337.1  46.7  55.5  46.7 2.57E-05 010.2 269.0  53.0 0.384455 0.344702 0.016671 hargrave 2021-05-21 14:57:35 
TT 250 337.5  49.9  60.0  46.0 2.46E-05 003.8 266.0  55.6 0.159369 0.030825 0.031811 hargrave 2021-05-21 17:15:05 
TT 300 335.3  49.5  59.8  47.5 2.17E-05 001.3 264.4  54.4 0.044258 0.017724 0.020194 hargrave 2021-05-27 12:24:45 
TT 350 333.3  48.8  59.2  48.9 1.86E-05 003.7 263.5  53.0 0.117902 0.015189 0.023488 hargrave 2021-05-28 08:42:11 
TT 375 330.4  47.9  58.5  51.0 1.68E-05 005.6 262.1  51.1 0.162026 0.021580 0.030008 hargrave 2021-05-28 16:25:01 
TT 400 331.4  45.4  54.3  50.8 1.45E-05 001.2 265.3  49.5 0.016330 0.012831 0.037245 hargrave 2021-05-31 17:04:56 
TT 400 331.4  45.3  54.2  50.9 1.45E-05 001.2 265.4  49.5 0.017126 0.012841 0.037109 hargrave 2021-05-31 18:49:56 
TT 425 331.2  44.7  53.3  51.1 1.31E-05 001.9 265.7  48.9 0.041613 0.011185 0.008285 hargrave 2021-06-01 14:04:59 
TT 425 331.3  44.7  53.3  51.0 1.31E-05 002.0 265.9  49.0 0.044049 0.010927 0.008913 hargrave 2021-06-01 15:49:20 
TT 450 328.2  43.8  52.4  53.4 1.16E-05 003.5 263.9  46.9 0.070680 0.010743 0.008650 hargrave 2021-06-07 15:33:08 
TT 475 327.5  41.3  48.4  54.3 1.06E-05 002.2 265.4  44.5 0.039856 0.011451 0.008252 hargrave 2021-06-08 13:43:55 
TT 500 327.7  37.8  42.4  54.4 9.34E-06 001.6 268.2  41.7 0.023628 0.010521 0.010083 hargrave 2021-06-09 08:49:03 
TT 515 327.1  41.9  49.5  54.5 8.51E-06 002.6 264.6  44.9 0.038680 0.009088 0.006092 hargrave 2021-06-09 17:21:59 
TT 530 321.2  42.0  51.3  58.8 7.27E-06 003.3 259.5  42.4 0.041587 0.007739 0.004692 hargrave 2021-06-10 18:09:34 
TT 540 321.1  40.5  48.5  59.2 7.17E-06 001.3 260.5  41.2 0.012482 0.010596 0.006957 hargrave 2021-06-14 15:57:57 
TT 550 320.0  45.2  57.6  58.6 6.26E-06 003.1 256.0  44.7 0.032244 0.012223 0.005368 hargrave 2021-06-15 15:03:08 
TT 560 323.9  47.7  60.2  55.2 4.60E-06 005.0 257.0  48.2 0.037316 0.008691 0.019133 hargrave 2021-06-16 16:26:39 
TT 565 320.6  45.6  58.1  58.1 3.42E-06 003.5 256.1  45.2 0.014974 0.007601 0.021600 hargrave 2021-06-17 16:31:25 
TT 568 312.9  46.5  64.4  62.5 3.29E-06 003.3 249.3  42.8 0.016200 0.011211 0.003599 hargrave 2021-06-18 14:29:37 
TT 571 315.4  52.1  72.0  58.0 2.94E-06 005.3 246.3  48.3 0.024261 0.013122 0.002229 hargrave 2021-06-21 14:48:52 
TT 574 012.1  76.2  90.6  28.6 2.01E-06 002.3 206.0  76.0 0.006619 0.004520 0.001234 hargrave 2021-07-07 16:36:38 
TT 576 260.4  41.5 157.7  65.3 1.97E-06 004.4 212.5  21.4 0.005902 0.014804 0.001131 hargrave 2021-07-08 18:39:42 
TT 579 240.1  03.9 216.8  39.7 1.80E-06 006.6 202.9 -19.3 0.019677 0.014579 0.001463 hargrave 2021-07-09 18:12:02 
TT 582 268.7  25.5 203.0  74.0 2.30E-06 009.4 224.5  08.4 0.024625 0.029607 0.002399 hargrave 2021-07-19 17:35:43 
TT 582 273.3  24.9 210.5  77.8 2.31E-06 007.6 228.7  09.3 0.018517 0.025384 0.003743 hargrave 2021-07-19 19:14:36 
TT 585 292.2  14.7 309.1  75.2 2.18E-06 003.8 249.2  06.6 0.012651 0.010320 0.002101 hargrave 2021-07-21 08:55:24 
