CS7- 6 sun compass orientation
   13.4  56.5  28.0  16.3  61.5   1.0
NRM    001.8  53.0  63.5  30.9 9.39E-05 000.4 080.4  69.3 0.044982 0.039630 0.028533 hargrave 2021-04-26 14:09:09 
TT 100 354.4  46.4  55.1  34.9 5.04E-05 002.6 058.5  67.7 0.204048 0.103712 0.025523 hargrave 2021-04-28 14:35:26 
TT 150 350.4  45.0  53.0  37.5 3.48E-05 001.0 050.1  68.1 0.037942 0.038310 0.031230 hargrave 2021-05-20 13:54:09 
TT 200 342.8  41.6  48.1  42.8 2.53E-05 001.7 033.1  67.4 0.023358 0.072285 0.021538 hargrave 2021-05-21 08:57:34 
TT 250 335.4  36.8  40.8  48.3 2.06E-05 011.8 016.6  64.2 0.349059 0.321470 0.009107 hargrave 2021-05-21 15:06:37 
TT 250 341.0  40.1  45.9  44.1 2.00E-05 001.4 028.7  66.4 0.032342 0.029238 0.029853 hargrave 2021-05-21 17:17:59 
TT 300 339.9  39.0  44.3  44.9 1.73E-05 001.5 025.9  65.6 0.022938 0.033306 0.021041 hargrave 2021-05-27 12:29:00 
TT 350 337.7  38.4  43.3  46.6 1.48E-05 002.9 021.5  65.4 0.014656 0.073296 0.015722 hargrave 2021-05-28 08:46:27 
TT 375 335.8  37.1  41.3  48.0 1.28E-05 002.2 017.4  64.4 0.014078 0.047411 0.009334 hargrave 2021-05-28 16:29:16 
TT 400 333.7  36.0  39.5  49.6 1.11E-05 002.7 013.2  63.6 0.014155 0.049798 0.009444 hargrave 2021-05-31 17:09:14 
TT 400 333.5  35.9  39.3  49.8 1.11E-05 002.5 012.8  63.6 0.015508 0.046187 0.008133 hargrave 2021-05-31 18:56:51 
TT 425 331.3  34.7  37.3  51.5 9.62E-06 002.4 008.6  62.5 0.015925 0.035807 0.008549 hargrave 2021-06-01 14:09:14 
TT 425 330.8  34.6  37.1  51.9 9.62E-06 002.1 007.7  62.5 0.018053 0.029309 0.008447 hargrave 2021-06-01 15:54:41 
TT 450 328.7  33.6  35.3  53.6 8.45E-06 002.1 003.8  61.6 0.017683 0.025618 0.007564 hargrave 2021-06-07 15:37:23 
TT 475 326.4  32.1  32.4  55.4 7.15E-06 002.4 359.9  60.1 0.017589 0.024527 0.006095 hargrave 2021-06-08 13:48:10 
TT 500 318.5  31.7  30.9  62.1 5.65E-06 002.9 346.7  59.2 0.020534 0.020350 0.003011 hargrave 2021-06-09 08:53:18 
TT 515 322.0  27.0  22.2  58.5 5.24E-06 004.5 353.0  54.8 0.034909 0.022454 0.011251 hargrave 2021-06-09 17:26:16 
TT 530 321.1  30.4  28.5  59.8 4.46E-06 002.0 351.2  58.2 0.010214 0.007567 0.009377 hargrave 2021-06-10 18:13:50 
TT 540 309.6  29.2  23.9  69.6 4.01E-06 001.6 333.5  55.4 0.012131 0.006433 0.001991 hargrave 2021-06-14 16:01:28 
TT 550 313.2  33.6  35.6  66.5 3.49E-06 001.8 337.2  60.3 0.015148 0.005194 0.020632 hargrave 2021-06-15 15:07:27 
TT 560 296.3  30.7  32.9  81.0 1.90E-06 008.0 313.9  53.1 0.018069 0.003655 0.042483 hargrave 2021-06-16 16:30:56 
TT 560 296.0  30.5  32.0  81.3 2.34E-06 003.9 313.7  52.8 0.014135 0.006274 0.003990 hargrave 2021-06-17 10:25:04 
TT 565 291.8  28.7  20.0  85.2 2.09E-06 007.4 309.5  49.7 0.016464 0.005379 0.023744 hargrave 2021-06-17 16:36:30 
TT 568 288.8  55.2 103.1  63.2 8.99E-07 012.4 272.0  69.6 0.007424 0.008506 0.023214 hargrave 2021-06-18 14:35:29 
TT 568 286.3  35.0 106.3  83.5 1.25E-06 004.0 298.2  53.1 0.008583 0.003901 0.001298 hargrave 2021-06-21 10:00:42 
TT 571 294.3  65.4 100.8  52.8 1.36E-06 005.6 242.5  75.5 0.007426 0.011677 0.004301 hargrave 2021-06-21 14:53:07 
TT 574 025.6  29.1  46.1   6.2 1.42E-06 005.2 077.4  39.8 0.004652 0.009872 0.007482 hargrave 2021-07-07 16:40:58 
TT 576 195.8  48.0 151.9  20.5 1.29E-06 012.0 214.6  26.9 0.009312 0.026827 0.007238 hargrave 2021-07-08 18:43:03 
