CS8- 6 mag compass orientation (IGRF corrected)
   0.25  37.1  22.0  43.7  54.6   1.0
NRM    319.3  07.2 325.3  61.3 1.76E-04 003.6 013.8  28.6 0.156210 1.028675 0.346972 hargrave 2021-04-26 14:25:11 
TT 100 318.6  06.6 323.7  60.8 1.76E-04 002.3 013.0  28.1 0.251011 0.531300 0.387367 hargrave 2021-04-28 14:49:55 
TT 150 316.8  06.5 320.1  61.0 1.77E-04 004.6 010.9  28.2 0.195236 1.343924 0.423043 hargrave 2021-05-20 14:09:24 
TT 200 318.6  06.5 323.7  60.8 1.77E-04 002.3 013.0  28.0 0.063526 0.606258 0.389928 hargrave 2021-05-21 09:12:54 
TT 250 319.0  06.6 324.5  60.8 1.76E-04 006.2 013.4  28.1 0.283323 1.855629 0.385614 hargrave 2021-05-21 15:27:26 
TT 300 319.9  06.5 326.3  60.5 1.76E-04 001.8 014.5  27.9 0.240698 0.354561 0.366495 hargrave 2021-05-27 12:43:26 
TT 350 321.2  06.6 328.9  60.4 1.77E-04 002.7 015.9  27.9 0.073383 0.738133 0.363207 hargrave 2021-05-28 09:00:55 
TT 375 317.4  06.2 321.2  60.6 1.76E-04 001.9 011.6  27.8 0.233298 0.356905 0.381014 hargrave 2021-05-28 16:45:22 
TT 400 318.8  06.3 324.0  60.5 1.74E-04 002.9 013.2  27.8 0.328866 0.742071 0.378217 hargrave 2021-05-31 17:23:43 
TT 400 318.8  06.3 324.0  60.5 1.74E-04 003.0 013.1  27.8 0.334612 0.754690 0.383999 hargrave 2021-05-31 19:11:18 
TT 425 318.5  06.1 323.4  60.4 1.70E-04 002.3 012.8  27.7 0.262871 0.531001 0.363352 hargrave 2021-06-01 14:25:16 
TT 425 318.8  06.2 324.0  60.4 1.70E-04 002.0 013.2  27.7 0.236501 0.416582 0.364120 hargrave 2021-06-01 16:09:12 
TT 450 316.9  06.0 320.2  60.5 1.65E-04 001.7 011.0  27.6 0.060157 0.322651 0.374478 hargrave 2021-06-07 15:51:50 
TT 475 321.9  06.5 330.2  60.1 1.62E-04 001.3 016.6  27.7 0.149573 0.115925 0.332628 hargrave 2021-06-08 14:03:29 
TT 500 319.9  06.2 326.2  60.2 1.59E-04 001.3 014.4  27.6 0.125081 0.085425 0.322878 hargrave 2021-06-09 09:07:44 
TT 515 314.0  05.9 314.3  60.5 1.56E-04 001.5 007.8  27.7 0.094342 0.219650 0.358256 hargrave 2021-06-09 17:40:49 
TT 530 318.6  06.4 323.7  60.7 1.50E-04 003.7 013.0  27.9 0.318610 0.850998 0.330719 hargrave 2021-06-10 18:29:09 
TT 540 319.9  06.7 326.4  60.7 1.36E-04 003.0 014.4  28.1 0.283669 0.570632 0.308000 hargrave 2021-06-14 16:14:13 
TT 550 319.5  06.8 325.6  60.9 1.04E-04 004.0 014.1  28.2 0.088848 0.685032 0.247756 hargrave 2021-06-15 15:21:56 
TT 560 318.6  06.6 323.7  60.8 5.08E-05 001.9 013.0  28.1 0.065917 0.082967 0.140076 hargrave 2021-06-16 16:47:43 
TT 565 319.5  06.6 325.5  60.7 1.77E-05 003.1 013.9  28.0 0.029559 0.084960 0.040102 hargrave 2021-06-17 16:53:24 
TT 568 316.0  09.2 318.8  63.7 1.35E-05 002.5 010.3  30.9 0.023123 0.049018 0.029936 hargrave 2021-06-18 14:52:44 
TT 571 328.3  08.6 343.7  60.1 1.12E-05 003.0 024.2  29.0 0.023426 0.051941 0.020409 hargrave 2021-06-21 15:05:37 
TT 574 309.8  14.4 303.2  68.7 7.14E-06 002.5 003.2  36.4 0.014674 0.026731 0.019797 hargrave 2021-07-07 16:56:02 
TT 576 343.5  30.5  41.1  64.6 3.75E-06 004.1 048.4  46.9 0.005810 0.028606 0.005610 hargrave 2021-07-08 18:50:15 
TT 579 351.6  39.5  63.0  59.9 2.21E-06 008.5 063.3  52.7 0.008850 0.031802 0.008556 hargrave 2021-07-09 18:18:19 
TT 579 302.1  23.9 269.4  74.7 2.67E-06 002.5 353.4  45.7 0.007396 0.007457 0.006359 hargrave 2021-07-19 10:59:26 
TT 582 005.5  13.5  32.0  38.7 5.77E-06 002.9 065.0  24.0 0.035294 0.026068 0.004287 hargrave 2021-07-19 17:42:45 
TT 585 311.8 -10.0 311.1  44.6 1.02E-05 001.9 004.8  12.0 0.018256 0.027437 0.019192 hargrave 2021-07-21 09:02:30 
