CS8- 9 mag compass orientation (IGRF corrected)
   0.15  42.1  44.0  43.7  54.6   1.0
NRM    311.1  06.6 308.3  61.1 1.06E-04 001.0 358.5  50.6 0.081443 0.173450 0.053811 hargrave 2021-04-26 14:29:27 
TT 100 312.0  05.7 310.3  60.3 1.05E-04 003.8 359.8  49.7 0.087165 0.693590 0.053427 hargrave 2021-04-28 14:54:11 
TT 150 308.5  05.5 303.4  59.7 1.06E-04 000.9 354.4  49.4 0.101763 0.130455 0.053801 hargrave 2021-05-20 14:13:41 
TT 200 309.2  05.1 304.9  59.4 1.06E-04 001.9 355.7  49.0 0.069187 0.330539 0.061585 hargrave 2021-05-21 09:17:09 
TT 250 308.2  05.2 302.9  59.4 1.04E-04 003.3 354.0  49.1 0.066269 0.589865 0.054862 hargrave 2021-05-21 15:32:33 
TT 300 308.2  04.8 303.0  59.0 1.04E-04 000.9 354.1  48.7 0.056453 0.147281 0.057896 hargrave 2021-05-27 12:48:33 
TT 350 311.3  04.9 309.0  59.4 1.04E-04 001.2 358.8  48.9 0.050438 0.212253 0.057211 hargrave 2021-05-28 09:05:12 
TT 375 308.6  04.8 303.8  59.0 1.04E-04 001.8 354.7  48.7 0.066714 0.310890 0.054715 hargrave 2021-05-28 16:49:39 
TT 400 308.7  04.9 303.9  59.2 1.04E-04 002.4 354.9  48.8 0.074624 0.426265 0.055134 hargrave 2021-05-31 17:28:51 
TT 400 308.7  04.9 303.9  59.2 1.04E-04 002.4 354.8  48.8 0.072881 0.431498 0.055811 hargrave 2021-05-31 19:16:23 
TT 425 308.4  04.8 303.4  59.0 1.02E-04 002.7 354.3  48.7 0.078952 0.472572 0.051367 hargrave 2021-06-01 14:29:34 
TT 425 308.2  04.8 303.0  59.0 1.02E-04 002.9 354.1  48.7 0.084983 0.507082 0.051650 hargrave 2021-06-01 16:13:31 
TT 450 310.3  04.9 307.0  59.3 1.00E-04 003.2 357.3  48.8 0.098403 0.549543 0.054888 hargrave 2021-06-07 15:56:07 
TT 475 310.3  04.5 307.1  58.9 9.89E-05 001.0 357.2  48.4 0.042996 0.162180 0.056217 hargrave 2021-06-08 14:07:48 
TT 500 309.4  04.8 305.3  59.1 9.71E-05 000.7 356.0  48.7 0.040195 0.110157 0.047619 hargrave 2021-06-09 09:11:59 
TT 515 310.2  04.5 306.9  58.9 9.56E-05 000.9 357.2  48.5 0.036839 0.131047 0.053884 hargrave 2021-06-09 17:46:10 
TT 530 309.3  04.6 305.2  58.9 9.00E-05 003.4 355.8  48.6 0.060552 0.528050 0.051299 hargrave 2021-06-10 18:33:26 
TT 540 308.8  04.7 304.2  59.0 8.67E-05 003.4 355.1  48.6 0.062648 0.507114 0.039758 hargrave 2021-06-14 16:17:50 
TT 550 310.1  04.9 306.7  59.3 6.81E-05 001.8 356.9  48.8 0.064938 0.203276 0.033030 hargrave 2021-06-15 15:27:02 
TT 560 308.3  04.4 303.3  58.6 2.46E-05 001.7 354.3  48.3 0.031663 0.065351 0.010228 hargrave 2021-06-16 16:52:00 
TT 565 311.6  03.6 309.7  58.1 1.25E-05 001.3 359.3  47.6 0.017831 0.023677 0.008416 hargrave 2021-06-17 16:57:41 
TT 568 314.1  06.3 314.5  60.9 6.80E-06 002.8 003.1  50.3 0.014589 0.024959 0.022454 hargrave 2021-06-18 14:56:49 
TT 571 306.3  10.5 296.8  64.2 6.26E-06 002.9 350.2  54.1 0.008391 0.031353 0.007694 hargrave 2021-06-21 15:09:43 
TT 574 308.8 -03.9 306.0  50.4 7.21E-06 002.7 355.7  40.0 0.012467 0.016782 0.033062 hargrave 2021-07-07 17:00:08 
TT 576 289.0  21.3 250.2  64.2 3.35E-06 006.2 314.8  59.0 0.007058 0.040553 0.010888 hargrave 2021-07-08 18:53:40 
TT 579 320.4  34.1  32.3  84.3 2.97E-06 007.3 030.8  76.5 0.005794 0.037018 0.007977 hargrave 2021-07-09 18:23:14 
TT 582 342.5  33.4  47.2  66.2 3.40E-06 006.5 072.1  63.6 0.014236 0.038700 0.004719 hargrave 2021-07-19 17:48:45 
TT 585 286.8 -13.6 281.3  34.8 6.67E-06 002.5 332.4  26.2 0.016070 0.032307 0.020699 hargrave 2021-07-21 09:08:31 
