CS8- 5 mag compass orientation (IGRF corrected)
  0.005  47.1  26.0  43.7  54.6   1.0
NRM    313.7  17.0 313.7  71.6 3.18E-05 005.4 355.6  43.0 0.086424 0.289363 0.034456 hargrave 2021-04-26 14:23:50 
TT 100 307.7  11.4 299.5  65.4 3.00E-05 001.8 348.4  37.0 0.078058 0.059886 0.044234 hargrave 2021-04-28 14:48:34 
TT 150 304.7  11.6 292.6  64.8 2.99E-05 005.2 344.7  36.9 0.113396 0.244175 0.062468 hargrave 2021-05-20 14:08:03 
TT 200 309.7  09.7 304.7  64.0 2.95E-05 003.4 351.0  35.5 0.091955 0.144034 0.061351 hargrave 2021-05-21 09:11:30 
TT 250 308.4  09.4 301.9  63.6 2.93E-05 003.3 349.5  35.0 0.093330 0.144271 0.047514 hargrave 2021-05-21 15:26:05 
TT 300 310.7  08.1 307.2  62.6 2.96E-05 001.5 352.3  34.0 0.079845 0.028203 0.045245 hargrave 2021-05-27 12:42:06 
TT 350 307.6  07.8 300.8  61.8 2.98E-05 004.1 348.7  33.4 0.108263 0.187228 0.044132 hargrave 2021-05-28 08:59:34 
TT 375 306.1  06.1 298.5  59.9 3.00E-05 003.3 347.2  31.5 0.263109 0.083272 0.041442 hargrave 2021-05-28 16:44:01 
TT 400 306.7  05.0 300.1  58.9 2.99E-05 004.8 347.9  30.5 0.371103 0.154274 0.040964 hargrave 2021-05-31 17:22:22 
TT 400 305.9  06.4 298.0  60.1 2.88E-05 003.2 346.9  31.8 0.090640 0.139289 0.039315 hargrave 2021-05-31 19:09:57 
TT 425 305.9  05.9 298.2  59.6 2.83E-05 001.8 346.9  31.3 0.078185 0.060790 0.037727 hargrave 2021-06-01 14:23:56 
TT 425 306.1  05.9 298.6  59.7 2.82E-05 002.1 347.2  31.3 0.078080 0.080598 0.038568 hargrave 2021-06-01 16:07:52 
TT 450 303.5  05.3 294.0  58.5 2.77E-05 003.9 344.2  30.5 0.091043 0.167509 0.038754 hargrave 2021-06-07 15:50:29 
TT 475 305.2  04.6 297.5  58.2 2.70E-05 002.7 346.3  30.0 0.080651 0.105936 0.035141 hargrave 2021-06-08 14:02:08 
TT 500 303.9  04.3 295.2  57.6 2.55E-05 002.2 344.8  29.5 0.077556 0.073588 0.031308 hargrave 2021-06-09 09:06:23 
TT 515 302.1  04.5 291.9  57.3 2.35E-05 003.6 342.8  29.5 0.092699 0.126523 0.022316 hargrave 2021-06-09 17:39:28 
TT 530 294.0  03.4 279.5  53.2 2.20E-05 003.0 333.9  27.2 0.077812 0.097556 0.019671 hargrave 2021-06-10 18:27:48 
TT 540 301.9  04.3 291.7  57.0 1.64E-05 002.1 342.5  29.3 0.036059 0.054916 0.018661 hargrave 2021-06-14 16:13:06 
TT 550 294.9  05.8 279.0  55.7 1.23E-05 007.4 334.4  29.6 0.079162 0.139828 0.016310 hargrave 2021-06-15 15:20:36 
TT 560 298.1  02.1 286.7  53.7 5.65E-06 002.8 338.7  26.6 0.018536 0.021729 0.014552 hargrave 2021-06-16 16:46:23 
TT 565 291.2  08.8 270.6  56.4 1.88E-06 002.3 329.5  31.9 0.007493 0.006506 0.001864 hargrave 2021-06-17 16:52:04 
TT 568 298.0  24.3 258.7  72.5 1.41E-06 004.4 333.3  48.4 0.007917 0.004176 0.020650 hargrave 2021-06-18 14:51:19 
TT 571 327.0  52.0 108.1  70.9 7.21E-07 007.3 028.0  77.0 0.003608 0.008463 0.001139 hargrave 2021-06-21 15:04:12 
TT 574 168.5  28.7 165.5 -18.0 5.15E-07 015.8 207.3  05.9 0.007647 0.012261 0.002938 hargrave 2021-07-07 16:54:33 
