CS8- 8 mag compass orientation (IGRF corrected)
      1 262.1  52.0  43.7  54.6   1.0
NRM    333.3  39.4  64.0  74.0 1.97E-05 002.8 165.3 -10.7 0.039758 0.094196 0.023804 hargrave 2021-04-26 14:27:59 
TT 100 326.5  28.5  14.8  77.1 1.54E-05 002.9 156.3 -19.3 0.035850 0.075953 0.024881 hargrave 2021-04-28 14:52:42 
TT 150 325.9  24.5   1.0  74.8 1.44E-05 003.6 154.1 -22.8 0.045198 0.087902 0.010800 hargrave 2021-05-20 14:12:12 
TT 200 324.6  20.4 349.1  72.2 1.36E-05 004.0 151.2 -26.2 0.050290 0.088920 0.018908 hargrave 2021-05-21 09:15:41 
TT 250 323.2  19.5 344.0  72.0 1.27E-05 005.4 149.4 -26.4 0.063344 0.104121 0.018326 hargrave 2021-05-21 15:31:03 
TT 300 323.2  17.6 341.5  70.3 1.18E-05 003.0 148.6 -28.2 0.032599 0.054338 0.023069 hargrave 2021-05-27 12:47:03 
TT 350 320.4  15.3 332.0  69.0 1.12E-05 003.4 144.6 -29.0 0.034367 0.064793 0.019081 hargrave 2021-05-28 09:03:43 
TT 375 322.3  14.5 336.1  67.7 1.09E-05 004.3 146.0 -30.6 0.048599 0.071464 0.022123 hargrave 2021-05-28 16:48:10 
TT 400 323.5  13.6 338.2  66.5 1.05E-05 004.6 146.8 -31.9 0.045351 0.071426 0.020617 hargrave 2021-05-31 17:27:22 
TT 400 323.5  13.5 338.1  66.4 1.05E-05 004.5 146.7 -31.9 0.044250 0.071123 0.020323 hargrave 2021-05-31 19:14:55 
TT 425 316.9  10.6 321.2  65.0 9.78E-06 003.7 138.4 -31.3 0.037606 0.058541 0.019641 hargrave 2021-06-01 14:28:05 
TT 425 316.7  10.6 320.7  65.1 9.76E-06 003.7 138.2 -31.2 0.037256 0.058362 0.021580 hargrave 2021-06-01 16:12:02 
TT 450 317.0  09.6 321.1  64.0 9.12E-06 004.0 137.9 -32.2 0.039935 0.059371 0.020734 hargrave 2021-06-07 15:54:38 
TT 475 318.0  07.9 322.9  62.2 8.46E-06 004.8 137.8 -34.2 0.045573 0.061666 0.019217 hargrave 2021-06-08 14:06:18 
TT 500 321.8  11.7 332.9  65.2 8.52E-06 004.3 144.0 -32.8 0.038691 0.058486 0.022761 hargrave 2021-06-09 09:10:31 
TT 515 320.9  13.3 331.9  67.0 7.57E-06 003.7 144.0 -30.9 0.022974 0.044414 0.019151 hargrave 2021-06-09 17:44:41 
TT 530 310.5  02.1 307.9  56.6 6.88E-06 004.9 126.3 -34.5 0.040730 0.053541 0.017803 hargrave 2021-06-10 18:31:57 
TT 540 321.2  05.8 328.6  59.6 6.12E-06 005.3 139.8 -37.7 0.050699 0.046760 0.014848 hargrave 2021-06-14 16:16:37 
TT 550 313.7  12.0 313.7  66.6 7.04E-06 003.7 136.3 -28.4 0.022892 0.039893 0.024333 hargrave 2021-06-15 15:25:34 
TT 560 309.4  20.2 298.6  74.3 5.85E-06 004.9 137.6 -19.3 0.034770 0.047226 0.024509 hargrave 2021-06-16 16:50:31 
TT 565 316.9  30.7 344.3  84.6 4.82E-06 005.0 149.3 -13.8 0.029654 0.032937 0.022425 hargrave 2021-06-17 16:56:12 
TT 568 310.4  38.4 174.1  86.0 4.20E-06 002.4 148.5 -04.5 0.019658 0.009748 0.017720 hargrave 2021-06-18 14:55:27 
TT 571 292.4  45.2 186.0  71.1 2.92E-06 006.9 142.0  09.1 0.006697 0.041030 0.006644 hargrave 2021-06-21 15:08:20 
TT 574 084.8 -02.9  68.0 -34.4 2.90E-06 007.2 274.0  00.4 0.032460 0.029020 0.020062 hargrave 2021-07-07 16:58:45 
TT 574 088.0 -06.3  67.4 -39.0 3.46E-06 011.0 278.6  00.8 0.065523 0.015372 0.009701 hargrave 2021-07-08 10:04:25 
TT 576 352.5  49.5  82.5  58.5 4.60E-06 007.1 180.2 -02.5 0.012483 0.056344 0.008657 hargrave 2021-07-08 18:52:34 
TT 579 008.6  35.4  60.4  45.9 5.76E-06 009.1 193.9 -15.0 0.030195 0.086716 0.012119 hargrave 2021-07-09 18:20:57 
TT 579 032.4  34.3  68.0  27.3 4.91E-06 001.9 212.7 -08.6 0.008064 0.014899 0.012066 hargrave 2021-07-19 11:00:50 
TT 582 263.7 -07.1 255.4  26.6 6.60E-06 005.3 085.4 -05.6 0.063883 0.041327 0.008317 hargrave 2021-07-19 17:45:59 
TT 585 075.3  09.2  70.8 -19.2 6.74E-06 002.9 258.6  00.4 0.028344 0.043999 0.006329 hargrave 2021-07-21 09:05:45 
