CS8- 4 mag compass orientation (IGRF corrected)
  0.005  51.1  22.0  43.7  54.6   1.0
NRM    316.8  13.2 321.6  67.6 3.77E-05 005.1 354.9  35.1 0.098758 0.296042 0.126552 hargrave 2021-04-26 14:22:28 
TT 100 312.0  09.7 309.8  64.3 3.64E-05 002.8 349.5  31.4 0.078986 0.078869 0.139260 hargrave 2021-04-28 14:47:11 
TT 150 312.2  09.1 310.4  63.7 3.60E-05 002.9 349.8  30.8 0.081573 0.084046 0.140815 hargrave 2021-05-20 14:06:41 
TT 200 311.6  08.5 309.1  63.0 3.58E-05 002.9 349.1  30.2 0.090709 0.073624 0.137374 hargrave 2021-05-21 09:10:03 
TT 250 310.1  08.3 305.9  62.7 3.54E-05 002.8 347.5  29.8 0.076955 0.039800 0.149793 hargrave 2021-05-21 15:24:43 
TT 300 314.2  07.6 314.8  62.2 3.63E-05 002.8 352.2  29.4 0.075655 0.041653 0.158515 hargrave 2021-05-27 12:40:44 
TT 350 311.1  07.4 308.2  61.9 3.62E-05 003.1 348.7  29.0 0.093245 0.083402 0.150986 hargrave 2021-05-28 08:58:12 
TT 375 308.0  07.2 301.9  61.3 3.56E-05 002.9 345.1  28.5 0.087109 0.064525 0.146635 hargrave 2021-05-28 16:42:39 
TT 400 311.6  06.8 309.3  61.3 3.55E-05 003.4 349.2  28.4 0.090626 0.124854 0.149318 hargrave 2021-05-31 17:21:00 
TT 400 310.7  06.8 307.5  61.3 3.55E-05 003.0 348.3  28.4 0.083879 0.073292 0.149315 hargrave 2021-05-31 19:08:35 
TT 425 309.4  06.4 304.9  60.7 3.48E-05 003.9 346.8  27.9 0.105058 0.160854 0.144242 hargrave 2021-06-01 14:22:34 
TT 425 307.4  06.6 300.9  60.6 3.49E-05 002.7 344.6  27.9 0.078946 0.048536 0.141204 hargrave 2021-06-01 16:06:29 
TT 450 307.8  06.2 301.8  60.3 3.45E-05 002.5 345.1  27.5 0.057874 0.043705 0.139879 hargrave 2021-06-07 15:49:07 
TT 475 308.4  06.1 303.0  60.3 3.39E-05 003.3 345.7  27.5 0.096662 0.104053 0.138608 hargrave 2021-06-08 14:00:45 
TT 500 305.8  05.7 298.1  59.4 3.25E-05 002.8 342.8  26.8 0.059164 0.067120 0.134640 hargrave 2021-06-09 09:05:01 
TT 515 306.0  05.7 298.5  59.5 3.08E-05 003.1 343.1  26.8 0.090153 0.073208 0.125443 hargrave 2021-06-09 17:38:06 
TT 530 310.5  05.0 307.4  59.5 2.86E-05 002.7 348.2  26.6 0.068431 0.039483 0.120661 hargrave 2021-06-10 18:26:25 
TT 540 304.6  06.5 295.4  59.9 2.42E-05 003.7 341.5  27.5 0.085487 0.104780 0.104862 hargrave 2021-06-14 16:11:57 
TT 550 306.4  06.8 298.8  60.6 2.09E-05 003.8 343.4  28.0 0.037152 0.111690 0.080405 hargrave 2021-06-15 15:19:13 
TT 560 301.5  05.1 290.5  57.7 1.23E-05 004.7 338.2  25.7 0.052836 0.072393 0.050985 hargrave 2021-06-16 16:45:01 
TT 565 300.9  08.4 287.2  60.6 5.84E-06 002.9 337.0  28.9 0.021008 0.012175 0.019652 hargrave 2021-06-17 16:50:41 
TT 568 312.7  04.9 311.7  59.5 4.42E-06 003.2 350.6  26.6 0.013845 0.017515 0.013881 hargrave 2021-06-18 14:49:03 
TT 571 314.1  12.0 314.7  66.6 2.53E-06 003.1 351.8  33.8 0.011464 0.006352 0.007089 hargrave 2021-06-21 15:02:44 
TT 574 253.7  06.0 237.0  27.8 7.26E-07 005.9 289.0  13.9 0.008386 0.004084 0.001068 hargrave 2021-07-07 16:53:05 
TT 576 260.0  01.2 245.7  29.6 1.68E-06 002.1 296.7  11.6 0.003199 0.010191 0.002457 hargrave 2021-07-08 18:48:00 
TT 579 129.5  13.1 128.2 -41.3 1.93E-06 003.8 168.5 -08.4 0.004470 0.012014 0.004748 hargrave 2021-07-09 18:17:10 
TT 582 091.1  35.5  99.8  -8.7 2.31E-06 005.1 138.4  20.0 0.005785 0.022904 0.002552 hargrave 2021-07-19 17:41:19 
TT 585 149.1  26.6 149.1 -26.3 2.16E-06 007.3 187.2  04.8 0.008565 0.026514 0.004661 hargrave 2021-07-21 09:01:03 
