CS8- 7 mag compass orientation (IGRF corrected)
    0.7 347.1  30.0  43.7  54.6   1.0
NRM    312.5  12.0 310.7  66.6 7.92E-05 002.6 064.9  27.2 0.222923 0.209044 0.200251 hargrave 2021-04-26 14:26:33 
TT 100 314.7  12.6 316.2  67.2 7.81E-05 001.9 067.4  26.7 0.111754 0.129491 0.202426 hargrave 2021-04-28 14:51:17 
TT 150 310.7  10.8 306.6  65.2 7.85E-05 003.0 062.5  27.0 0.258669 0.230236 0.232147 hargrave 2021-05-20 14:10:46 
TT 200 310.5  10.1 306.4  64.5 7.83E-05 003.8 061.9  26.4 0.335972 0.305442 0.274324 hargrave 2021-05-21 09:14:18 
TT 250 310.9  10.4 307.2  64.9 7.72E-05 005.2 062.5  26.5 0.532341 0.404842 0.242346 hargrave 2021-05-21 15:28:48 
TT 300 315.0  12.0 316.9  66.6 7.68E-05 001.9 067.3  26.1 0.076935 0.125101 0.223946 hargrave 2021-05-27 12:44:48 
TT 350 311.1  10.4 307.7  64.9 7.61E-05 002.0 062.8  26.5 0.197856 0.072991 0.184496 hargrave 2021-05-28 09:02:17 
TT 375 313.4  11.6 313.0  66.2 7.53E-05 001.5 065.6  26.4 0.079865 0.093657 0.177520 hargrave 2021-05-28 16:46:45 
TT 400 307.2  08.1 299.9  62.1 7.43E-05 002.0 057.8  26.1 0.115705 0.088375 0.223065 hargrave 2021-05-31 17:25:06 
TT 400 307.5  08.3 300.4  62.3 7.43E-05 001.9 058.1  26.1 0.091571 0.104725 0.223244 hargrave 2021-05-31 19:12:41 
TT 425 309.3  09.1 304.0  63.4 7.27E-05 002.6 060.3  26.0 0.254922 0.075354 0.215917 hargrave 2021-06-01 14:26:38 
TT 425 310.0  09.6 305.4  64.0 7.27E-05 002.0 061.2  26.2 0.164100 0.053538 0.200110 hargrave 2021-06-01 16:10:35 
TT 450 308.3  08.9 301.9  63.0 7.09E-05 002.8 059.2  26.3 0.194675 0.218585 0.203285 hargrave 2021-06-07 15:53:13 
TT 475 309.7  09.9 304.6  64.2 6.88E-05 005.6 061.1  26.7 0.520803 0.388060 0.194244 hargrave 2021-06-08 14:04:52 
TT 500 310.6  10.2 306.6  64.6 6.78E-05 002.8 062.1  26.5 0.270424 0.080357 0.180425 hargrave 2021-06-09 09:09:06 
TT 515 309.2  09.9 303.5  64.2 6.66E-05 002.3 060.6  26.8 0.132668 0.168201 0.181913 hargrave 2021-06-09 17:42:12 
TT 530 310.2  09.9 305.7  64.3 6.55E-05 001.9 061.6  26.4 0.070653 0.086152 0.196103 hargrave 2021-06-10 18:30:31 
TT 540 307.8  08.9 300.8  63.0 6.48E-05 002.6 058.7  26.6 0.150276 0.213122 0.166891 hargrave 2021-06-14 16:15:27 
TT 550 312.6  12.5 310.9  67.1 5.83E-05 001.6 065.3  27.6 0.059204 0.086609 0.138249 hargrave 2021-06-15 15:23:18 
TT 560 310.3  11.4 305.5  65.8 4.31E-05 002.0 062.4  27.7 0.051065 0.060783 0.135401 hargrave 2021-06-16 16:49:06 
TT 565 313.2  11.1 312.5  65.7 2.66E-05 002.2 065.1  26.1 0.050469 0.044302 0.083517 hargrave 2021-06-17 16:54:46 
TT 568 314.1  12.6 314.7  67.2 1.99E-05 002.8 066.7  27.0 0.072066 0.041101 0.062263 hargrave 2021-06-18 14:54:07 
TT 571 318.2  11.3 324.4  65.6 1.58E-05 004.1 070.0  24.0 0.106759 0.034145 0.035767 hargrave 2021-06-21 15:07:00 
TT 574 302.1  10.3 288.1  62.8 9.74E-06 003.6 053.6  30.2 0.054347 0.030529 0.010761 hargrave 2021-07-07 16:57:24 
TT 576 286.6  13.8 258.4  57.4 4.87E-06 005.3 037.9  39.0 0.017497 0.042240 0.005276 hargrave 2021-07-08 18:51:26 
TT 579 339.5  22.7  21.2  64.2 5.14E-06 002.3 095.5  23.3 0.014322 0.047113 0.006141 hargrave 2021-07-09 18:19:31 
TT 582 329.0  06.7 343.4  58.0 1.02E-05 001.5 077.5  14.8 0.028708 0.044263 0.020623 hargrave 2021-07-19 17:44:15 
TT 585 276.8 -11.8 270.2  31.3 9.30E-06 002.0 020.1  16.5 0.019088 0.027117 0.013870 hargrave 2021-07-21 09:04:00 
