CS8- 3 mag compass orientation (IGRF corrected)
      0  37.1  40.0  43.7  54.6   1.0
NRM    350.9  39.0  61.9  60.4 1.29E-05 004.5 087.4  57.5 0.093945 0.023877 0.035924 hargrave 2021-04-26 14:21:03 
TT 100 349.7  35.3  54.2  60.8 1.15E-05 002.0 081.0  56.0 0.025211 0.028721 0.016717 hargrave 2021-04-28 14:45:45 
TT 150 347.1  31.3  44.9  61.9 1.07E-05 002.1 073.0  54.9 0.032279 0.017000 0.014587 hargrave 2021-05-20 14:05:16 
TT 200 347.8  31.2  45.1  61.3 1.03E-05 001.2 073.6  54.4 0.015608 0.014790 0.008126 hargrave 2021-05-21 09:08:33 
TT 250 347.8  29.0  40.9  60.6 9.76E-06 001.6 071.0  52.9 0.025369 0.010976 0.006488 hargrave 2021-05-21 15:23:18 
TT 300 347.8  28.3  39.5  60.3 8.81E-06 005.0 070.2  52.3 0.070640 0.032599 0.004971 hargrave 2021-05-27 12:39:19 
TT 350 344.5  23.8  28.6  61.0 7.69E-06 001.7 061.9  50.9 0.014099 0.011702 0.026285 hargrave 2021-05-28 08:56:47 
TT 375 338.3  19.7  14.3  63.3 6.74E-06 002.3 050.7  50.8 0.020248 0.018524 0.003318 hargrave 2021-05-28 16:41:13 
TT 400 339.0  19.2  14.4  62.4 6.27E-06 001.0 051.0  50.1 0.008780 0.008784 0.002960 hargrave 2021-05-31 17:19:35 
TT 400 339.7  20.0  16.6  62.4 6.28E-06 001.7 052.7  50.4 0.014720 0.010893 0.004755 hargrave 2021-05-31 19:07:11 
TT 425 331.7  14.7 356.2  63.7 5.64E-06 001.4 038.3  49.4 0.010765 0.008869 0.003060 hargrave 2021-06-01 14:21:09 
TT 425 332.0  15.2 357.4  64.0 5.66E-06 001.2 038.9  49.8 0.008989 0.009084 0.002986 hargrave 2021-06-01 16:05:04 
TT 450 329.4  10.7 347.5  61.5 4.97E-06 002.0 032.9  46.6 0.008308 0.013490 0.007826 hargrave 2021-06-07 15:47:42 
TT 475 323.7  08.2 334.7  61.3 4.36E-06 003.8 024.0  46.0 0.009135 0.027905 0.002738 hargrave 2021-06-08 13:59:19 
TT 500 316.8  04.2 319.7  58.7 3.48E-06 001.9 013.3  43.4 0.008601 0.008728 0.003217 hargrave 2021-06-09 09:03:36 
TT 515 313.7  01.5 313.7  56.1 2.70E-06 002.1 008.8  41.2 0.006433 0.007628 0.003516 hargrave 2021-06-09 17:36:40 
TT 530 296.1 -11.6 290.9  40.1 1.79E-06 003.3 347.8  27.6 0.005499 0.010044 0.000985 hargrave 2021-06-10 18:25:00 
TT 540 307.2  09.8 299.1  63.7 8.90E-07 008.1 000.1  49.8 0.004024 0.003394 0.020415 hargrave 2021-06-14 16:10:48 
TT 540 144.1  55.2 139.6   1.0 5.90E-06 003.5 190.0  16.1 0.007737 0.034226 0.010811 hargrave 2021-06-14 17:45:46 
TT 550 294.5  00.7 282.2  51.0 4.63E-07 005.4 343.6  39.5 0.003089 0.003779 0.003409 hargrave 2021-06-15 15:17:48 
TT 560 242.8  42.1 193.6  35.9 1.33E-07 019.8 254.6  46.0 0.003633 0.003475 0.001343 hargrave 2021-06-16 16:43:36 
TT 560 238.3  23.7 211.4  24.9 1.58E-07 012.9 269.6  31.4 0.002931 0.002361 0.001909 hargrave 2021-06-17 10:28:11 
TT 560 235.4  24.0 209.6  22.7 1.37E-07 016.5 267.3  29.7 0.003361 0.003264 0.001910 hargrave 2021-06-17 11:43:42 
TT 565 157.8  67.9 142.8  14.9 1.24E-07 023.2 192.8  30.1 0.002995 0.003654 0.003372 hargrave 2021-06-17 16:49:16 
TT 565 202.3  47.9 173.6  13.3 1.12E-07 019.5 226.8  27.3 0.003055 0.002911 0.001691 hargrave 2021-06-18 09:57:29 
