CS8- 2 mag compass orientation (IGRF corrected)
      0  44.1  45.0  43.7  54.6   1.0
NRM    337.0  23.3  19.1  66.5 1.83E-05 003.3 048.2  61.4 0.073236 0.076536 0.016843 hargrave 2021-04-26 14:19:34 
TT 100 331.2  18.6   0.9  67.2 1.68E-05 002.0 034.0  60.0 0.020231 0.059526 0.011160 hargrave 2021-04-28 14:44:17 
TT 150 331.0  17.5 358.8  66.4 1.65E-05 005.2 032.7  59.0 0.067963 0.132739 0.013976 hargrave 2021-05-20 14:03:47 
TT 200 331.2  16.4 357.6  65.4 1.63E-05 004.1 032.1  58.0 0.037555 0.109663 0.018424 hargrave 2021-05-21 09:07:00 
TT 250 332.2  15.6 358.3  64.2 1.59E-05 001.4 033.2  56.9 0.017749 0.033953 0.015955 hargrave 2021-05-21 15:21:50 
TT 300 330.5  13.9 353.0  63.7 1.53E-05 004.1 029.4  55.9 0.033476 0.102586 0.014605 hargrave 2021-05-27 12:37:50 
TT 350 326.1  10.6 341.2  62.8 1.45E-05 002.7 020.4  54.1 0.017019 0.064789 0.019150 hargrave 2021-05-28 08:55:19 
TT 375 322.5  07.4 331.9  60.9 1.36E-05 001.8 013.6  51.7 0.015313 0.040762 0.011032 hargrave 2021-05-28 16:39:45 
TT 400 323.8  06.5 333.9  59.6 1.31E-05 004.1 015.3  50.6 0.020596 0.091742 0.007620 hargrave 2021-05-31 17:18:06 
TT 400 324.2  06.7 334.7  59.7 1.31E-05 004.6 016.0  50.7 0.024363 0.102518 0.007278 hargrave 2021-05-31 19:05:42 
TT 425 320.3  04.3 326.3  58.3 1.26E-05 002.2 009.4  48.9 0.013695 0.046773 0.007264 hargrave 2021-06-01 14:19:40 
TT 425 320.6  04.3 326.9  58.3 1.26E-05 002.5 009.8  48.9 0.014434 0.053516 0.007671 hargrave 2021-06-01 16:03:35 
TT 450 316.0  02.0 317.9  56.5 1.20E-05 003.2 002.7  47.0 0.015371 0.066081 0.006694 hargrave 2021-06-07 15:46:14 
TT 475 313.5  00.2 313.4  54.8 1.15E-05 002.9 359.2  45.2 0.014352 0.056904 0.006780 hargrave 2021-06-08 13:57:51 
TT 500 311.1 -02.0 309.4  52.5 1.04E-05 001.2 355.9  42.9 0.013537 0.019562 0.005322 hargrave 2021-06-09 09:02:08 
TT 515 307.4 -02.1 303.4  52.0 9.26E-06 004.5 350.8  42.6 0.016622 0.070881 0.004364 hargrave 2021-06-09 17:35:11 
TT 530 307.0 -01.1 302.5  53.0 7.84E-06 003.2 350.2  43.5 0.011902 0.042105 0.009446 hargrave 2021-06-10 18:23:31 
TT 540 309.9 -00.8 307.3  53.6 4.03E-06 003.1 354.2  44.0 0.006894 0.021515 0.003455 hargrave 2021-06-14 16:08:55 
TT 550 307.9  01.3 303.4  55.5 2.24E-06 001.4 351.0  45.9 0.004397 0.004632 0.001466 hargrave 2021-06-15 15:16:19 
TT 560 308.5  04.7 303.6  58.9 5.85E-07 004.9 351.4  49.4 0.002471 0.002723 0.005670 hargrave 2021-06-16 16:40:33 
TT 565 310.3  49.0 143.1  76.2 2.13E-07 007.2 211.9  85.2 0.001878 0.001851 0.002204 hargrave 2021-06-17 16:46:10 
TT 568 099.0  43.6 109.3  -4.9 1.77E-07 048.7 155.3  03.9 0.002234 0.002016 0.024625 hargrave 2021-06-18 14:45:29 
TT 568 353.1  77.3 122.4  44.7 2.22E-07 011.0 166.3  54.1 0.002088 0.002017 0.005033 hargrave 2021-06-21 10:06:55 
TT 571 009.8 -10.4  14.0  20.0 3.80E-07 006.2 057.4  15.4 0.002564 0.003121 0.003012 hargrave 2021-06-21 14:59:10 
TT 574 219.0  23.4 201.8   9.7 2.69E-07 007.3 249.6  12.9 0.002264 0.002559 0.002457 hargrave 2021-07-07 16:48:37 
TT 576 219.6  12.3 211.3   3.8 4.84E-07 003.0 258.1  05.6 0.002059 0.004659 0.001867 hargrave 2021-07-08 18:46:33 
TT 579 099.9  48.1 111.9  -1.2 5.70E-07 003.6 157.7  07.8 0.002853 0.002721 0.002473 hargrave 2021-07-09 18:16:04 
TT 582 073.8  27.4  83.2  -5.5 6.80E-07 004.1 129.5  00.8 0.002461 0.004399 0.003816 hargrave 2021-07-19 17:39:56 
TT 585 131.9  40.4 132.3 -14.2 8.39E-07 002.3 178.3 -04.6 0.003437 0.002614 0.002148 hargrave 2021-07-21 08:59:40 
