CS9- 2 mag compass orientation (IGRF corrected)
    3.4 286.1  34.0  43.7  54.6   1.0
NRM    356.8  50.9  84.0  55.6 3.59E-05 001.5 167.3  18.1 0.056077 0.084327 0.034980 hargrave 2021-04-26 14:32:46 
TT 100 325.9  05.0 336.8  57.6 1.18E-05 003.3 127.0 -16.5 0.050277 0.047350 0.009217 hargrave 2021-04-28 14:57:31 
TT 150 326.0  05.2 337.1  57.7 1.18E-05 003.1 127.2 -16.4 0.047757 0.044702 0.009265 hargrave 2021-05-20 14:17:00 
TT 200 326.3  05.2 337.6  57.6 1.13E-05 004.8 127.5 -16.5 0.074552 0.060102 0.008490 hargrave 2021-05-21 09:20:25 
TT 250 324.6  04.3 334.1  57.3 1.07E-05 002.8 125.5 -16.6 0.042159 0.036307 0.007286 hargrave 2021-05-21 15:35:54 
TT 300 319.9 -00.9 324.1  53.2 9.63E-06 001.5 118.5 -19.0 0.020566 0.019225 0.006726 hargrave 2021-05-27 12:51:52 
TT 350 316.5 -04.6 318.0  49.9 8.65E-06 001.1 113.4 -20.4 0.016202 0.011777 0.006733 hargrave 2021-05-28 09:08:31 
TT 375 320.3 -04.9 323.8  49.2 8.25E-06 002.5 116.8 -22.6 0.031311 0.021492 0.005916 hargrave 2021-05-28 16:52:58 
TT 400 320.3 -05.3 323.7  48.8 7.86E-06 002.3 116.6 -22.9 0.026348 0.019966 0.006308 hargrave 2021-05-31 17:32:11 
TT 400 320.3 -05.4 323.7  48.7 7.84E-06 002.2 116.5 -23.0 0.024381 0.021681 0.006192 hargrave 2021-05-31 19:19:42 
TT 425 316.0 -07.5 317.0  47.0 7.56E-06 004.0 111.4 -22.6 0.045176 0.029837 0.006796 hargrave 2021-06-01 14:32:54 
TT 425 316.0 -07.5 317.0  47.0 7.55E-06 004.0 111.4 -22.6 0.044461 0.031216 0.006000 hargrave 2021-06-01 16:16:51 
TT 450 318.3 -07.6 320.4  46.8 7.60E-06 001.8 113.5 -23.9 0.024970 0.011171 0.005753 hargrave 2021-06-07 16:00:15 
TT 475 319.6 -06.8 322.4  47.4 7.46E-06 002.0 115.2 -23.9 0.017831 0.026821 0.004903 hargrave 2021-06-08 14:11:59 
TT 500 320.9 -09.2 323.8  44.9 7.06E-06 001.7 115.0 -26.5 0.012293 0.025707 0.007058 hargrave 2021-06-09 09:15:18 
TT 515 312.7 -10.6 312.3  44.0 6.52E-06 002.4 106.6 -23.4 0.017138 0.034770 0.004517 hargrave 2021-06-09 17:49:30 
TT 530 326.4 -03.8 333.2  49.0 6.44E-06 002.7 123.2 -24.6 0.013880 0.044039 0.005792 hargrave 2021-06-10 18:36:45 
TT 540 323.3 -07.0 327.7  46.6 5.20E-06 003.7 118.5 -25.9 0.021435 0.048922 0.009800 hargrave 2021-06-14 16:20:39 
TT 550 332.9 -05.0 341.7  45.8 3.85E-06 004.7 129.0 -28.6 0.044172 0.036586 0.002814 hargrave 2021-06-15 15:30:22 
TT 560 315.2  03.3 316.5  57.9 2.34E-06 010.1 116.5 -12.9 0.027506 0.077851 0.016668 hargrave 2021-06-16 16:56:54 
TT 560 302.0 -08.6 297.3  44.6 1.33E-06 018.0 098.4 -16.0 0.028130 0.044990 0.012187 hargrave 2021-06-17 10:32:27 
TT 560 308.9 -12.3 307.4  42.1 1.51E-06 006.5 102.3 -22.8 0.012957 0.024180 0.011619 hargrave 2021-06-17 11:47:10 
TT 565 012.8 -61.7 339.0 -18.2 1.15E-06 041.3 015.4 -84.0 0.016576 0.098994 0.023292 hargrave 2021-06-17 17:01:02 
TT 565 115.8 -49.3 351.5 -70.9 1.84E-06 008.8 308.7 -34.5 0.012304 0.041731 0.007947 hargrave 2021-06-18 10:00:55 
TT 568 345.5  28.1  37.5  62.1 1.49E-06 040.5 153.3 -02.0 0.030512 0.130096 0.003245 hargrave 2021-06-18 14:59:43 
TT 568 111.9 -19.6  77.4 -65.1 1.69E-06 012.4 285.8 -13.0 0.014748 0.048645 0.023152 hargrave 2021-06-21 10:10:04 
TT 571 054.4  21.4  67.2   4.0 2.72E-06 026.7 215.5 -06.0 0.024209 0.141749 0.024501 hargrave 2021-06-21 15:12:37 
TT 571 033.1  31.5  65.5  25.5 1.48E-06 019.4 194.4 -01.4 0.036265 0.019845 0.047256 hargrave 2021-06-22 09:14:02 
TT 574 056.3  48.4  90.6  18.4 2.73E-06 031.7 207.1  19.7 0.042516 0.159026 0.052671 hargrave 2021-07-07 17:03:02 
