CS9- 8 mag compass orientation (IGRF corrected)
      6 283.1  46.0  43.7  54.6   1.0
NRM    000.6  52.8  86.6  53.0 2.96E-05 002.0 172.4  07.4 0.051421 0.104278 0.025557 hargrave 2021-04-26 14:44:36 
TT 100 343.6  26.2  32.2  62.8 7.54E-06 005.0 152.8 -14.8 0.025152 0.062179 0.005692 hargrave 2021-04-28 15:08:31 
TT 150 340.1  23.8  24.0  64.4 7.32E-06 001.3 148.8 -15.8 0.017751 0.012364 0.005560 hargrave 2021-05-20 14:28:50 
TT 200 334.9  21.8  13.1  67.0 6.90E-06 002.6 143.4 -15.5 0.016741 0.028587 0.004818 hargrave 2021-05-21 09:31:00 
TT 250 337.9  22.1  18.0  65.1 6.48E-06 007.9 146.1 -16.5 0.044982 0.078573 0.003976 hargrave 2021-05-21 15:46:54 
TT 300 335.8  19.0   9.5  64.5 5.80E-06 003.4 142.9 -18.3 0.017118 0.032693 0.004456 hargrave 2021-05-27 13:02:05 
TT 350 332.2  15.6 358.3  64.2 5.26E-06 006.9 138.0 -19.7 0.037139 0.052440 0.005014 hargrave 2021-05-28 09:18:45 
TT 375 330.5  14.3 353.5  64.1 4.87E-06 004.2 135.7 -19.9 0.020348 0.031560 0.006997 hargrave 2021-05-28 17:03:13 
TT 400 333.2  14.8 359.0  63.0 4.43E-06 003.5 138.4 -20.9 0.014187 0.024614 0.005255 hargrave 2021-05-31 17:42:26 
TT 400 333.5  14.9 359.6  62.9 4.41E-06 003.8 138.8 -20.9 0.014416 0.028148 0.004973 hargrave 2021-05-31 19:29:57 
TT 425 323.1  09.2 334.1  62.4 4.29E-06 002.6 126.4 -20.2 0.011598 0.019713 0.005331 hargrave 2021-06-01 14:43:07 
TT 425 323.1  09.1 334.0  62.3 4.27E-06 002.5 126.2 -20.3 0.010073 0.020619 0.005522 hargrave 2021-06-01 16:27:08 
TT 450 330.0  13.4 351.5  63.5 4.37E-06 005.1 134.8 -20.5 0.018730 0.037323 0.003463 hargrave 2021-06-07 16:10:29 
TT 475 330.9  15.2 355.4  64.6 4.83E-06 006.1 136.6 -19.3 0.024873 0.049310 0.006331 hargrave 2021-06-08 14:22:18 
TT 500 334.8  19.9   9.4  65.8 4.55E-06 001.1 142.5 -17.1 0.015943 0.011451 0.002390 hargrave 2021-06-09 09:26:20 
TT 515 340.8  19.6  17.4  61.4 4.89E-06 004.7 147.6 -19.8 0.011949 0.042375 0.003942 hargrave 2021-06-09 18:01:26 
TT 530 335.9  20.0  11.3  65.1 4.56E-06 003.3 143.4 -17.5 0.009522 0.032134 0.002745 hargrave 2021-06-10 18:47:01 
TT 540 330.2  17.4 357.1  66.8 4.27E-06 002.1 137.2 -17.2 0.016146 0.029435 0.004203 hargrave 2021-06-14 16:29:15 
TT 550 340.5  13.3   8.0  57.3 3.39E-06 008.2 144.4 -25.5 0.007443 0.058339 0.010093 hargrave 2021-06-15 15:40:37 
TT 550 012.8  50.3  82.3  45.5 2.33E-06 036.4 179.8  04.3 0.008479 0.096963 0.142263 hargrave 2021-06-15 18:21:04 
TT 550 348.3  13.2  17.0  51.8 2.99E-06 007.3 152.3 -28.5 0.014844 0.035742 0.004388 hargrave 2021-06-15 18:33:25 
TT 560 335.0  20.4  10.6  66.0 2.07E-06 009.4 142.9 -16.7 0.014273 0.047608 0.002523 hargrave 2021-06-16 17:07:54 
TT 560 351.3  16.1  23.6  51.4 1.39E-06 015.6 156.4 -26.7 0.006919 0.040411 0.006266 hargrave 2021-06-17 10:38:36 
TT 560 345.7  15.7  17.4  55.3 1.50E-06 013.3 150.7 -25.3 0.007195 0.037699 0.002280 hargrave 2021-06-17 11:53:18 
TT 565 329.7  12.0 349.4  62.5 1.87E-06 018.7 133.7 -21.5 0.007026 0.077087 0.008154 hargrave 2021-06-17 17:11:16 
TT 565 352.7 -04.8   4.2  35.6 1.13E-06 016.9 149.5 -46.9 0.006313 0.037033 0.004902 hargrave 2021-06-18 10:08:28 
TT 568 351.5  17.3  25.3  51.9 4.84E-07 060.2 157.1 -25.6 0.014711 0.074609 0.022259 hargrave 2021-06-18 15:11:00 
TT 568 123.4 -14.2 107.5 -66.9 1.07E-06 012.4 294.2  04.1 0.007678 0.041781 0.014581 hargrave 2021-06-21 10:18:54 
