CS9- 4 mag compass orientation (IGRF corrected)
    5.8 301.1  51.0  43.7  54.6   1.0
NRM    359.8  48.0  78.7  54.0 3.39E-05 002.8 159.7  01.3 0.066644 0.153111 0.053472 hargrave 2021-04-26 14:38:41 
TT 100 334.2  08.6 353.6  57.3 9.25E-06 003.1 118.8 -19.0 0.046556 0.022919 0.008428 hargrave 2021-04-28 15:02:38 
TT 150 336.7  09.8 358.6  56.9 8.95E-06 002.1 121.7 -19.8 0.031308 0.013840 0.011686 hargrave 2021-05-20 14:22:55 
TT 200 334.6  07.3 352.9  56.0 8.64E-06 002.4 118.2 -20.2 0.031697 0.019281 0.008889 hargrave 2021-05-21 09:25:28 
TT 250 332.6  06.9 349.5  56.6 8.18E-06 002.3 116.4 -19.1 0.027769 0.020086 0.009012 hargrave 2021-05-21 15:41:00 
TT 300 332.4  02.9 346.0  53.2 7.21E-06 001.7 113.2 -21.8 0.018260 0.015586 0.006349 hargrave 2021-05-27 12:56:11 
TT 350 328.2  00.8 338.2  52.9 6.52E-06 004.5 108.4 -20.2 0.048031 0.021636 0.007109 hargrave 2021-05-28 09:12:50 
TT 375 327.5 -00.8 336.3  51.6 6.18E-06 003.5 106.8 -20.8 0.034194 0.018175 0.007114 hargrave 2021-05-28 16:57:18 
TT 400 328.8  00.6 339.0  52.5 5.89E-06 002.5 108.8 -20.7 0.026258 0.008373 0.006412 hargrave 2021-05-31 17:36:31 
TT 400 328.8  00.8 339.1  52.7 5.86E-06 002.5 108.9 -20.6 0.026123 0.008579 0.008182 hargrave 2021-05-31 19:24:01 
TT 425 328.0  01.5 338.3  53.6 5.92E-06 001.4 108.9 -19.6 0.011283 0.017850 0.009223 hargrave 2021-06-01 14:37:12 
TT 425 328.0  01.4 338.2  53.5 5.89E-06 001.3 108.8 -19.6 0.010496 0.021119 0.010286 hargrave 2021-06-01 16:21:11 
TT 450 332.6  03.6 346.8  53.7 6.15E-06 001.4 113.9 -21.4 0.010579 0.024229 0.004749 hargrave 2021-06-07 16:04:35 
TT 475 336.9  12.7   2.2  59.1 6.85E-06 003.0 123.8 -17.7 0.019150 0.042282 0.011108 hargrave 2021-06-08 14:16:21 
TT 500 346.9  19.9  24.6  57.0 6.56E-06 001.1 136.4 -18.0 0.024047 0.017674 0.004014 hargrave 2021-06-09 09:20:26 
TT 515 351.5  14.7  22.0  50.4 6.24E-06 003.5 137.2 -24.8 0.012220 0.048327 0.008832 hargrave 2021-06-09 17:55:29 
TT 530 344.5  14.5  14.4  55.4 7.45E-06 004.9 131.1 -21.0 0.026464 0.067246 0.006753 hargrave 2021-06-10 18:41:05 
TT 540 344.3  21.1  23.8  59.7 5.12E-06 004.9 135.1 -15.7 0.014260 0.067263 0.024406 hargrave 2021-06-14 16:24:19 
TT 550 348.9  08.1  11.9  47.8 5.28E-06 008.3 130.6 -28.8 0.013860 0.101142 0.012623 hargrave 2021-06-15 15:34:42 
TT 550 354.4  06.2  15.4  42.6 4.55E-06 008.2 134.5 -33.5 0.036097 0.056765 0.005365 hargrave 2021-06-15 18:19:30 
TT 560 345.0  25.3  31.8  61.3 4.39E-06 010.9 138.1 -12.6 0.014744 0.117729 0.014396 hargrave 2021-06-16 17:02:00 
TT 560 354.7  30.7  47.8  55.6 2.85E-06 013.2 148.5 -12.6 0.011093 0.073904 0.004847 hargrave 2021-06-17 10:35:31 
TT 560 348.5  27.3  38.2  59.4 3.13E-06 009.8 142.0 -12.7 0.012658 0.062156 0.003208 hargrave 2021-06-17 11:50:14 
TT 565 034.9  11.3  48.0  13.6 2.22E-06 027.5 184.8 -39.6 0.020382 0.112920 0.016793 hargrave 2021-06-17 17:05:22 
TT 565 077.4 -10.2  55.6 -33.2 2.21E-06 016.3 247.8 -39.8 0.015203 0.080396 0.003398 hargrave 2021-06-18 10:03:58 
TT 568 024.6  45.9  78.3  37.0 3.23E-06 027.3 175.5 -04.9 0.027106 0.164861 0.026364 hargrave 2021-06-18 15:03:01 
TT 568 094.6  43.0 106.2  -3.9 2.49E-06 014.4 221.6  10.1 0.014902 0.073536 0.003670 hargrave 2021-06-21 10:11:48 
TT 571 059.7  35.0  80.9   8.5 2.70E-06 030.9 203.6 -11.4 0.032414 0.159140 0.015391 hargrave 2021-06-21 15:15:56 
TT 571 034.3  34.4  68.9  25.9 1.86E-06 015.3 182.8 -16.6 0.045877 0.040424 0.013454 hargrave 2021-06-22 09:17:22 
TT 574 311.4  18.6 306.2  73.1 3.83E-06 006.7 110.9  04.0 0.023508 0.131611 0.016722 hargrave 2021-07-07 17:06:20 
TT 576 030.8  34.0  67.0  28.3 6.26E-06 012.8 179.7 -17.0 0.042205 0.141328 0.020720 hargrave 2021-07-08 18:54:46 
