CS9- 7 mag compass orientation (IGRF corrected)
    5.7 300.1  59.0  43.7  54.6   1.0
NRM    000.7  56.2  92.1  52.2 2.92E-05 003.0 164.2  00.8 0.060876 0.148182 0.041973 hargrave 2021-04-26 14:43:06 
TT 100 343.2  35.9  53.6  66.1 9.09E-06 003.5 143.1 -09.9 0.029897 0.049223 0.007081 hargrave 2021-04-28 15:07:01 
TT 150 334.9  28.6  28.9  70.8 8.52E-06 011.2 132.8 -10.6 0.119705 0.120481 0.009457 hargrave 2021-05-20 14:27:20 
TT 150 344.0  35.6  53.1  65.4 8.56E-06 002.2 143.4 -10.6 0.040440 0.030936 0.009323 hargrave 2021-05-20 15:56:34 
TT 200 337.5  30.7  37.2  69.6 7.79E-06 008.2 136.0 -10.7 0.075601 0.084950 0.005544 hargrave 2021-05-21 09:29:37 
TT 200 345.0  35.9  54.1  64.7 7.74E-06 002.9 144.2 -10.8 0.019341 0.036154 0.006643 hargrave 2021-05-21 10:46:15 
TT 250 338.2  30.5  37.2  68.9 7.27E-06 006.4 136.3 -11.2 0.052995 0.063201 0.007488 hargrave 2021-05-21 15:45:24 
TT 300 343.4  32.9  46.5  65.4 6.56E-06 001.2 141.3 -12.3 0.012857 0.012290 0.006317 hargrave 2021-05-27 13:00:35 
TT 350 332.7  25.5  17.7  70.9 5.64E-06 001.1 129.2 -11.2 0.011564 0.008503 0.004626 hargrave 2021-05-28 09:17:14 
TT 375 333.2  26.0  19.7  70.8 5.14E-06 004.7 129.9 -11.2 0.030646 0.031034 0.003711 hargrave 2021-05-28 17:01:41 
TT 400 331.2  21.9   6.9  69.6 4.77E-06 002.8 125.4 -12.7 0.016152 0.018733 0.004842 hargrave 2021-05-31 17:40:56 
TT 400 331.3  22.0   7.3  69.6 4.73E-06 003.0 125.7 -12.6 0.015288 0.022784 0.004019 hargrave 2021-05-31 19:28:27 
TT 425 327.7  17.9 352.7  68.5 4.27E-06 003.4 120.2 -12.7 0.017432 0.021477 0.002736 hargrave 2021-06-01 14:41:37 
TT 425 327.9  17.8 353.0  68.4 4.26E-06 003.4 120.2 -12.9 0.017086 0.022372 0.003294 hargrave 2021-06-01 16:25:37 
TT 450 330.1  21.1   3.2  69.7 4.29E-06 007.5 124.2 -12.4 0.039233 0.042085 0.006374 hargrave 2021-06-07 16:08:59 
TT 475 331.4  23.2  10.0  70.4 4.52E-06 001.6 126.6 -11.9 0.009005 0.020353 0.003214 hargrave 2021-06-08 14:20:47 
TT 500 334.1  17.6   4.5  64.6 4.32E-06 002.2 124.0 -17.6 0.007959 0.023267 0.004381 hargrave 2021-06-09 09:24:51 
TT 515 330.1  22.7   6.4  70.9 4.48E-06 001.5 125.5 -11.3 0.012589 0.022713 0.004416 hargrave 2021-06-09 17:59:55 
TT 530 337.9  16.9   9.3  61.6 4.67E-06 007.2 126.1 -20.7 0.026122 0.065045 0.010302 hargrave 2021-06-10 18:45:31 
TT 540 331.1  23.7  10.6  70.9 4.02E-06 003.1 126.8 -11.4 0.008992 0.039372 0.003795 hargrave 2021-06-14 16:28:01 
TT 550 336.8  20.4  13.4  64.8 3.08E-06 005.6 128.0 -17.5 0.008691 0.052369 0.005993 hargrave 2021-06-15 15:39:07 
TT 560 353.0  31.6  48.5  57.2 1.93E-06 018.0 147.2 -18.2 0.005949 0.070019 0.004942 hargrave 2021-06-16 17:06:24 
TT 560 012.9  28.9  53.8  40.2 1.31E-06 022.0 163.0 -27.9 0.008625 0.052675 0.004394 hargrave 2021-06-17 10:37:05 
TT 560 003.0  26.8  46.3  47.4 1.40E-06 016.2 152.9 -26.7 0.008278 0.042057 0.004623 hargrave 2021-06-17 11:51:48 
TT 565 338.6 -04.4 349.3  43.8 1.95E-06 015.9 108.0 -34.8 0.008535 0.070322 0.009335 hargrave 2021-06-17 17:09:46 
TT 565 357.0 -29.3 351.7  13.5 1.42E-06 013.2 084.8 -61.5 0.006539 0.037827 0.003474 hargrave 2021-06-18 10:06:58 
TT 568 239.7  64.8 165.1  38.3 1.57E-06 025.7 160.2  51.6 0.013364 0.077761 0.018770 hargrave 2021-06-18 15:09:34 
TT 568 174.2  35.1 166.4 -10.0 1.48E-06 013.3 252.4  59.8 0.010772 0.041620 0.013649 hargrave 2021-06-21 10:17:28 
