CS9- 5 mag compass orientation (IGRF corrected)
    5.9 298.1  48.0  43.7  54.6   1.0
NRM    005.4  50.1  81.8  50.2 4.15E-05 008.4 165.6  04.2 0.134515 0.594567 0.054592 hargrave 2021-04-26 14:40:09 
NRM    007.4  49.8  81.3  48.9 4.14E-05 008.2 166.8  03.6 0.126096 0.582470 0.034302 hargrave 2021-04-26 15:59:55 
TT 100 354.4  27.9  43.0  54.8 1.36E-05 001.5 149.7 -13.5 0.028481 0.026265 0.022448 hargrave 2021-04-28 15:04:05 
TT 150 344.1  23.3  27.3  61.0 1.31E-05 004.6 139.1 -13.1 0.063712 0.088694 0.013170 hargrave 2021-05-20 14:24:22 
TT 200 345.1  22.3  26.6  59.7 1.24E-05 001.6 139.4 -14.4 0.023460 0.028366 0.019385 hargrave 2021-05-21 09:26:53 
TT 250 341.5  20.7  20.0  61.6 1.18E-05 003.5 135.5 -14.0 0.048429 0.055433 0.018649 hargrave 2021-05-21 15:42:27 
TT 300 343.1  20.4  21.4  60.2 1.07E-05 001.7 136.7 -15.0 0.020754 0.019898 0.025152 hargrave 2021-05-27 12:57:38 
TT 350 344.4  22.5  26.3  60.4 9.73E-06 002.3 138.9 -13.9 0.025204 0.028563 0.019284 hargrave 2021-05-28 09:14:17 
TT 375 343.3  20.9  22.4  60.3 9.32E-06 003.8 137.1 -14.7 0.038784 0.044189 0.025598 hargrave 2021-05-28 16:58:44 
TT 400 340.9  19.2  16.9  61.1 8.56E-06 001.8 134.1 -14.9 0.017832 0.017844 0.019735 hargrave 2021-05-31 17:37:59 
TT 400 341.9  19.7  18.9  60.6 8.54E-06 002.6 135.2 -15.0 0.024064 0.029605 0.019051 hargrave 2021-05-31 19:25:28 
TT 425 338.8  17.5  11.5  61.4 8.25E-06 004.6 131.5 -15.1 0.043137 0.048395 0.022657 hargrave 2021-06-01 14:38:40 
TT 425 339.8  18.2  13.9  61.2 8.22E-06 005.8 132.7 -15.1 0.054390 0.062964 0.022782 hargrave 2021-06-01 16:22:39 
TT 450 341.9  21.7  22.2  61.8 9.17E-06 003.4 136.4 -13.3 0.027622 0.048724 0.021550 hargrave 2021-06-07 16:06:02 
TT 475 348.2  27.3  38.0  59.6 1.22E-05 004.3 144.4 -11.5 0.039265 0.086988 0.027679 hargrave 2021-06-08 14:17:48 
TT 500 351.7  31.9  48.4  58.4 1.50E-05 002.5 149.4 -08.9 0.059534 0.046035 0.013628 hargrave 2021-06-09 09:21:53 
TT 515 355.2  31.2  48.9  55.3 1.52E-05 007.1 151.7 -10.8 0.068016 0.181069 0.019102 hargrave 2021-06-09 17:56:57 
TT 530 337.1  29.2  32.9  69.3 1.43E-05 007.7 137.1 -04.7 0.104014 0.170080 0.025189 hargrave 2021-06-10 18:42:33 
TT 540 358.9  32.9  53.2  52.8 1.28E-05 006.8 155.4 -10.4 0.045463 0.149004 0.009118 hargrave 2021-06-14 16:25:33 
TT 550 355.4  30.3  47.5  54.9 1.39E-05 004.8 151.6 -11.7 0.029202 0.123425 0.021052 hargrave 2021-06-15 15:36:09 
TT 560 000.9  40.3  65.8  52.9 1.21E-05 004.6 159.6 -04.1 0.026353 0.105781 0.009088 hargrave 2021-06-16 17:03:27 
TT 565 006.5  30.6  53.1  46.0 1.08E-05 006.0 160.9 -14.7 0.024395 0.119974 0.011918 hargrave 2021-06-17 17:06:49 
TT 568 034.6  42.3  77.1  29.0 4.81E-06 013.2 184.8 -05.5 0.028169 0.110684 0.006948 hargrave 2021-06-18 15:06:38 
TT 568 068.6  39.6  89.1   6.0 4.14E-06 010.5 210.1 -00.5 0.017096 0.080897 0.004263 hargrave 2021-06-21 10:13:21 
TT 571 051.3  57.9  97.9  25.7 4.86E-06 018.0 192.3  11.8 0.032580 0.153773 0.023195 hargrave 2021-06-21 15:18:45 
TT 571 047.5  60.6  99.8  28.6 4.00E-06 004.9 189.7  13.8 0.050355 0.023383 0.003221 hargrave 2021-06-22 09:18:55 
TT 574 334.1  18.0   5.1  64.9 4.36E-06 012.2 128.1 -12.1 0.014883 0.135281 0.023168 hargrave 2021-07-07 17:09:09 
