CS9- 3 mag compass orientation (IGRF corrected)
    4.8 295.1  38.0  43.7  54.6   1.0
NRM    358.3  45.6  74.6  55.1 2.81E-05 005.6 161.3  10.3 0.079688 0.258919 0.062800 hargrave 2021-04-26 14:37:11 
TT 100 332.9  14.6 358.2  63.0 1.18E-05 001.3 129.1 -09.6 0.021347 0.018471 0.017218 hargrave 2021-04-28 15:01:08 
TT 150 333.4  15.0 359.6  63.0 1.15E-05 002.5 129.8 -09.5 0.036395 0.034206 0.021141 hargrave 2021-05-20 14:21:25 
TT 200 334.6  15.0   1.6  62.3 1.10E-05 002.0 130.8 -10.0 0.029163 0.026423 0.016759 hargrave 2021-05-21 09:23:59 
TT 250 332.7  14.4 357.6  62.9 1.04E-05 002.6 128.8 -09.6 0.035388 0.031769 0.017284 hargrave 2021-05-21 15:39:31 
TT 300 334.2  13.9 359.5  61.7 9.36E-06 003.4 130.0 -10.8 0.041203 0.038040 0.016696 hargrave 2021-05-27 12:54:40 
TT 350 330.9  11.4 350.9  61.4 8.60E-06 001.3 125.8 -11.4 0.015845 0.012090 0.013316 hargrave 2021-05-28 09:11:20 
TT 375 334.9  13.6   0.2  61.0 8.30E-06 004.7 130.3 -11.4 0.050302 0.044905 0.016733 hargrave 2021-05-28 16:55:47 
TT 400 332.6  11.4 353.9  60.5 7.66E-06 001.7 127.3 -12.2 0.017881 0.012007 0.013504 hargrave 2021-05-31 17:35:00 
TT 400 332.9  11.5 354.5  60.4 7.65E-06 001.4 127.6 -12.3 0.016066 0.011067 0.012758 hargrave 2021-05-31 19:22:32 
TT 425 324.9  07.8 336.7  60.6 7.53E-06 002.2 118.7 -11.3 0.027402 0.010945 0.012209 hargrave 2021-06-01 14:35:43 
TT 425 325.1  07.9 337.2  60.6 7.51E-06 002.0 119.0 -11.3 0.025410 0.010129 0.013225 hargrave 2021-06-01 16:19:41 
TT 450 332.5  13.1 355.6  62.0 8.48E-06 002.0 128.1 -10.7 0.018343 0.028381 0.012416 hargrave 2021-06-07 16:03:05 
TT 475 338.9  19.2  14.3  62.5 9.74E-06 001.3 136.5 -08.2 0.020924 0.020241 0.017344 hargrave 2021-06-08 14:14:49 
TT 500 339.2  14.8   8.2  59.2 1.13E-05 001.2 134.8 -12.3 0.031337 0.017484 0.011102 hargrave 2021-06-09 09:18:56 
TT 515 338.1  20.8  15.9  64.1 1.08E-05 001.7 136.5 -06.5 0.020973 0.037137 0.014747 hargrave 2021-06-09 17:53:58 
TT 530 343.7  11.4   9.7  53.8 1.01E-05 002.4 137.2 -17.3 0.019224 0.053420 0.011606 hargrave 2021-06-10 18:39:35 
TT 540 351.7  17.2  25.4  51.7 8.32E-06 003.3 147.0 -14.9 0.013499 0.055694 0.011456 hargrave 2021-06-14 16:23:05 
TT 550 339.6  10.6   3.5  55.8 6.97E-06 002.5 133.1 -16.2 0.020397 0.058897 0.016810 hargrave 2021-06-15 15:33:12 
TT 560 344.7  28.1  36.9  62.8 6.26E-06 008.5 145.1 -02.4 0.014464 0.110288 0.004645 hargrave 2021-06-16 17:00:30 
TT 560 348.5  31.0  45.1  60.7 5.14E-06 010.4 149.3 -01.0 0.031150 0.093307 0.005440 hargrave 2021-06-17 10:34:01 
TT 560 344.3  28.3  37.0  63.2 5.34E-06 003.3 144.8 -02.1 0.013357 0.037864 0.005116 hargrave 2021-06-17 11:48:44 
TT 565 025.1  51.5  85.2  38.0 3.69E-06 017.1 180.0  13.5 0.018464 0.112942 0.011560 hargrave 2021-06-17 17:03:51 
TT 565 058.1  51.4  94.0  19.0 3.23E-06 013.9 200.8  17.1 0.014386 0.080736 0.004291 hargrave 2021-06-18 10:02:28 
TT 568 323.2  28.2   4.6  79.2 6.16E-06 004.2 128.5  06.7 0.041874 0.112518 0.006757 hargrave 2021-06-18 15:01:14 
TT 571 023.5  37.6  68.2  35.2 5.83E-06 014.3 178.7 -00.4 0.024647 0.147327 0.024356 hargrave 2021-06-21 15:14:09 
TT 571 004.3  39.7  65.5  50.2 5.13E-06 007.4 164.1  03.4 0.053366 0.014057 0.062172 hargrave 2021-06-22 09:15:35 
TT 574 332.2  50.0  96.8  70.2 5.56E-06 014.5 146.6  21.4 0.028008 0.154641 0.044126 hargrave 2021-07-07 17:04:33 
