CS9- 6 mag compass orientation (IGRF corrected)
      6 295.1  55.0  43.7  54.6   1.0
NRM    343.6  40.7  65.5  66.0 3.12E-05 004.0 149.7 -05.2 0.120931 0.187086 0.023220 hargrave 2021-04-26 14:41:36 
TT 100 315.6 -08.9 316.4  45.7 1.30E-05 018.8 094.4 -21.8 0.441820 0.041887 0.010634 hargrave 2021-04-28 15:05:33 
TT 100 324.8  04.2 334.4  57.2 1.36E-05 003.0 111.7 -21.3 0.066582 0.031597 0.009893 hargrave 2021-04-28 16:28:12 
TT 150 326.2  06.3 338.2  58.7 1.36E-05 004.2 114.3 -21.0 0.088819 0.049498 0.011191 hargrave 2021-05-20 14:25:49 
TT 200 323.0  03.3 330.8  56.8 1.32E-05 001.5 109.6 -20.5 0.031011 0.020794 0.010680 hargrave 2021-05-21 09:28:17 
TT 250 320.8  01.5 326.3  55.5 1.26E-05 003.3 106.6 -19.9 0.068539 0.029396 0.010412 hargrave 2021-05-21 15:43:54 
TT 300 321.6  00.4 327.3  54.2 1.16E-05 004.2 106.3 -21.2 0.081613 0.031013 0.010083 hargrave 2021-05-27 12:59:05 
TT 350 317.3 -04.0 319.3  50.5 1.13E-05 002.3 099.8 -20.4 0.044603 0.016992 0.009588 hargrave 2021-05-28 09:15:44 
TT 375 316.3 -06.5 317.6  48.0 1.07E-05 004.1 097.0 -21.0 0.075103 0.020116 0.008208 hargrave 2021-05-28 17:00:11 
TT 400 316.6 -05.2 318.1  49.3 1.03E-05 002.3 098.3 -20.5 0.040458 0.013239 0.010717 hargrave 2021-05-31 17:39:25 
TT 400 316.2 -05.3 317.5  49.2 1.03E-05 002.6 098.0 -20.3 0.045600 0.013552 0.009108 hargrave 2021-05-31 19:26:55 
TT 425 316.3 -05.7 317.6  48.8 9.58E-06 001.9 097.7 -20.6 0.031559 0.014743 0.007847 hargrave 2021-06-01 14:40:06 
TT 425 315.9 -05.5 317.0  49.0 9.56E-06 002.0 097.6 -20.2 0.033080 0.014121 0.010312 hargrave 2021-06-01 16:24:06 
TT 450 315.3 -07.1 316.0  47.5 9.62E-06 001.2 095.8 -20.6 0.015362 0.022262 0.009222 hargrave 2021-06-07 16:07:29 
TT 475 319.1 -03.3 322.3  51.0 9.68E-06 001.1 101.6 -21.4 0.017325 0.027467 0.008136 hargrave 2021-06-08 14:19:16 
TT 500 321.1  00.7 326.6  54.6 9.35E-06 001.3 106.2 -20.6 0.017188 0.028235 0.007689 hargrave 2021-06-09 09:23:20 
TT 515 321.1 -00.3 326.2  53.6 9.39E-06 002.6 105.4 -21.2 0.030316 0.046673 0.009141 hargrave 2021-06-09 17:58:24 
TT 530 327.5 -02.1 335.6  50.3 9.66E-06 003.0 108.2 -27.4 0.034829 0.062725 0.027474 hargrave 2021-06-10 18:44:00 
TT 540 318.6 -02.3 321.7  52.0 8.43E-06 002.3 102.0 -20.5 0.033187 0.041017 0.007625 hargrave 2021-06-14 16:26:47 
TT 550 326.1  02.0 335.5  54.7 7.87E-06 002.0 110.7 -23.7 0.014961 0.059975 0.007873 hargrave 2021-06-15 15:37:36 
TT 560 327.2  15.3 348.2  66.5 6.45E-06 007.6 122.0 -15.6 0.029535 0.097866 0.026323 hargrave 2021-06-16 17:04:54 
TT 565 334.3 -00.0 346.7  49.7 4.18E-06 008.9 115.0 -31.2 0.010216 0.085668 0.012716 hargrave 2021-06-17 17:08:15 
TT 565 341.6 -09.6 349.5  37.9 3.32E-06 009.8 112.0 -43.0 0.029196 0.060305 0.004124 hargrave 2021-06-18 10:05:27 
TT 568 026.7  42.5  74.8  34.5 2.81E-06 020.7 181.2 -12.5 0.016286 0.105784 0.008089 hargrave 2021-06-18 15:08:07 
TT 568 076.2  30.1  86.6  -5.1 2.29E-06 016.3 223.0 -09.0 0.014518 0.069897 0.022009 hargrave 2021-06-21 10:14:51 
TT 571 024.4  25.1  55.1  29.3 3.44E-06 017.8 179.3 -29.9 0.017464 0.110512 0.013978 hargrave 2021-06-21 15:20:14 
TT 571 016.9  17.4  43.3  31.6 3.02E-06 006.4 170.2 -37.0 0.030852 0.032181 0.002090 hargrave 2021-06-22 09:20:25 
TT 574 333.1  40.1  66.6  74.0 5.36E-06 008.8 143.0 -00.9 0.018138 0.106256 0.024641 hargrave 2021-07-07 17:10:38 
